,attributes,datatype,date,station,value
0,",,N,",PRCP,2018-01-01T00:00:00,GHCND:US1WAWW0009,0
1,",,7,0900",PRCP,2018-01-01T00:00:00,GHCND:USC00355593,0
2,",,7,0900",TMAX,2018-01-01T00:00:00,GHCND:USC00355593,-11
3,",,7,0900",TMIN,2018-01-01T00:00:00,GHCND:USC00355593,-33
4,",,7,1700",PRCP,2018-01-01T00:00:00,GHCND:USC00454679,0
5,",,7,",SNOW,2018-01-01T00:00:00,GHCND:USC00454679,0
6,"T,,7,1700",SNWD,2018-01-01T00:00:00,GHCND:USC00454679,0
7,",,7,1700",TMAX,2018-01-01T00:00:00,GHCND:USC00454679,6
8,",,7,1700",TMIN,2018-01-01T00:00:00,GHCND:USC00454679,-33
9,",,7,1700",TOBS,2018-01-01T00:00:00,GHCND:USC00454679,-6
10,",,W,",AWND,2018-01-01T00:00:00,GHCND:USW00024160,11
11,"T,,W,",PRCP,2018-01-01T00:00:00,GHCND:USW00024160,0
12,"T,,W,",SNOW,2018-01-01T00:00:00,GHCND:USW00024160,0
13,",,W,",SNWD,2018-01-01T00:00:00,GHCND:USW00024160,0
14,",,W,",TMAX,2018-01-01T00:00:00,GHCND:USW00024160,-10
15,",,W,",TMIN,2018-01-01T00:00:00,GHCND:USW00024160,-27
16,",,W,",WDF2,2018-01-01T00:00:00,GHCND:USW00024160,210
17,",,W,",WDF5,2018-01-01T00:00:00,GHCND:USW00024160,220
18,",,W,",WSF2,2018-01-01T00:00:00,GHCND:USW00024160,31
19,",,W,",WSF5,2018-01-01T00:00:00,GHCND:USW00024160,36
20,",,W,",WT01,2018-01-01T00:00:00,GHCND:USW00024160,1
21,",,W,",WT08,2018-01-01T00:00:00,GHCND:USW00024160,1
22,",,N,",PRCP,2018-01-02T00:00:00,GHCND:US1WAWW0009,0
23,",,N,",SNOW,2018-01-02T00:00:00,GHCND:US1WAWW0009,0
24,",,N,",PRCP,2018-01-02T00:00:00,GHCND:US1WAWW0014,0
25,",,7,0900",PRCP,2018-01-02T00:00:00,GHCND:USC00355593,0
26,",,7,0900",TMAX,2018-01-02T00:00:00,GHCND:USC00355593,-11
27,",,7,0900",TMIN,2018-01-02T00:00:00,GHCND:USC00355593,-28
28,",,7,0900",TOBS,2018-01-02T00:00:00,GHCND:USC00355593,-22
29,",,7,1700",PRCP,2018-01-02T00:00:00,GHCND:USC00454679,0
30,",,7,",SNOW,2018-01-02T00:00:00,GHCND:USC00454679,0
31,"T,,7,1700",SNWD,2018-01-02T00:00:00,GHCND:USC00454679,0
32,",,7,1700",TMAX,2018-01-02T00:00:00,GHCND:USC00454679,-6
33,",,7,1700",TMIN,2018-01-02T00:00:00,GHCND:USC00454679,-17
34,",,7,1700",TOBS,2018-01-02T00:00:00,GHCND:USC00454679,-11
35,",,7,0800",PRCP,2018-01-02T00:00:00,GHCND:USC00455387,0
36,",,7,",DAPR,2018-01-02T00:00:00,GHCND:USC00459200,2
37,"T,,7,",MDPR,2018-01-02T00:00:00,GHCND:USC00459200,0
38,",,7,0800",SNWD,2018-01-02T00:00:00,GHCND:USC00459200,51
39,",,7,0800",TMAX,2018-01-02T00:00:00,GHCND:USC00459200,-17
40,",,7,0800",TMIN,2018-01-02T00:00:00,GHCND:USC00459200,-39
41,",,7,0800",TOBS,2018-01-02T00:00:00,GHCND:USC00459200,-28
42,",,7,",WDMV,2018-01-02T00:00:00,GHCND:USC00459200,11
43,",,W,",AWND,2018-01-02T00:00:00,GHCND:USW00024160,11
44,",,W,",PRCP,2018-01-02T00:00:00,GHCND:USW00024160,0
45,",,W,",SNOW,2018-01-02T00:00:00,GHCND:USW00024160,0
46,",,W,",SNWD,2018-01-02T00:00:00,GHCND:USW00024160,0
47,",,W,",TMAX,2018-01-02T00:00:00,GHCND:USW00024160,-5
48,",,W,",TMIN,2018-01-02T00:00:00,GHCND:USW00024160,-21
49,",,W,",WDF2,2018-01-02T00:00:00,GHCND:USW00024160,220
50,",,W,",WDF5,2018-01-02T00:00:00,GHCND:USW00024160,250
51,",,W,",WSF2,2018-01-02T00:00:00,GHCND:USW00024160,31
52,",,W,",WSF5,2018-01-02T00:00:00,GHCND:USW00024160,36
53,",,W,",WT01,2018-01-02T00:00:00,GHCND:USW00024160,1
54,",,N,",PRCP,2018-01-03T00:00:00,GHCND:US1WAWW0009,0
55,",,N,",SNOW,2018-01-03T00:00:00,GHCND:US1WAWW0009,0
56,"T,,N,",PRCP,2018-01-03T00:00:00,GHCND:US1WAWW0014,0
57,",,7,0900",PRCP,2018-01-03T00:00:00,GHCND:USC00355593,0
58,",,7,0900",TMAX,2018-01-03T00:00:00,GHCND:USC00355593,-11
59,",,7,0900",TMIN,2018-01-03T00:00:00,GHCND:USC00355593,-33
60,",,7,0900",TOBS,2018-01-03T00:00:00,GHCND:USC00355593,-28
61,",,7,1700",PRCP,2018-01-03T00:00:00,GHCND:USC00454679,0
62,",,7,",SNOW,2018-01-03T00:00:00,GHCND:USC00454679,0
63,"T,,7,1700",SNWD,2018-01-03T00:00:00,GHCND:USC00454679,0
64,",,7,1700",TMAX,2018-01-03T00:00:00,GHCND:USC00454679,39
65,",,7,1700",TMIN,2018-01-03T00:00:00,GHCND:USC00454679,-28
66,",,7,1700",TOBS,2018-01-03T00:00:00,GHCND:USC00454679,11
67,",,7,0800",PRCP,2018-01-03T00:00:00,GHCND:USC00455387,0
68,",,7,0800",PRCP,2018-01-03T00:00:00,GHCND:USC00459200,3
69,",,7,0800",SNWD,2018-01-03T00:00:00,GHCND:USC00459200,51
70,",,7,0800",TMAX,2018-01-03T00:00:00,GHCND:USC00459200,-11
71,",,7,0800",TMIN,2018-01-03T00:00:00,GHCND:USC00459200,-28
72,",,7,0800",TOBS,2018-01-03T00:00:00,GHCND:USC00459200,-28
73,",,7,",WDMV,2018-01-03T00:00:00,GHCND:USC00459200,16
74,",,W,",AWND,2018-01-03T00:00:00,GHCND:USW00024160,15
75,"T,,W,",PRCP,2018-01-03T00:00:00,GHCND:USW00024160,0
76,"T,,W,",SNOW,2018-01-03T00:00:00,GHCND:USW00024160,0
77,",,W,",SNWD,2018-01-03T00:00:00,GHCND:USW00024160,0
78,",,W,",TMAX,2018-01-03T00:00:00,GHCND:USW00024160,-16
79,",,W,",TMIN,2018-01-03T00:00:00,GHCND:USW00024160,-27
80,",,W,",WDF2,2018-01-03T00:00:00,GHCND:USW00024160,240
81,",,W,",WDF5,2018-01-03T00:00:00,GHCND:USW00024160,250
82,",,W,",WSF2,2018-01-03T00:00:00,GHCND:USW00024160,31
83,",,W,",WSF5,2018-01-03T00:00:00,GHCND:USW00024160,31
84,",,W,",WT01,2018-01-03T00:00:00,GHCND:USW00024160,1
85,",,W,",WT02,2018-01-03T00:00:00,GHCND:USW00024160,1
86,",,W,",WT04,2018-01-03T00:00:00,GHCND:USW00024160,1
87,",,N,",PRCP,2018-01-04T00:00:00,GHCND:US1WAWW0009,0
88,",,N,",SNOW,2018-01-04T00:00:00,GHCND:US1WAWW0009,0
89,",,7,0900",PRCP,2018-01-04T00:00:00,GHCND:USC00355593,0
90,",,7,0900",TMAX,2018-01-04T00:00:00,GHCND:USC00355593,-6
91,",,7,0900",TMIN,2018-01-04T00:00:00,GHCND:USC00355593,-28
92,",,7,0900",TOBS,2018-01-04T00:00:00,GHCND:USC00355593,-17
93,"T,,7,1700",PRCP,2018-01-04T00:00:00,GHCND:USC00454679,0
94,",,7,",SNOW,2018-01-04T00:00:00,GHCND:USC00454679,0
95,"T,,7,1700",SNWD,2018-01-04T00:00:00,GHCND:USC00454679,0
96,",,7,1700",TMAX,2018-01-04T00:00:00,GHCND:USC00454679,11
97,",,7,1700",TMIN,2018-01-04T00:00:00,GHCND:USC00454679,-44
98,",,7,1700",TOBS,2018-01-04T00:00:00,GHCND:USC00454679,0
99,",,7,0800",PRCP,2018-01-04T00:00:00,GHCND:USC00455387,0
100,",,7,",DAPR,2018-01-04T00:00:00,GHCND:USC00458932,4
101,",,7,",MDPR,2018-01-04T00:00:00,GHCND:USC00458932,0
102,",,7,",SNOW,2018-01-04T00:00:00,GHCND:USC00458932,0
103,",,7,0400",SNWD,2018-01-04T00:00:00,GHCND:USC00458932,0
104,",,7,0800",PRCP,2018-01-04T00:00:00,GHCND:USC00459200,0
105,",,7,0800",SNWD,2018-01-04T00:00:00,GHCND:USC00459200,51
106,",,7,0800",TMAX,2018-01-04T00:00:00,GHCND:USC00459200,-17
107,",,7,0800",TMIN,2018-01-04T00:00:00,GHCND:USC00459200,-33
108,",,7,0800",TOBS,2018-01-04T00:00:00,GHCND:USC00459200,-22
109,",,7,",WDMV,2018-01-04T00:00:00,GHCND:USC00459200,2
110,",,W,",AWND,2018-01-04T00:00:00,GHCND:USW00024160,12
111,"T,,W,",PRCP,2018-01-04T00:00:00,GHCND:USW00024160,0
112,",,W,",SNOW,2018-01-04T00:00:00,GHCND:USW00024160,0
113,",,W,",SNWD,2018-01-04T00:00:00,GHCND:USW00024160,0
114,",,W,",TMAX,2018-01-04T00:00:00,GHCND:USW00024160,-5
115,",,W,",TMIN,2018-01-04T00:00:00,GHCND:USW00024160,-16
116,",,W,",WDF2,2018-01-04T00:00:00,GHCND:USW00024160,200
117,",,W,",WDF5,2018-01-04T00:00:00,GHCND:USW00024160,200
118,",,W,",WSF2,2018-01-04T00:00:00,GHCND:USW00024160,40
119,",,W,",WSF5,2018-01-04T00:00:00,GHCND:USW00024160,49
120,",,W,",WT01,2018-01-04T00:00:00,GHCND:USW00024160,1
121,"T,,N,",PRCP,2018-01-05T00:00:00,GHCND:US1WAWW0009,0
122,",,N,",SNOW,2018-01-05T00:00:00,GHCND:US1WAWW0009,0
123,",,N,",SNWD,2018-01-05T00:00:00,GHCND:US1WAWW0009,0
124,",,7,0900",PRCP,2018-01-05T00:00:00,GHCND:USC00355593,3
125,",,7,0900",TMAX,2018-01-05T00:00:00,GHCND:USC00355593,11
126,",,7,0900",TMIN,2018-01-05T00:00:00,GHCND:USC00355593,-22
127,",,7,0900",TOBS,2018-01-05T00:00:00,GHCND:USC00355593,-11
128,",,7,1700",PRCP,2018-01-05T00:00:00,GHCND:USC00454679,10
129,",,7,",SNOW,2018-01-05T00:00:00,GHCND:USC00454679,0
130,"T,,7,1700",SNWD,2018-01-05T00:00:00,GHCND:USC00454679,0
131,",,7,1700",TMAX,2018-01-05T00:00:00,GHCND:USC00454679,28
132,",,7,1700",TMIN,2018-01-05T00:00:00,GHCND:USC00454679,-22
133,",,7,1700",TOBS,2018-01-05T00:00:00,GHCND:USC00454679,17
134,",,7,0800",PRCP,2018-01-05T00:00:00,GHCND:USC00455387,0
135,",,7,0400",PRCP,2018-01-05T00:00:00,GHCND:USC00458932,0
136,",,7,",SNOW,2018-01-05T00:00:00,GHCND:USC00458932,0
137,",,7,0400",SNWD,2018-01-05T00:00:00,GHCND:USC00458932,0
138,"T,,7,0800",PRCP,2018-01-05T00:00:00,GHCND:USC00459200,0
139,",,7,0800",SNWD,2018-01-05T00:00:00,GHCND:USC00459200,51
140,",,7,0800",TMAX,2018-01-05T00:00:00,GHCND:USC00459200,0
141,",,7,0800",TMIN,2018-01-05T00:00:00,GHCND:USC00459200,-33
142,",,7,0800",TOBS,2018-01-05T00:00:00,GHCND:USC00459200,-17
143,",,7,",WDMV,2018-01-05T00:00:00,GHCND:USC00459200,5
144,",,W,",AWND,2018-01-05T00:00:00,GHCND:USW00024160,13
145,",,W,",PRCP,2018-01-05T00:00:00,GHCND:USW00024160,61
146,",,W,",SNOW,2018-01-05T00:00:00,GHCND:USW00024160,0
147,",,W,",SNWD,2018-01-05T00:00:00,GHCND:USW00024160,0
148,",,W,",TMAX,2018-01-05T00:00:00,GHCND:USW00024160,22
149,",,W,",TMIN,2018-01-05T00:00:00,GHCND:USW00024160,-10
150,",,W,",WDF2,2018-01-05T00:00:00,GHCND:USW00024160,300
151,",,W,",WDF5,2018-01-05T00:00:00,GHCND:USW00024160,300
152,",,W,",WSF2,2018-01-05T00:00:00,GHCND:USW00024160,63
153,",,W,",WSF5,2018-01-05T00:00:00,GHCND:USW00024160,72
154,",,W,",WT01,2018-01-05T00:00:00,GHCND:USW00024160,1
155,",,W,",WT02,2018-01-05T00:00:00,GHCND:USW00024160,1
156,",,W,",WT08,2018-01-05T00:00:00,GHCND:USW00024160,1
157,",,N,",PRCP,2018-01-06T00:00:00,GHCND:US1WAWW0009,43
158,",,N,",SNOW,2018-01-06T00:00:00,GHCND:US1WAWW0009,0
159,",,N,",SNWD,2018-01-06T00:00:00,GHCND:US1WAWW0009,0
160,",,7,0900",PRCP,2018-01-06T00:00:00,GHCND:USC00355593,0
161,",,7,0900",TMAX,2018-01-06T00:00:00,GHCND:USC00355593,89
162,",,7,0900",TMIN,2018-01-06T00:00:00,GHCND:USC00355593,-11
163,",,7,1700",PRCP,2018-01-06T00:00:00,GHCND:USC00454679,30
164,",,7,",SNOW,2018-01-06T00:00:00,GHCND:USC00454679,0
165,"T,,7,1700",SNWD,2018-01-06T00:00:00,GHCND:USC00454679,0
166,",,7,1700",TMAX,2018-01-06T00:00:00,GHCND:USC00454679,17
167,",,7,1700",TMIN,2018-01-06T00:00:00,GHCND:USC00454679,6
168,",,7,1700",TOBS,2018-01-06T00:00:00,GHCND:USC00454679,11
169,",,7,0400",PRCP,2018-01-06T00:00:00,GHCND:USC00458932,66
170,",,7,",SNOW,2018-01-06T00:00:00,GHCND:USC00458932,0
171,",,7,0400",SNWD,2018-01-06T00:00:00,GHCND:USC00458932,0
172,",,7,0800",PRCP,2018-01-06T00:00:00,GHCND:USC00459200,69
173,",,7,0800",SNWD,2018-01-06T00:00:00,GHCND:USC00459200,51
174,",,7,0800",TMAX,2018-01-06T00:00:00,GHCND:USC00459200,11
175,",,7,0800",TMIN,2018-01-06T00:00:00,GHCND:USC00459200,-17
176,",,7,0800",TOBS,2018-01-06T00:00:00,GHCND:USC00459200,-6
177,",,7,",WDMV,2018-01-06T00:00:00,GHCND:USC00459200,13
178,",,W,",AWND,2018-01-06T00:00:00,GHCND:USW00024160,30
179,"T,,W,",PRCP,2018-01-06T00:00:00,GHCND:USW00024160,0
180,",,W,",SNOW,2018-01-06T00:00:00,GHCND:USW00024160,0
181,",,W,",SNWD,2018-01-06T00:00:00,GHCND:USW00024160,0
182,",,W,",TMAX,2018-01-06T00:00:00,GHCND:USW00024160,83
183,",,W,",TMIN,2018-01-06T00:00:00,GHCND:USW00024160,-5
184,",,W,",WDF2,2018-01-06T00:00:00,GHCND:USW00024160,200
185,",,W,",WDF5,2018-01-06T00:00:00,GHCND:USW00024160,220
186,",,W,",WSF2,2018-01-06T00:00:00,GHCND:USW00024160,81
187,",,W,",WSF5,2018-01-06T00:00:00,GHCND:USW00024160,98
188,",,W,",WT01,2018-01-06T00:00:00,GHCND:USW00024160,1
189,",,W,",WT02,2018-01-06T00:00:00,GHCND:USW00024160,1
190,",,N,",PRCP,2018-01-07T00:00:00,GHCND:US1WAWW0009,0
191,",,N,",SNOW,2018-01-07T00:00:00,GHCND:US1WAWW0009,0
192,",,7,0900",PRCP,2018-01-07T00:00:00,GHCND:USC00355593,0
193,",,7,0900",TMAX,2018-01-07T00:00:00,GHCND:USC00355593,94
194,",,7,0900",TMIN,2018-01-07T00:00:00,GHCND:USC00355593,-6
195,",,7,1700",PRCP,2018-01-07T00:00:00,GHCND:USC00454679,0
196,",,7,",SNOW,2018-01-07T00:00:00,GHCND:USC00454679,0
197,"T,,7,1700",SNWD,2018-01-07T00:00:00,GHCND:USC00454679,0
198,",,7,1700",TMAX,2018-01-07T00:00:00,GHCND:USC00454679,39
199,",,7,1700",TMIN,2018-01-07T00:00:00,GHCND:USC00454679,11
200,",,7,1700",TOBS,2018-01-07T00:00:00,GHCND:USC00454679,17
201,",,W,",AWND,2018-01-07T00:00:00,GHCND:USW00024160,18
202,"T,,W,",PRCP,2018-01-07T00:00:00,GHCND:USW00024160,0
203,",,W,",SNOW,2018-01-07T00:00:00,GHCND:USW00024160,0
204,",,W,",SNWD,2018-01-07T00:00:00,GHCND:USW00024160,0
205,",,W,",TMAX,2018-01-07T00:00:00,GHCND:USW00024160,50
206,",,W,",TMIN,2018-01-07T00:00:00,GHCND:USW00024160,6
207,",,W,",WDF2,2018-01-07T00:00:00,GHCND:USW00024160,250
208,",,W,",WDF5,2018-01-07T00:00:00,GHCND:USW00024160,250
209,",,W,",WSF2,2018-01-07T00:00:00,GHCND:USW00024160,40
210,",,W,",WSF5,2018-01-07T00:00:00,GHCND:USW00024160,45
211,",,W,",WT01,2018-01-07T00:00:00,GHCND:USW00024160,1
212,",,W,",WT02,2018-01-07T00:00:00,GHCND:USW00024160,1
213,",,W,",WT08,2018-01-07T00:00:00,GHCND:USW00024160,1
214,"T,,N,",PRCP,2018-01-08T00:00:00,GHCND:US1WAWW0009,0
215,",,7,0900",PRCP,2018-01-08T00:00:00,GHCND:USC00355593,71
216,",,7,0900",TMAX,2018-01-08T00:00:00,GHCND:USC00355593,28
217,",,7,0900",TMIN,2018-01-08T00:00:00,GHCND:USC00355593,-11
218,",,7,0900",TOBS,2018-01-08T00:00:00,GHCND:USC00355593,0
219,",,7,1700",PRCP,2018-01-08T00:00:00,GHCND:USC00454679,8
220,",,7,",SNOW,2018-01-08T00:00:00,GHCND:USC00454679,0
221,"T,,7,1700",SNWD,2018-01-08T00:00:00,GHCND:USC00454679,0
222,",,7,1700",TMAX,2018-01-08T00:00:00,GHCND:USC00454679,44
223,",,7,1700",TMIN,2018-01-08T00:00:00,GHCND:USC00454679,0
224,",,7,1700",TOBS,2018-01-08T00:00:00,GHCND:USC00454679,28
225,",,7,0800",PRCP,2018-01-08T00:00:00,GHCND:USC00455387,71
226,",,7,",DAPR,2018-01-08T00:00:00,GHCND:USC00458932,2
227,",,7,",MDPR,2018-01-08T00:00:00,GHCND:USC00458932,5
228,",,7,",SNOW,2018-01-08T00:00:00,GHCND:USC00458932,0
229,",,7,0400",SNWD,2018-01-08T00:00:00,GHCND:USC00458932,0
230,",,7,",DAPR,2018-01-08T00:00:00,GHCND:USC00459200,2
231,"T,,7,",MDPR,2018-01-08T00:00:00,GHCND:USC00459200,0
232,",,7,0800",SNWD,2018-01-08T00:00:00,GHCND:USC00459200,25
233,",,7,0800",TMAX,2018-01-08T00:00:00,GHCND:USC00459200,89
234,",,7,0800",TMIN,2018-01-08T00:00:00,GHCND:USC00459200,-11
235,",,7,0800",TOBS,2018-01-08T00:00:00,GHCND:USC00459200,6
236,",,7,",WDMV,2018-01-08T00:00:00,GHCND:USC00459200,19
237,",,W,",AWND,2018-01-08T00:00:00,GHCND:USW00024160,9
238,"T,,W,",PRCP,2018-01-08T00:00:00,GHCND:USW00024160,0
239,",,W,",SNOW,2018-01-08T00:00:00,GHCND:USW00024160,0
240,",,W,",SNWD,2018-01-08T00:00:00,GHCND:USW00024160,0
241,",,W,",TMAX,2018-01-08T00:00:00,GHCND:USW00024160,11
242,",,W,",TMIN,2018-01-08T00:00:00,GHCND:USW00024160,0
243,",,W,",WDF2,2018-01-08T00:00:00,GHCND:USW00024160,90
244,",,W,",WDF5,2018-01-08T00:00:00,GHCND:USW00024160,130
245,",,W,",WSF2,2018-01-08T00:00:00,GHCND:USW00024160,31
246,",,W,",WSF5,2018-01-08T00:00:00,GHCND:USW00024160,40
247,",,W,",WT01,2018-01-08T00:00:00,GHCND:USW00024160,1
248,",,W,",WT02,2018-01-08T00:00:00,GHCND:USW00024160,1
249,",,N,",PRCP,2018-01-09T00:00:00,GHCND:US1WAWW0009,0
250,",,N,",SNOW,2018-01-09T00:00:00,GHCND:US1WAWW0009,0
251,",,7,0900",PRCP,2018-01-09T00:00:00,GHCND:USC00355593,43
252,",,7,0900",TMAX,2018-01-09T00:00:00,GHCND:USC00355593,50
253,",,7,0900",TMIN,2018-01-09T00:00:00,GHCND:USC00355593,0
254,",,7,0900",TOBS,2018-01-09T00:00:00,GHCND:USC00355593,22
255,",,7,1700",PRCP,2018-01-09T00:00:00,GHCND:USC00454679,66
256,",,7,",SNOW,2018-01-09T00:00:00,GHCND:USC00454679,0
257,",,7,1700",SNWD,2018-01-09T00:00:00,GHCND:USC00454679,0
258,",,7,1700",TMAX,2018-01-09T00:00:00,GHCND:USC00454679,33
259,",,7,1700",TMIN,2018-01-09T00:00:00,GHCND:USC00454679,17
260,",,7,1700",TOBS,2018-01-09T00:00:00,GHCND:USC00454679,28
261,",,7,0800",PRCP,2018-01-09T00:00:00,GHCND:USC00455387,20
262,",,7,0400",PRCP,2018-01-09T00:00:00,GHCND:USC00458932,15
263,",,7,",SNOW,2018-01-09T00:00:00,GHCND:USC00458932,0
264,",,7,0400",SNWD,2018-01-09T00:00:00,GHCND:USC00458932,0
265,",,7,0800",PRCP,2018-01-09T00:00:00,GHCND:USC00459200,10
266,",,7,0800",SNWD,2018-01-09T00:00:00,GHCND:USC00459200,25
267,",,7,0800",TMAX,2018-01-09T00:00:00,GHCND:USC00459200,6
268,",,7,0800",TMIN,2018-01-09T00:00:00,GHCND:USC00459200,0
269,",,7,0800",TOBS,2018-01-09T00:00:00,GHCND:USC00459200,6
270,",,7,",WDMV,2018-01-09T00:00:00,GHCND:USC00459200,3
271,",,W,",AWND,2018-01-09T00:00:00,GHCND:USW00024160,24
272,",,W,",PRCP,2018-01-09T00:00:00,GHCND:USW00024160,107
273,",,W,",SNOW,2018-01-09T00:00:00,GHCND:USW00024160,0
274,",,W,",SNWD,2018-01-09T00:00:00,GHCND:USW00024160,0
275,",,W,",TMAX,2018-01-09T00:00:00,GHCND:USW00024160,67
276,",,W,",TMIN,2018-01-09T00:00:00,GHCND:USW00024160,11
277,",,W,",WDF2,2018-01-09T00:00:00,GHCND:USW00024160,200
278,",,W,",WDF5,2018-01-09T00:00:00,GHCND:USW00024160,230
279,",,W,",WSF2,2018-01-09T00:00:00,GHCND:USW00024160,72
280,",,W,",WSF5,2018-01-09T00:00:00,GHCND:USW00024160,94
281,",,W,",WT01,2018-01-09T00:00:00,GHCND:USW00024160,1
282,",,W,",WT02,2018-01-09T00:00:00,GHCND:USW00024160,1
283,",,N,",PRCP,2018-01-10T00:00:00,GHCND:US1WAWW0006,119
284,",,N,",PRCP,2018-01-10T00:00:00,GHCND:US1WAWW0009,81
285,",,N,",PRCP,2018-01-10T00:00:00,GHCND:US1WAWW0019,124
286,",,7,0900",PRCP,2018-01-10T00:00:00,GHCND:USC00355593,43
287,",,7,0900",TMAX,2018-01-10T00:00:00,GHCND:USC00355593,89
288,",,7,0900",TMIN,2018-01-10T00:00:00,GHCND:USC00355593,22
289,",,7,0900",TOBS,2018-01-10T00:00:00,GHCND:USC00355593,50
290,",,7,1700",PRCP,2018-01-10T00:00:00,GHCND:USC00454679,0
291,",,7,",SNOW,2018-01-10T00:00:00,GHCND:USC00454679,0
292,",,7,1700",SNWD,2018-01-10T00:00:00,GHCND:USC00454679,0
293,",,7,1700",TMAX,2018-01-10T00:00:00,GHCND:USC00454679,67
294,",,7,1700",TMIN,2018-01-10T00:00:00,GHCND:USC00454679,11
295,",,7,1700",TOBS,2018-01-10T00:00:00,GHCND:USC00454679,50
296,",,7,0800",PRCP,2018-01-10T00:00:00,GHCND:USC00455387,127
297,",,7,0400",PRCP,2018-01-10T00:00:00,GHCND:USC00458932,122
298,",,7,",SNOW,2018-01-10T00:00:00,GHCND:USC00458932,0
299,",,7,0400",SNWD,2018-01-10T00:00:00,GHCND:USC00458932,0
300,",,7,0800",PRCP,2018-01-10T00:00:00,GHCND:USC00459200,89
301,",,7,0800",SNWD,2018-01-10T00:00:00,GHCND:USC00459200,0
302,",,7,0800",TMAX,2018-01-10T00:00:00,GHCND:USC00459200,56
303,",,7,0800",TMIN,2018-01-10T00:00:00,GHCND:USC00459200,6
304,",,7,0800",TOBS,2018-01-10T00:00:00,GHCND:USC00459200,33
305,",,7,",WDMV,2018-01-10T00:00:00,GHCND:USC00459200,105
306,",,W,",AWND,2018-01-10T00:00:00,GHCND:USW00024160,44
307,",,W,",PRCP,2018-01-10T00:00:00,GHCND:USW00024160,0
308,",,W,",SNOW,2018-01-10T00:00:00,GHCND:USW00024160,0
309,",,W,",SNWD,2018-01-10T00:00:00,GHCND:USW00024160,0
310,",,W,",TMAX,2018-01-10T00:00:00,GHCND:USW00024160,83
311,",,W,",TMIN,2018-01-10T00:00:00,GHCND:USW00024160,28
312,",,W,",WDF2,2018-01-10T00:00:00,GHCND:USW00024160,210
313,",,W,",WDF5,2018-01-10T00:00:00,GHCND:USW00024160,210
314,",,W,",WSF2,2018-01-10T00:00:00,GHCND:USW00024160,81
315,",,W,",WSF5,2018-01-10T00:00:00,GHCND:USW00024160,107
316,",,N,",PRCP,2018-01-11T00:00:00,GHCND:US1WAWW0006,46
317,",,N,",PRCP,2018-01-11T00:00:00,GHCND:US1WAWW0009,10
318,",,N,",PRCP,2018-01-11T00:00:00,GHCND:US1WAWW0014,36
319,",,7,0900",PRCP,2018-01-11T00:00:00,GHCND:USC00355593,5
320,",,7,0900",TMAX,2018-01-11T00:00:00,GHCND:USC00355593,111
321,",,7,0900",TMIN,2018-01-11T00:00:00,GHCND:USC00355593,50
322,",,7,0900",TOBS,2018-01-11T00:00:00,GHCND:USC00355593,78
323,",,7,1700",PRCP,2018-01-11T00:00:00,GHCND:USC00454679,160
324,",,7,",SNOW,2018-01-11T00:00:00,GHCND:USC00454679,0
325,",,7,1700",SNWD,2018-01-11T00:00:00,GHCND:USC00454679,0
326,",,7,1700",TMAX,2018-01-11T00:00:00,GHCND:USC00454679,50
327,",,7,1700",TMIN,2018-01-11T00:00:00,GHCND:USC00454679,28
328,",,7,1700",TOBS,2018-01-11T00:00:00,GHCND:USC00454679,50
329,",,7,0800",PRCP,2018-01-11T00:00:00,GHCND:USC00455387,56
330,",,7,0400",PRCP,2018-01-11T00:00:00,GHCND:USC00458932,13
331,",,7,",SNOW,2018-01-11T00:00:00,GHCND:USC00458932,0
332,",,7,0400",SNWD,2018-01-11T00:00:00,GHCND:USC00458932,0
333,",,7,0800",PRCP,2018-01-11T00:00:00,GHCND:USC00459200,10
334,",,7,0800",SNWD,2018-01-11T00:00:00,GHCND:USC00459200,0
335,",,7,0800",TMAX,2018-01-11T00:00:00,GHCND:USC00459200,78
336,",,7,0800",TMIN,2018-01-11T00:00:00,GHCND:USC00459200,33
337,",,7,0800",TOBS,2018-01-11T00:00:00,GHCND:USC00459200,67
338,",,7,",WDMV,2018-01-11T00:00:00,GHCND:USC00459200,43
339,",,W,",AWND,2018-01-11T00:00:00,GHCND:USW00024160,53
340,",,W,",PRCP,2018-01-11T00:00:00,GHCND:USW00024160,117
341,",,W,",SNOW,2018-01-11T00:00:00,GHCND:USW00024160,0
342,",,W,",SNWD,2018-01-11T00:00:00,GHCND:USW00024160,0
343,",,W,",TMAX,2018-01-11T00:00:00,GHCND:USW00024160,111
344,",,W,",TMIN,2018-01-11T00:00:00,GHCND:USW00024160,67
345,",,W,",WDF2,2018-01-11T00:00:00,GHCND:USW00024160,180
346,",,W,",WDF5,2018-01-11T00:00:00,GHCND:USW00024160,180
347,",,W,",WSF2,2018-01-11T00:00:00,GHCND:USW00024160,112
348,",,W,",WSF5,2018-01-11T00:00:00,GHCND:USW00024160,148
349,",,W,",WT01,2018-01-11T00:00:00,GHCND:USW00024160,1
350,",,N,",PRCP,2018-01-12T00:00:00,GHCND:US1WAWW0009,48
351,",,N,",SNOW,2018-01-12T00:00:00,GHCND:US1WAWW0009,0
352,",,N,",SNWD,2018-01-12T00:00:00,GHCND:US1WAWW0009,0
353,",,N,",PRCP,2018-01-12T00:00:00,GHCND:US1WAWW0014,89
354,",,N,",PRCP,2018-01-12T00:00:00,GHCND:US1WAWW0019,127
355,",,7,0900",PRCP,2018-01-12T00:00:00,GHCND:USC00355593,36
356,",,7,0900",TMAX,2018-01-12T00:00:00,GHCND:USC00355593,133
357,",,7,0900",TMIN,2018-01-12T00:00:00,GHCND:USC00355593,28
358,",,7,0900",TOBS,2018-01-12T00:00:00,GHCND:USC00355593,106
359,",,7,1700",PRCP,2018-01-12T00:00:00,GHCND:USC00454679,5
360,",,7,",SNOW,2018-01-12T00:00:00,GHCND:USC00454679,0
361,",,7,1700",SNWD,2018-01-12T00:00:00,GHCND:USC00454679,0
362,",,7,1700",TMAX,2018-01-12T00:00:00,GHCND:USC00454679,50
363,",,7,1700",TMIN,2018-01-12T00:00:00,GHCND:USC00454679,11
364,",,7,1700",TOBS,2018-01-12T00:00:00,GHCND:USC00454679,39
365,",,7,0800",PRCP,2018-01-12T00:00:00,GHCND:USC00455387,102
366,",,7,0400",PRCP,2018-01-12T00:00:00,GHCND:USC00458932,137
367,",,7,",SNOW,2018-01-12T00:00:00,GHCND:USC00458932,0
368,",,7,0400",SNWD,2018-01-12T00:00:00,GHCND:USC00458932,0
369,",,7,0800",PRCP,2018-01-12T00:00:00,GHCND:USC00459200,74
370,",,7,0800",TMAX,2018-01-12T00:00:00,GHCND:USC00459200,106
371,",,7,0800",TMIN,2018-01-12T00:00:00,GHCND:USC00459200,22
372,",,7,0800",TOBS,2018-01-12T00:00:00,GHCND:USC00459200,22
373,",,7,",WDMV,2018-01-12T00:00:00,GHCND:USC00459200,42
374,",,W,",AWND,2018-01-12T00:00:00,GHCND:USW00024160,42
375,",,W,",PRCP,2018-01-12T00:00:00,GHCND:USW00024160,8
376,",,W,",SNOW,2018-01-12T00:00:00,GHCND:USW00024160,0
377,",,W,",SNWD,2018-01-12T00:00:00,GHCND:USW00024160,0
378,",,W,",TMAX,2018-01-12T00:00:00,GHCND:USW00024160,133
379,",,W,",TMIN,2018-01-12T00:00:00,GHCND:USW00024160,33
380,",,W,",WDF2,2018-01-12T00:00:00,GHCND:USW00024160,250
381,",,W,",WDF5,2018-01-12T00:00:00,GHCND:USW00024160,230
382,",,W,",WSF2,2018-01-12T00:00:00,GHCND:USW00024160,89
383,",,W,",WSF5,2018-01-12T00:00:00,GHCND:USW00024160,112
384,",,W,",WT01,2018-01-12T00:00:00,GHCND:USW00024160,1
385,",,W,",WT02,2018-01-12T00:00:00,GHCND:USW00024160,1
386,"T,,N,",PRCP,2018-01-13T00:00:00,GHCND:US1WAWW0009,0
387,",,N,",PRCP,2018-01-13T00:00:00,GHCND:US1WAWW0014,3
388,",,7,0900",PRCP,2018-01-13T00:00:00,GHCND:USC00355593,0
389,",,7,0900",TMAX,2018-01-13T00:00:00,GHCND:USC00355593,139
390,",,7,0900",TMIN,2018-01-13T00:00:00,GHCND:USC00355593,83
391,"T,,7,1700",PRCP,2018-01-13T00:00:00,GHCND:USC00454679,0
392,",,7,",SNOW,2018-01-13T00:00:00,GHCND:USC00454679,0
393,",,7,1700",SNWD,2018-01-13T00:00:00,GHCND:USC00454679,0
394,",,7,1700",TMAX,2018-01-13T00:00:00,GHCND:USC00454679,106
395,",,7,1700",TMIN,2018-01-13T00:00:00,GHCND:USC00454679,22
396,",,7,1700",TOBS,2018-01-13T00:00:00,GHCND:USC00454679,67
397,",,7,0400",PRCP,2018-01-13T00:00:00,GHCND:USC00458932,8
398,",,7,",SNOW,2018-01-13T00:00:00,GHCND:USC00458932,0
399,",,7,0400",SNWD,2018-01-13T00:00:00,GHCND:USC00458932,0
400,"T,,7,0800",PRCP,2018-01-13T00:00:00,GHCND:USC00459200,0
401,",,7,0800",TMAX,2018-01-13T00:00:00,GHCND:USC00459200,133
402,",,7,0800",TMIN,2018-01-13T00:00:00,GHCND:USC00459200,17
403,",,7,0800",TOBS,2018-01-13T00:00:00,GHCND:USC00459200,67
404,",,7,",WDMV,2018-01-13T00:00:00,GHCND:USC00459200,31
405,",,W,",AWND,2018-01-13T00:00:00,GHCND:USW00024160,22
406,",,W,",PRCP,2018-01-13T00:00:00,GHCND:USW00024160,5
407,",,W,",SNOW,2018-01-13T00:00:00,GHCND:USW00024160,0
408,",,W,",SNWD,2018-01-13T00:00:00,GHCND:USW00024160,0
409,",,W,",TMAX,2018-01-13T00:00:00,GHCND:USW00024160,144
410,",,W,",TMIN,2018-01-13T00:00:00,GHCND:USW00024160,28
411,",,W,",WDF2,2018-01-13T00:00:00,GHCND:USW00024160,180
412,",,W,",WDF5,2018-01-13T00:00:00,GHCND:USW00024160,190
413,",,W,",WSF2,2018-01-13T00:00:00,GHCND:USW00024160,54
414,",,W,",WSF5,2018-01-13T00:00:00,GHCND:USW00024160,54
415,",,W,",WT01,2018-01-13T00:00:00,GHCND:USW00024160,1
416,",,W,",WT02,2018-01-13T00:00:00,GHCND:USW00024160,1
417,",,N,",PRCP,2018-01-14T00:00:00,GHCND:US1WAWW0009,3
418,",,7,0900",PRCP,2018-01-14T00:00:00,GHCND:USC00355593,0
419,",,7,0900",TMAX,2018-01-14T00:00:00,GHCND:USC00355593,106
420,",,7,0900",TMIN,2018-01-14T00:00:00,GHCND:USC00355593,11
421,",,7,1700",PRCP,2018-01-14T00:00:00,GHCND:USC00454679,0
422,",,7,",SNOW,2018-01-14T00:00:00,GHCND:USC00454679,0
423,",,7,1700",SNWD,2018-01-14T00:00:00,GHCND:USC00454679,0
424,",,7,1700",TMAX,2018-01-14T00:00:00,GHCND:USC00454679,89
425,",,7,1700",TMIN,2018-01-14T00:00:00,GHCND:USC00454679,11
426,",,7,1700",TOBS,2018-01-14T00:00:00,GHCND:USC00454679,72
427,",,W,",AWND,2018-01-14T00:00:00,GHCND:USW00024160,17
428,"T,,W,",PRCP,2018-01-14T00:00:00,GHCND:USW00024160,0
429,",,W,",SNOW,2018-01-14T00:00:00,GHCND:USW00024160,0
430,",,W,",SNWD,2018-01-14T00:00:00,GHCND:USW00024160,0
431,",,W,",TMAX,2018-01-14T00:00:00,GHCND:USW00024160,39
432,",,W,",TMIN,2018-01-14T00:00:00,GHCND:USW00024160,17
433,",,W,",WDF2,2018-01-14T00:00:00,GHCND:USW00024160,230
434,",,W,",WDF5,2018-01-14T00:00:00,GHCND:USW00024160,220
435,",,W,",WSF2,2018-01-14T00:00:00,GHCND:USW00024160,45
436,",,W,",WSF5,2018-01-14T00:00:00,GHCND:USW00024160,58
437,",,W,",WT01,2018-01-14T00:00:00,GHCND:USW00024160,1
438,",,W,",WT02,2018-01-14T00:00:00,GHCND:USW00024160,1
439,"T,,N,",PRCP,2018-01-15T00:00:00,GHCND:US1WAWW0009,0
440,",,7,0900",PRCP,2018-01-15T00:00:00,GHCND:USC00355593,0
441,",,7,0900",TMAX,2018-01-15T00:00:00,GHCND:USC00355593,44
442,",,7,0900",TMIN,2018-01-15T00:00:00,GHCND:USC00355593,22
443,",,7,1700",PRCP,2018-01-15T00:00:00,GHCND:USC00454679,0
444,",,7,",SNOW,2018-01-15T00:00:00,GHCND:USC00454679,0
445,",,7,1700",SNWD,2018-01-15T00:00:00,GHCND:USC00454679,0
446,",,7,1700",TMAX,2018-01-15T00:00:00,GHCND:USC00454679,72
447,",,7,1700",TMIN,2018-01-15T00:00:00,GHCND:USC00454679,-17
448,",,7,1700",TOBS,2018-01-15T00:00:00,GHCND:USC00454679,28
449,",,W,",AWND,2018-01-15T00:00:00,GHCND:USW00024160,16
450,",,W,",PRCP,2018-01-15T00:00:00,GHCND:USW00024160,0
451,",,W,",SNOW,2018-01-15T00:00:00,GHCND:USW00024160,0
452,",,W,",SNWD,2018-01-15T00:00:00,GHCND:USW00024160,0
453,",,W,",TMAX,2018-01-15T00:00:00,GHCND:USW00024160,39
454,",,W,",TMIN,2018-01-15T00:00:00,GHCND:USW00024160,28
455,",,W,",WDF2,2018-01-15T00:00:00,GHCND:USW00024160,30
456,",,W,",WDF5,2018-01-15T00:00:00,GHCND:USW00024160,30
457,",,W,",WSF2,2018-01-15T00:00:00,GHCND:USW00024160,63
458,",,W,",WSF5,2018-01-15T00:00:00,GHCND:USW00024160,72
459,",,W,",WT01,2018-01-15T00:00:00,GHCND:USW00024160,1
460,",,W,",WT02,2018-01-15T00:00:00,GHCND:USW00024160,1
461,",,N,",PRCP,2018-01-16T00:00:00,GHCND:US1WAWW0009,51
462,",,N,",PRCP,2018-01-16T00:00:00,GHCND:US1WAWW0019,84
463,",,7,0900",PRCP,2018-01-16T00:00:00,GHCND:USC00355593,107
464,",,7,0900",TMAX,2018-01-16T00:00:00,GHCND:USC00355593,133
465,",,7,0900",TMIN,2018-01-16T00:00:00,GHCND:USC00355593,28
466,",,7,0900",TOBS,2018-01-16T00:00:00,GHCND:USC00355593,61
467,",,7,1700",PRCP,2018-01-16T00:00:00,GHCND:USC00454679,36
468,",,7,",SNOW,2018-01-16T00:00:00,GHCND:USC00454679,0
469,",,7,1700",SNWD,2018-01-16T00:00:00,GHCND:USC00454679,0
470,",,7,1700",TMAX,2018-01-16T00:00:00,GHCND:USC00454679,100
471,",,7,1700",TMIN,2018-01-16T00:00:00,GHCND:USC00454679,-11
472,",,7,1700",TOBS,2018-01-16T00:00:00,GHCND:USC00454679,94
473,",,7,0800",PRCP,2018-01-16T00:00:00,GHCND:USC00455387,79
474,",,7,",DAPR,2018-01-16T00:00:00,GHCND:USC00458932,3
475,",,7,",MDPR,2018-01-16T00:00:00,GHCND:USC00458932,25
476,",,7,",SNOW,2018-01-16T00:00:00,GHCND:USC00458932,0
477,",,7,0400",SNWD,2018-01-16T00:00:00,GHCND:USC00458932,0
478,",,7,",DAPR,2018-01-16T00:00:00,GHCND:USC00459200,3
479,",,7,",MDPR,2018-01-16T00:00:00,GHCND:USC00459200,15
480,",,7,0800",TMAX,2018-01-16T00:00:00,GHCND:USC00459200,139
481,",,7,0800",TMIN,2018-01-16T00:00:00,GHCND:USC00459200,6
482,",,7,0800",TOBS,2018-01-16T00:00:00,GHCND:USC00459200,22
483,",,7,",WDMV,2018-01-16T00:00:00,GHCND:USC00459200,80
484,",,W,",AWND,2018-01-16T00:00:00,GHCND:USW00024160,24
485,",,W,",PRCP,2018-01-16T00:00:00,GHCND:USW00024160,61
486,",,W,",SNOW,2018-01-16T00:00:00,GHCND:USW00024160,0
487,",,W,",SNWD,2018-01-16T00:00:00,GHCND:USW00024160,0
488,",,W,",TMAX,2018-01-16T00:00:00,GHCND:USW00024160,128
489,",,W,",TMIN,2018-01-16T00:00:00,GHCND:USW00024160,22
490,",,W,",WDF2,2018-01-16T00:00:00,GHCND:USW00024160,130
491,",,W,",WDF5,2018-01-16T00:00:00,GHCND:USW00024160,130
492,",,W,",WSF2,2018-01-16T00:00:00,GHCND:USW00024160,81
493,",,W,",WSF5,2018-01-16T00:00:00,GHCND:USW00024160,103
494,",,W,",WT01,2018-01-16T00:00:00,GHCND:USW00024160,1
495,",,W,",WT02,2018-01-16T00:00:00,GHCND:USW00024160,1
496,",,N,",PRCP,2018-01-17T00:00:00,GHCND:US1WAWW0009,43
497,",,N,",PRCP,2018-01-17T00:00:00,GHCND:US1WAWW0014,30
498,",,7,0900",PRCP,2018-01-17T00:00:00,GHCND:USC00355593,0
499,",,7,0900",TMAX,2018-01-17T00:00:00,GHCND:USC00355593,128
500,",,7,0900",TMIN,2018-01-17T00:00:00,GHCND:USC00355593,11
501,",,7,0900",TOBS,2018-01-17T00:00:00,GHCND:USC00355593,22
502,",,7,1700",PRCP,2018-01-17T00:00:00,GHCND:USC00454679,0
503,",,7,",SNOW,2018-01-17T00:00:00,GHCND:USC00454679,0
504,",,7,1700",SNWD,2018-01-17T00:00:00,GHCND:USC00454679,0
505,",,7,1700",TMAX,2018-01-17T00:00:00,GHCND:USC00454679,94
506,",,7,1700",TMIN,2018-01-17T00:00:00,GHCND:USC00454679,11
507,",,7,1700",TOBS,2018-01-17T00:00:00,GHCND:USC00454679,89
508,",,7,0800",PRCP,2018-01-17T00:00:00,GHCND:USC00455387,13
509,",,7,0400",PRCP,2018-01-17T00:00:00,GHCND:USC00458932,71
510,",,7,",SNOW,2018-01-17T00:00:00,GHCND:USC00458932,0
511,",,7,0800",PRCP,2018-01-17T00:00:00,GHCND:USC00459200,79
512,",,7,0800",TMAX,2018-01-17T00:00:00,GHCND:USC00459200,133
513,",,7,0800",TMIN,2018-01-17T00:00:00,GHCND:USC00459200,-6
514,",,7,0800",TOBS,2018-01-17T00:00:00,GHCND:USC00459200,6
515,",,7,",WDMV,2018-01-17T00:00:00,GHCND:USC00459200,26
516,",,W,",AWND,2018-01-17T00:00:00,GHCND:USW00024160,38
517,",,W,",PRCP,2018-01-17T00:00:00,GHCND:USW00024160,0
518,",,W,",SNOW,2018-01-17T00:00:00,GHCND:USW00024160,0
519,",,W,",SNWD,2018-01-17T00:00:00,GHCND:USW00024160,0
520,",,W,",TMAX,2018-01-17T00:00:00,GHCND:USW00024160,189
521,",,W,",TMIN,2018-01-17T00:00:00,GHCND:USW00024160,17
522,",,W,",WDF2,2018-01-17T00:00:00,GHCND:USW00024160,160
523,",,W,",WDF5,2018-01-17T00:00:00,GHCND:USW00024160,150
524,",,W,",WSF2,2018-01-17T00:00:00,GHCND:USW00024160,161
525,",,W,",WSF5,2018-01-17T00:00:00,GHCND:USW00024160,201
526,",,W,",WT01,2018-01-17T00:00:00,GHCND:USW00024160,1
527,",,W,",WT02,2018-01-17T00:00:00,GHCND:USW00024160,1
528,",,N,",PRCP,2018-01-18T00:00:00,GHCND:US1WAWW0009,56
529,",,N,",PRCP,2018-01-18T00:00:00,GHCND:US1WAWW0014,53
530,",,7,0900",PRCP,2018-01-18T00:00:00,GHCND:USC00355593,53
531,",,7,0900",TMAX,2018-01-18T00:00:00,GHCND:USC00355593,150
532,",,7,0900",TMIN,2018-01-18T00:00:00,GHCND:USC00355593,22
533,",,7,0900",TOBS,2018-01-18T00:00:00,GHCND:USC00355593,89
534,",,7,1700",PRCP,2018-01-18T00:00:00,GHCND:USC00454679,28
535,",,7,",SNOW,2018-01-18T00:00:00,GHCND:USC00454679,0
536,",,7,1700",SNWD,2018-01-18T00:00:00,GHCND:USC00454679,0
537,",,7,1700",TMAX,2018-01-18T00:00:00,GHCND:USC00454679,89
538,",,7,1700",TMIN,2018-01-18T00:00:00,GHCND:USC00454679,44
539,",,7,1700",TOBS,2018-01-18T00:00:00,GHCND:USC00454679,61
540,",,7,0800",PRCP,2018-01-18T00:00:00,GHCND:USC00455387,43
541,",,7,0400",PRCP,2018-01-18T00:00:00,GHCND:USC00458932,13
542,",,7,",SNOW,2018-01-18T00:00:00,GHCND:USC00458932,0
543,",,7,0400",SNWD,2018-01-18T00:00:00,GHCND:USC00458932,0
544,",,7,0800",PRCP,2018-01-18T00:00:00,GHCND:USC00459200,56
545,",,7,0800",TMAX,2018-01-18T00:00:00,GHCND:USC00459200,150
546,",,7,0800",TMIN,2018-01-18T00:00:00,GHCND:USC00459200,6
547,",,7,0800",TOBS,2018-01-18T00:00:00,GHCND:USC00459200,100
548,",,7,",WDMV,2018-01-18T00:00:00,GHCND:USC00459200,51
549,",,W,",AWND,2018-01-18T00:00:00,GHCND:USW00024160,46
550,",,W,",PRCP,2018-01-18T00:00:00,GHCND:USW00024160,102
551,",,W,",SNOW,2018-01-18T00:00:00,GHCND:USW00024160,0
552,",,W,",SNWD,2018-01-18T00:00:00,GHCND:USW00024160,0
553,",,W,",TMAX,2018-01-18T00:00:00,GHCND:USW00024160,122
554,",,W,",TMIN,2018-01-18T00:00:00,GHCND:USW00024160,44
555,",,W,",WDF2,2018-01-18T00:00:00,GHCND:USW00024160,180
556,",,W,",WDF5,2018-01-18T00:00:00,GHCND:USW00024160,180
557,",,W,",WSF2,2018-01-18T00:00:00,GHCND:USW00024160,103
558,",,W,",WSF5,2018-01-18T00:00:00,GHCND:USW00024160,130
559,",,W,",WT01,2018-01-18T00:00:00,GHCND:USW00024160,1
560,",,N,",PRCP,2018-01-19T00:00:00,GHCND:US1WAWW0009,33
561,",,7,0900",PRCP,2018-01-19T00:00:00,GHCND:USC00355593,38
562,",,7,0900",TMAX,2018-01-19T00:00:00,GHCND:USC00355593,100
563,",,7,0900",TMIN,2018-01-19T00:00:00,GHCND:USC00355593,28
564,",,7,0900",TOBS,2018-01-19T00:00:00,GHCND:USC00355593,56
565,",,7,1700",PRCP,2018-01-19T00:00:00,GHCND:USC00454679,0
566,",,7,",SNOW,2018-01-19T00:00:00,GHCND:USC00454679,0
567,",,7,1700",TMAX,2018-01-19T00:00:00,GHCND:USC00454679,122
568,",,7,1700",TMIN,2018-01-19T00:00:00,GHCND:USC00454679,6
569,",,7,1700",TOBS,2018-01-19T00:00:00,GHCND:USC00454679,72
570,",,7,0800",PRCP,2018-01-19T00:00:00,GHCND:USC00455387,86
571,",,7,0400",PRCP,2018-01-19T00:00:00,GHCND:USC00458932,109
572,",,7,",SNOW,2018-01-19T00:00:00,GHCND:USC00458932,0
573,",,7,0400",SNWD,2018-01-19T00:00:00,GHCND:USC00458932,0
574,",,7,0800",PRCP,2018-01-19T00:00:00,GHCND:USC00459200,28
575,",,7,0800",TMAX,2018-01-19T00:00:00,GHCND:USC00459200,117
576,",,7,0800",TMIN,2018-01-19T00:00:00,GHCND:USC00459200,17
577,",,7,0800",TOBS,2018-01-19T00:00:00,GHCND:USC00459200,22
578,",,7,",WDMV,2018-01-19T00:00:00,GHCND:USC00459200,64
579,",,W,",AWND,2018-01-19T00:00:00,GHCND:USW00024160,41
580,"T,,W,",PRCP,2018-01-19T00:00:00,GHCND:USW00024160,0
581,",,W,",SNOW,2018-01-19T00:00:00,GHCND:USW00024160,0
582,",,W,",SNWD,2018-01-19T00:00:00,GHCND:USW00024160,0
583,",,W,",TMAX,2018-01-19T00:00:00,GHCND:USW00024160,94
584,",,W,",TMIN,2018-01-19T00:00:00,GHCND:USW00024160,22
585,",,W,",WDF2,2018-01-19T00:00:00,GHCND:USW00024160,210
586,",,W,",WDF5,2018-01-19T00:00:00,GHCND:USW00024160,190
587,",,W,",WSF2,2018-01-19T00:00:00,GHCND:USW00024160,72
588,",,W,",WSF5,2018-01-19T00:00:00,GHCND:USW00024160,94
589,"T,,N,",PRCP,2018-01-20T00:00:00,GHCND:US1WAWW0009,0
590,",,7,0900",PRCP,2018-01-20T00:00:00,GHCND:USC00355593,0
591,",,7,0900",TMAX,2018-01-20T00:00:00,GHCND:USC00355593,100
592,",,7,0900",TMIN,2018-01-20T00:00:00,GHCND:USC00355593,33
593,",,7,1700",PRCP,2018-01-20T00:00:00,GHCND:USC00454679,0
594,",,7,1700",TMAX,2018-01-20T00:00:00,GHCND:USC00454679,78
595,",,7,1700",TMIN,2018-01-20T00:00:00,GHCND:USC00454679,11
596,",,7,1700",TOBS,2018-01-20T00:00:00,GHCND:USC00454679,56
597,",,7,0400",PRCP,2018-01-20T00:00:00,GHCND:USC00458932,0
598,",,7,",SNOW,2018-01-20T00:00:00,GHCND:USC00458932,0
599,",,7,0400",SNWD,2018-01-20T00:00:00,GHCND:USC00458932,0
600,"T,,7,0800",PRCP,2018-01-20T00:00:00,GHCND:USC00459200,0
601,",,7,0800",TMAX,2018-01-20T00:00:00,GHCND:USC00459200,94
602,",,7,0800",TMIN,2018-01-20T00:00:00,GHCND:USC00459200,0
603,",,7,0800",TOBS,2018-01-20T00:00:00,GHCND:USC00459200,50
604,",,7,",WDMV,2018-01-20T00:00:00,GHCND:USC00459200,23
605,",,W,",AWND,2018-01-20T00:00:00,GHCND:USW00024160,48
606,"T,,W,",PRCP,2018-01-20T00:00:00,GHCND:USW00024160,0
607,",,W,",SNOW,2018-01-20T00:00:00,GHCND:USW00024160,0
608,",,W,",SNWD,2018-01-20T00:00:00,GHCND:USW00024160,0
609,",,W,",TMAX,2018-01-20T00:00:00,GHCND:USW00024160,89
610,",,W,",TMIN,2018-01-20T00:00:00,GHCND:USW00024160,33
611,",,W,",WDF2,2018-01-20T00:00:00,GHCND:USW00024160,180
612,",,W,",WDF5,2018-01-20T00:00:00,GHCND:USW00024160,190
613,",,W,",WSF2,2018-01-20T00:00:00,GHCND:USW00024160,89
614,",,W,",WSF5,2018-01-20T00:00:00,GHCND:USW00024160,107
615,",,N,",PRCP,2018-01-21T00:00:00,GHCND:US1WAWW0009,0
616,",,7,0900",PRCP,2018-01-21T00:00:00,GHCND:USC00355593,0
617,",,7,0900",TMAX,2018-01-21T00:00:00,GHCND:USC00355593,111
618,",,7,0900",TMIN,2018-01-21T00:00:00,GHCND:USC00355593,39
619,",,7,1700",PRCP,2018-01-21T00:00:00,GHCND:USC00454679,10
620,",,7,",SNOW,2018-01-21T00:00:00,GHCND:USC00454679,0
621,",,7,1700",TMAX,2018-01-21T00:00:00,GHCND:USC00454679,56
622,",,7,1700",TMIN,2018-01-21T00:00:00,GHCND:USC00454679,6
623,",,7,1700",TOBS,2018-01-21T00:00:00,GHCND:USC00454679,50
624,",,W,",AWND,2018-01-21T00:00:00,GHCND:USW00024160,66
625,",,W,",PRCP,2018-01-21T00:00:00,GHCND:USW00024160,10
626,",,W,",SNOW,2018-01-21T00:00:00,GHCND:USW00024160,0
627,",,W,",SNWD,2018-01-21T00:00:00,GHCND:USW00024160,0
628,",,W,",TMAX,2018-01-21T00:00:00,GHCND:USW00024160,117
629,",,W,",TMIN,2018-01-21T00:00:00,GHCND:USW00024160,22
630,",,W,",WDF2,2018-01-21T00:00:00,GHCND:USW00024160,160
631,",,W,",WDF5,2018-01-21T00:00:00,GHCND:USW00024160,150
632,",,W,",WSF2,2018-01-21T00:00:00,GHCND:USW00024160,139
633,",,W,",WSF5,2018-01-21T00:00:00,GHCND:USW00024160,174
634,"T,,N,",PRCP,2018-01-22T00:00:00,GHCND:US1WAWW0009,0
635,",,7,0900",PRCP,2018-01-22T00:00:00,GHCND:USC00355593,5
636,",,7,0900",TMAX,2018-01-22T00:00:00,GHCND:USC00355593,111
637,",,7,0900",TMIN,2018-01-22T00:00:00,GHCND:USC00355593,39
638,",,7,0900",TOBS,2018-01-22T00:00:00,GHCND:USC00355593,78
639,",,7,1700",PRCP,2018-01-22T00:00:00,GHCND:USC00454679,0
640,",,7,",SNOW,2018-01-22T00:00:00,GHCND:USC00454679,0
641,",,7,1700",TMAX,2018-01-22T00:00:00,GHCND:USC00454679,72
642,",,7,1700",TMIN,2018-01-22T00:00:00,GHCND:USC00454679,6
643,",,7,1700",TOBS,2018-01-22T00:00:00,GHCND:USC00454679,72
644,",,7,",DAPR,2018-01-22T00:00:00,GHCND:USC00458932,2
645,",,7,",MDPR,2018-01-22T00:00:00,GHCND:USC00458932,15
646,",,7,",SNOW,2018-01-22T00:00:00,GHCND:USC00458932,0
647,",,7,0400",SNWD,2018-01-22T00:00:00,GHCND:USC00458932,0
648,",,7,",DAPR,2018-01-22T00:00:00,GHCND:USC00459200,2
649,"T,,7,",MDPR,2018-01-22T00:00:00,GHCND:USC00459200,0
650,",,7,0800",TMAX,2018-01-22T00:00:00,GHCND:USC00459200,111
651,",,7,0800",TMIN,2018-01-22T00:00:00,GHCND:USC00459200,-17
652,",,7,0800",TOBS,2018-01-22T00:00:00,GHCND:USC00459200,28
653,",,7,",WDMV,2018-01-22T00:00:00,GHCND:USC00459200,132
654,",,W,",AWND,2018-01-22T00:00:00,GHCND:USW00024160,37
655,"T,,W,",PRCP,2018-01-22T00:00:00,GHCND:USW00024160,0
656,",,W,",SNOW,2018-01-22T00:00:00,GHCND:USW00024160,0
657,",,W,",SNWD,2018-01-22T00:00:00,GHCND:USW00024160,0
658,",,W,",TMAX,2018-01-22T00:00:00,GHCND:USW00024160,100
659,",,W,",TMIN,2018-01-22T00:00:00,GHCND:USW00024160,11
660,",,W,",WDF2,2018-01-22T00:00:00,GHCND:USW00024160,250
661,",,W,",WDF5,2018-01-22T00:00:00,GHCND:USW00024160,250
662,",,W,",WSF2,2018-01-22T00:00:00,GHCND:USW00024160,89
663,",,W,",WSF5,2018-01-22T00:00:00,GHCND:USW00024160,107
664,",,N,",PRCP,2018-01-23T00:00:00,GHCND:US1WAWW0009,0
665,",,7,0900",PRCP,2018-01-23T00:00:00,GHCND:USC00355593,0
666,",,7,0900",TMAX,2018-01-23T00:00:00,GHCND:USC00355593,106
667,",,7,0900",TMIN,2018-01-23T00:00:00,GHCND:USC00355593,6
668,",,7,0900",TOBS,2018-01-23T00:00:00,GHCND:USC00355593,83
669,",,7,1700",PRCP,2018-01-23T00:00:00,GHCND:USC00454679,5
670,",,7,",SNOW,2018-01-23T00:00:00,GHCND:USC00454679,0
671,",,7,1700",SNWD,2018-01-23T00:00:00,GHCND:USC00454679,0
672,",,7,1700",TMAX,2018-01-23T00:00:00,GHCND:USC00454679,78
673,",,7,1700",TMIN,2018-01-23T00:00:00,GHCND:USC00454679,6
674,",,7,1700",TOBS,2018-01-23T00:00:00,GHCND:USC00454679,44
675,",,7,0800",PRCP,2018-01-23T00:00:00,GHCND:USC00455387,0
676,",,7,0800",PRCP,2018-01-23T00:00:00,GHCND:USC00459200,0
677,",,7,0800",TMAX,2018-01-23T00:00:00,GHCND:USC00459200,100
678,",,7,0800",TMIN,2018-01-23T00:00:00,GHCND:USC00459200,-17
679,",,7,0800",TOBS,2018-01-23T00:00:00,GHCND:USC00459200,-11
680,",,7,",WDMV,2018-01-23T00:00:00,GHCND:USC00459200,61
681,",,W,",AWND,2018-01-23T00:00:00,GHCND:USW00024160,55
682,",,W,",PRCP,2018-01-23T00:00:00,GHCND:USW00024160,30
683,",,W,",SNOW,2018-01-23T00:00:00,GHCND:USW00024160,0
684,",,W,",SNWD,2018-01-23T00:00:00,GHCND:USW00024160,0
685,",,W,",TMAX,2018-01-23T00:00:00,GHCND:USW00024160,111
686,",,W,",TMIN,2018-01-23T00:00:00,GHCND:USW00024160,17
687,",,W,",WDF2,2018-01-23T00:00:00,GHCND:USW00024160,160
688,",,W,",WDF5,2018-01-23T00:00:00,GHCND:USW00024160,150
689,",,W,",WSF2,2018-01-23T00:00:00,GHCND:USW00024160,134
690,",,W,",WSF5,2018-01-23T00:00:00,GHCND:USW00024160,161
691,"T,,N,",PRCP,2018-01-24T00:00:00,GHCND:US1WAWW0009,0
692,",,N,",PRCP,2018-01-24T00:00:00,GHCND:US1WAWW0019,51
693,",,7,0900",PRCP,2018-01-24T00:00:00,GHCND:USC00355593,5
694,",,7,0900",TMAX,2018-01-24T00:00:00,GHCND:USC00355593,128
695,",,7,0900",TMIN,2018-01-24T00:00:00,GHCND:USC00355593,67
696,",,7,0900",TOBS,2018-01-24T00:00:00,GHCND:USC00355593,89
697,",,7,1700",PRCP,2018-01-24T00:00:00,GHCND:USC00454679,86
698,",,7,",SNOW,2018-01-24T00:00:00,GHCND:USC00454679,0
699,",,7,1700",SNWD,2018-01-24T00:00:00,GHCND:USC00454679,0
700,",,7,1700",TMAX,2018-01-24T00:00:00,GHCND:USC00454679,83
701,",,7,1700",TMIN,2018-01-24T00:00:00,GHCND:USC00454679,39
702,",,7,1700",TOBS,2018-01-24T00:00:00,GHCND:USC00454679,78
703,",,7,0800",PRCP,2018-01-24T00:00:00,GHCND:USC00455387,43
704,",,7,0400",PRCP,2018-01-24T00:00:00,GHCND:USC00458932,53
705,",,7,",SNOW,2018-01-24T00:00:00,GHCND:USC00458932,0
706,",,7,0400",SNWD,2018-01-24T00:00:00,GHCND:USC00458932,0
707,",,7,0800",PRCP,2018-01-24T00:00:00,GHCND:USC00459200,28
708,",,7,0800",TMAX,2018-01-24T00:00:00,GHCND:USC00459200,106
709,",,7,0800",TMIN,2018-01-24T00:00:00,GHCND:USC00459200,-17
710,",,7,0800",TOBS,2018-01-24T00:00:00,GHCND:USC00459200,100
711,",,7,",WDMV,2018-01-24T00:00:00,GHCND:USC00459200,134
712,",,7,",WT11,2018-01-24T00:00:00,GHCND:USC00459200,1
713,",,W,",AWND,2018-01-24T00:00:00,GHCND:USW00024160,95
714,",,W,",PRCP,2018-01-24T00:00:00,GHCND:USW00024160,79
715,",,W,",SNOW,2018-01-24T00:00:00,GHCND:USW00024160,0
716,",,W,",SNWD,2018-01-24T00:00:00,GHCND:USW00024160,0
717,",,W,",TMAX,2018-01-24T00:00:00,GHCND:USW00024160,144
718,",,W,",TMIN,2018-01-24T00:00:00,GHCND:USW00024160,56
719,",,W,",WDF2,2018-01-24T00:00:00,GHCND:USW00024160,240
720,",,W,",WDF5,2018-01-24T00:00:00,GHCND:USW00024160,190
721,",,W,",WSF2,2018-01-24T00:00:00,GHCND:USW00024160,192
722,",,W,",WSF5,2018-01-24T00:00:00,GHCND:USW00024160,233
723,",,W,",WT01,2018-01-24T00:00:00,GHCND:USW00024160,1
724,",,N,",PRCP,2018-01-25T00:00:00,GHCND:US1WAWW0009,28
725,",,N,",PRCP,2018-01-25T00:00:00,GHCND:US1WAWW0014,81
726,",,N,",PRCP,2018-01-25T00:00:00,GHCND:US1WAWW0019,76
727,",,7,0900",PRCP,2018-01-25T00:00:00,GHCND:USC00355593,23
728,",,7,0900",TMAX,2018-01-25T00:00:00,GHCND:USC00355593,133
729,",,7,0900",TMIN,2018-01-25T00:00:00,GHCND:USC00355593,11
730,",,7,0900",TOBS,2018-01-25T00:00:00,GHCND:USC00355593,61
731,"T,,7,1700",PRCP,2018-01-25T00:00:00,GHCND:USC00454679,0
732,",,7,",SNOW,2018-01-25T00:00:00,GHCND:USC00454679,0
733,",,7,1700",SNWD,2018-01-25T00:00:00,GHCND:USC00454679,0
734,",,7,1700",TMAX,2018-01-25T00:00:00,GHCND:USC00454679,78
735,",,7,1700",TMIN,2018-01-25T00:00:00,GHCND:USC00454679,0
736,",,7,1700",TOBS,2018-01-25T00:00:00,GHCND:USC00454679,50
737,",,7,0800",PRCP,2018-01-25T00:00:00,GHCND:USC00455387,81
738,",,7,0400",PRCP,2018-01-25T00:00:00,GHCND:USC00458932,84
739,",,7,",SNOW,2018-01-25T00:00:00,GHCND:USC00458932,0
740,",,7,0400",SNWD,2018-01-25T00:00:00,GHCND:USC00458932,0
741,",,7,0800",PRCP,2018-01-25T00:00:00,GHCND:USC00459200,66
742,",,7,0800",TMAX,2018-01-25T00:00:00,GHCND:USC00459200,128
743,",,7,0800",TMIN,2018-01-25T00:00:00,GHCND:USC00459200,-6
744,",,7,0800",TOBS,2018-01-25T00:00:00,GHCND:USC00459200,0
745,",,7,",WDMV,2018-01-25T00:00:00,GHCND:USC00459200,127
746,",,7,",WT11,2018-01-25T00:00:00,GHCND:USC00459200,1
747,",,W,",AWND,2018-01-25T00:00:00,GHCND:USW00024160,42
748,",,W,",PRCP,2018-01-25T00:00:00,GHCND:USW00024160,3
749,",,W,",SNOW,2018-01-25T00:00:00,GHCND:USW00024160,0
750,",,W,",SNWD,2018-01-25T00:00:00,GHCND:USW00024160,0
751,",,W,",TMAX,2018-01-25T00:00:00,GHCND:USW00024160,83
752,",,W,",TMIN,2018-01-25T00:00:00,GHCND:USW00024160,6
753,",,W,",WDF2,2018-01-25T00:00:00,GHCND:USW00024160,220
754,",,W,",WDF5,2018-01-25T00:00:00,GHCND:USW00024160,210
755,",,W,",WSF2,2018-01-25T00:00:00,GHCND:USW00024160,116
756,",,W,",WSF5,2018-01-25T00:00:00,GHCND:USW00024160,148
757,"T,,N,",PRCP,2018-01-26T00:00:00,GHCND:US1WAWW0009,0
758,",,7,0900",PRCP,2018-01-26T00:00:00,GHCND:USC00355593,0
759,",,7,0900",TMAX,2018-01-26T00:00:00,GHCND:USC00355593,89
760,",,7,0900",TMIN,2018-01-26T00:00:00,GHCND:USC00355593,28
761,",,7,0900",TOBS,2018-01-26T00:00:00,GHCND:USC00355593,56
762,",,7,1700",PRCP,2018-01-26T00:00:00,GHCND:USC00454679,0
763,",,7,",SNOW,2018-01-26T00:00:00,GHCND:USC00454679,0
764,",,7,1700",SNWD,2018-01-26T00:00:00,GHCND:USC00454679,0
765,",,7,1700",TMAX,2018-01-26T00:00:00,GHCND:USC00454679,67
766,",,7,1700",TMIN,2018-01-26T00:00:00,GHCND:USC00454679,11
767,",,7,1700",TOBS,2018-01-26T00:00:00,GHCND:USC00454679,61
768,",,7,0800",PRCP,2018-01-26T00:00:00,GHCND:USC00455387,3
769,",,7,0400",PRCP,2018-01-26T00:00:00,GHCND:USC00458932,5
770,",,7,",SNOW,2018-01-26T00:00:00,GHCND:USC00458932,0
771,",,7,0400",SNWD,2018-01-26T00:00:00,GHCND:USC00458932,0
772,",,7,0800",PRCP,2018-01-26T00:00:00,GHCND:USC00459200,8
773,",,7,0800",TMAX,2018-01-26T00:00:00,GHCND:USC00459200,133
774,",,7,0800",TMIN,2018-01-26T00:00:00,GHCND:USC00459200,-17
775,",,7,0800",TOBS,2018-01-26T00:00:00,GHCND:USC00459200,39
776,",,7,",WDMV,2018-01-26T00:00:00,GHCND:USC00459200,53
777,",,W,",AWND,2018-01-26T00:00:00,GHCND:USW00024160,47
778,",,W,",PRCP,2018-01-26T00:00:00,GHCND:USW00024160,0
779,",,W,",SNOW,2018-01-26T00:00:00,GHCND:USW00024160,0
780,",,W,",SNWD,2018-01-26T00:00:00,GHCND:USW00024160,0
781,",,W,",TMAX,2018-01-26T00:00:00,GHCND:USW00024160,83
782,",,W,",TMIN,2018-01-26T00:00:00,GHCND:USW00024160,28
783,",,W,",WDF2,2018-01-26T00:00:00,GHCND:USW00024160,190
784,",,W,",WDF5,2018-01-26T00:00:00,GHCND:USW00024160,190
785,",,W,",WSF2,2018-01-26T00:00:00,GHCND:USW00024160,89
786,",,W,",WSF5,2018-01-26T00:00:00,GHCND:USW00024160,116
787,",,N,",PRCP,2018-01-27T00:00:00,GHCND:US1WAWW0009,0
788,",,7,0900",PRCP,2018-01-27T00:00:00,GHCND:USC00355593,0
789,",,7,0900",TMAX,2018-01-27T00:00:00,GHCND:USC00355593,133
790,",,7,0900",TMIN,2018-01-27T00:00:00,GHCND:USC00355593,50
791,",,7,1700",PRCP,2018-01-27T00:00:00,GHCND:USC00454679,5
792,"T,,7,",SNOW,2018-01-27T00:00:00,GHCND:USC00454679,0
793,",,7,1700",SNWD,2018-01-27T00:00:00,GHCND:USC00454679,0
794,",,7,1700",TMAX,2018-01-27T00:00:00,GHCND:USC00454679,106
795,",,7,1700",TMIN,2018-01-27T00:00:00,GHCND:USC00454679,28
796,",,7,1700",TOBS,2018-01-27T00:00:00,GHCND:USC00454679,89
797,",,7,0400",PRCP,2018-01-27T00:00:00,GHCND:USC00458932,0
798,",,7,",SNOW,2018-01-27T00:00:00,GHCND:USC00458932,0
799,",,7,0400",SNWD,2018-01-27T00:00:00,GHCND:USC00458932,0
800,",,7,0800",PRCP,2018-01-27T00:00:00,GHCND:USC00459200,0
801,",,7,0800",TMAX,2018-01-27T00:00:00,GHCND:USC00459200,89
802,",,7,0800",TMIN,2018-01-27T00:00:00,GHCND:USC00459200,33
803,",,7,0800",TOBS,2018-01-27T00:00:00,GHCND:USC00459200,67
804,",,7,",WDMV,2018-01-27T00:00:00,GHCND:USC00459200,56
805,",,W,",AWND,2018-01-27T00:00:00,GHCND:USW00024160,73
806,",,W,",PRCP,2018-01-27T00:00:00,GHCND:USW00024160,3
807,",,W,",SNOW,2018-01-27T00:00:00,GHCND:USW00024160,0
808,",,W,",SNWD,2018-01-27T00:00:00,GHCND:USW00024160,0
809,",,W,",TMAX,2018-01-27T00:00:00,GHCND:USW00024160,133
810,",,W,",TMIN,2018-01-27T00:00:00,GHCND:USW00024160,61
811,",,W,",WDF2,2018-01-27T00:00:00,GHCND:USW00024160,220
812,",,W,",WDF5,2018-01-27T00:00:00,GHCND:USW00024160,180
813,",,W,",WSF2,2018-01-27T00:00:00,GHCND:USW00024160,130
814,",,W,",WSF5,2018-01-27T00:00:00,GHCND:USW00024160,165
815,",,N,",PRCP,2018-01-28T00:00:00,GHCND:US1WAWW0009,8
816,",,7,0900",PRCP,2018-01-28T00:00:00,GHCND:USC00355593,0
817,",,7,0900",TMAX,2018-01-28T00:00:00,GHCND:USC00355593,139
818,",,7,0900",TMIN,2018-01-28T00:00:00,GHCND:USC00355593,61
819,",,7,1700",PRCP,2018-01-28T00:00:00,GHCND:USC00454679,3
820,",,7,",SNOW,2018-01-28T00:00:00,GHCND:USC00454679,0
821,",,7,1700",SNWD,2018-01-28T00:00:00,GHCND:USC00454679,0
822,",,7,1700",TMAX,2018-01-28T00:00:00,GHCND:USC00454679,89
823,",,7,1700",TMIN,2018-01-28T00:00:00,GHCND:USC00454679,22
824,",,7,1700",TOBS,2018-01-28T00:00:00,GHCND:USC00454679,78
825,",,W,",AWND,2018-01-28T00:00:00,GHCND:USW00024160,11
826,",,W,",PRCP,2018-01-28T00:00:00,GHCND:USW00024160,8
827,",,W,",SNOW,2018-01-28T00:00:00,GHCND:USW00024160,0
828,",,W,",SNWD,2018-01-28T00:00:00,GHCND:USW00024160,0
829,",,W,",TMAX,2018-01-28T00:00:00,GHCND:USW00024160,139
830,",,W,",TMIN,2018-01-28T00:00:00,GHCND:USW00024160,67
831,",,W,",WDF2,2018-01-28T00:00:00,GHCND:USW00024160,190
832,",,W,",WDF5,2018-01-28T00:00:00,GHCND:USW00024160,190
833,",,W,",WSF2,2018-01-28T00:00:00,GHCND:USW00024160,67
834,",,W,",WSF5,2018-01-28T00:00:00,GHCND:USW00024160,76
835,",,W,",WT01,2018-01-28T00:00:00,GHCND:USW00024160,1
836,",,W,",WT02,2018-01-28T00:00:00,GHCND:USW00024160,1
837,",,N,",PRCP,2018-01-29T00:00:00,GHCND:US1WAWW0009,0
838,",,7,0900",PRCP,2018-01-29T00:00:00,GHCND:USC00355593,8
839,",,7,0900",TMAX,2018-01-29T00:00:00,GHCND:USC00355593,200
840,",,7,0900",TMIN,2018-01-29T00:00:00,GHCND:USC00355593,39
841,",,7,0900",TOBS,2018-01-29T00:00:00,GHCND:USC00355593,50
842,",,7,1700",PRCP,2018-01-29T00:00:00,GHCND:USC00454679,0
843,",,7,",SNOW,2018-01-29T00:00:00,GHCND:USC00454679,0
844,",,7,1700",SNWD,2018-01-29T00:00:00,GHCND:USC00454679,0
845,",,7,1700",TMAX,2018-01-29T00:00:00,GHCND:USC00454679,122
846,",,7,1700",TMIN,2018-01-29T00:00:00,GHCND:USC00454679,50
847,",,7,1700",TOBS,2018-01-29T00:00:00,GHCND:USC00454679,106
848,",,7,0800",PRCP,2018-01-29T00:00:00,GHCND:USC00455387,13
849,",,7,0800",PRCP,2018-01-29T00:00:00,GHCND:USC00459200,13
850,",,7,0800",TMAX,2018-01-29T00:00:00,GHCND:USC00459200,139
851,",,7,0800",TMIN,2018-01-29T00:00:00,GHCND:USC00459200,56
852,",,7,0800",TOBS,2018-01-29T00:00:00,GHCND:USC00459200,56
853,",,W,",AWND,2018-01-29T00:00:00,GHCND:USW00024160,30
854,"T,,W,",PRCP,2018-01-29T00:00:00,GHCND:USW00024160,0
855,",,W,",SNOW,2018-01-29T00:00:00,GHCND:USW00024160,0
856,",,W,",SNWD,2018-01-29T00:00:00,GHCND:USW00024160,0
857,",,W,",TMAX,2018-01-29T00:00:00,GHCND:USW00024160,194
858,",,W,",TMIN,2018-01-29T00:00:00,GHCND:USW00024160,33
859,",,W,",WDF2,2018-01-29T00:00:00,GHCND:USW00024160,280
860,",,W,",WDF5,2018-01-29T00:00:00,GHCND:USW00024160,240
861,",,W,",WSF2,2018-01-29T00:00:00,GHCND:USW00024160,98
862,",,W,",WSF5,2018-01-29T00:00:00,GHCND:USW00024160,139
863,",,W,",WT01,2018-01-29T00:00:00,GHCND:USW00024160,1
864,",,W,",WT02,2018-01-29T00:00:00,GHCND:USW00024160,1
865,",,N,",PRCP,2018-01-30T00:00:00,GHCND:US1WAWW0009,0
866,",,7,0900",PRCP,2018-01-30T00:00:00,GHCND:USC00355593,8
867,",,7,0900",TMAX,2018-01-30T00:00:00,GHCND:USC00355593,189
868,",,7,0900",TMIN,2018-01-30T00:00:00,GHCND:USC00355593,50
869,",,7,0900",TOBS,2018-01-30T00:00:00,GHCND:USC00355593,72
870,"T,,7,1700",PRCP,2018-01-30T00:00:00,GHCND:USC00454679,0
871,",,7,",SNOW,2018-01-30T00:00:00,GHCND:USC00454679,0
872,",,7,1700",SNWD,2018-01-30T00:00:00,GHCND:USC00454679,0
873,",,7,1700",TMAX,2018-01-30T00:00:00,GHCND:USC00454679,122
874,",,7,1700",TMIN,2018-01-30T00:00:00,GHCND:USC00454679,28
875,",,7,1700",TOBS,2018-01-30T00:00:00,GHCND:USC00454679,83
876,",,7,0800",PRCP,2018-01-30T00:00:00,GHCND:USC00455387,0
877,",,7,",DAPR,2018-01-30T00:00:00,GHCND:USC00458932,2
878,",,7,",MDPR,2018-01-30T00:00:00,GHCND:USC00458932,15
879,",,7,",SNOW,2018-01-30T00:00:00,GHCND:USC00458932,0
880,",,7,0400",SNWD,2018-01-30T00:00:00,GHCND:USC00458932,0
881,",,7,0800",PRCP,2018-01-30T00:00:00,GHCND:USC00459200,5
882,",,7,0800",TMAX,2018-01-30T00:00:00,GHCND:USC00459200,133
883,",,7,0800",TMIN,2018-01-30T00:00:00,GHCND:USC00459200,44
884,",,7,0800",TOBS,2018-01-30T00:00:00,GHCND:USC00459200,67
885,",,7,",WDMV,2018-01-30T00:00:00,GHCND:USC00459200,95
886,",,W,",AWND,2018-01-30T00:00:00,GHCND:USW00024160,58
887,",,W,",PRCP,2018-01-30T00:00:00,GHCND:USW00024160,0
888,",,W,",SNOW,2018-01-30T00:00:00,GHCND:USW00024160,0
889,",,W,",SNWD,2018-01-30T00:00:00,GHCND:USW00024160,0
890,",,W,",TMAX,2018-01-30T00:00:00,GHCND:USW00024160,111
891,",,W,",TMIN,2018-01-30T00:00:00,GHCND:USW00024160,28
892,",,W,",WDF2,2018-01-30T00:00:00,GHCND:USW00024160,220
893,",,W,",WDF5,2018-01-30T00:00:00,GHCND:USW00024160,210
894,",,W,",WSF2,2018-01-30T00:00:00,GHCND:USW00024160,103
895,",,W,",WSF5,2018-01-30T00:00:00,GHCND:USW00024160,125
896,",,N,",PRCP,2018-01-31T00:00:00,GHCND:US1WAWW0009,0
897,",,7,0900",PRCP,2018-01-31T00:00:00,GHCND:USC00355593,0
898,",,7,0900",TMAX,2018-01-31T00:00:00,GHCND:USC00355593,94
899,",,7,0900",TMIN,2018-01-31T00:00:00,GHCND:USC00355593,28
900,",,7,0900",TOBS,2018-01-31T00:00:00,GHCND:USC00355593,56
901,",,7,1700",PRCP,2018-01-31T00:00:00,GHCND:USC00454679,0
902,",,7,",SNOW,2018-01-31T00:00:00,GHCND:USC00454679,0
903,",,7,1700",SNWD,2018-01-31T00:00:00,GHCND:USC00454679,0
904,",,7,1700",TMAX,2018-01-31T00:00:00,GHCND:USC00454679,83
905,",,7,1700",TMIN,2018-01-31T00:00:00,GHCND:USC00454679,-17
906,",,7,1700",TOBS,2018-01-31T00:00:00,GHCND:USC00454679,56
907,",,7,0800",PRCP,2018-01-31T00:00:00,GHCND:USC00455387,0
908,",,7,0400",PRCP,2018-01-31T00:00:00,GHCND:USC00458932,0
909,",,7,",SNOW,2018-01-31T00:00:00,GHCND:USC00458932,0
910,",,7,0400",SNWD,2018-01-31T00:00:00,GHCND:USC00458932,0
911,",,7,0800",PRCP,2018-01-31T00:00:00,GHCND:USC00459200,0
912,",,7,0800",TMAX,2018-01-31T00:00:00,GHCND:USC00459200,106
913,",,7,0800",TMIN,2018-01-31T00:00:00,GHCND:USC00459200,0
914,",,7,0800",TOBS,2018-01-31T00:00:00,GHCND:USC00459200,22
915,",,7,",WDMV,2018-01-31T00:00:00,GHCND:USC00459200,171
916,",,W,",AWND,2018-01-31T00:00:00,GHCND:USW00024160,34
917,",,W,",PRCP,2018-01-31T00:00:00,GHCND:USW00024160,0
918,",,W,",SNOW,2018-01-31T00:00:00,GHCND:USW00024160,0
919,",,W,",SNWD,2018-01-31T00:00:00,GHCND:USW00024160,0
920,",,W,",TMAX,2018-01-31T00:00:00,GHCND:USW00024160,78
921,",,W,",TMIN,2018-01-31T00:00:00,GHCND:USW00024160,17
922,",,W,",WDF2,2018-01-31T00:00:00,GHCND:USW00024160,210
923,",,W,",WDF5,2018-01-31T00:00:00,GHCND:USW00024160,220
924,",,W,",WSF2,2018-01-31T00:00:00,GHCND:USW00024160,72
925,",,W,",WSF5,2018-01-31T00:00:00,GHCND:USW00024160,85
926,",,N,",PRCP,2018-02-01T00:00:00,GHCND:US1WAWW0009,0
927,",,7,0900",PRCP,2018-02-01T00:00:00,GHCND:USC00355593,0
928,",,7,0900",TMAX,2018-02-01T00:00:00,GHCND:USC00355593,117
929,",,7,0900",TMIN,2018-02-01T00:00:00,GHCND:USC00355593,33
930,",,7,0900",TOBS,2018-02-01T00:00:00,GHCND:USC00355593,78
931,",,7,1700",PRCP,2018-02-01T00:00:00,GHCND:USC00454679,0
932,",,7,",SNOW,2018-02-01T00:00:00,GHCND:USC00454679,0
933,",,7,1700",SNWD,2018-02-01T00:00:00,GHCND:USC00454679,0
934,",,7,1700",TMAX,2018-02-01T00:00:00,GHCND:USC00454679,61
935,",,7,1700",TMIN,2018-02-01T00:00:00,GHCND:USC00454679,-6
936,",,7,1700",TOBS,2018-02-01T00:00:00,GHCND:USC00454679,61
937,",,7,0800",PRCP,2018-02-01T00:00:00,GHCND:USC00455387,0
938,",,7,0400",PRCP,2018-02-01T00:00:00,GHCND:USC00458932,0
939,",,7,",SNOW,2018-02-01T00:00:00,GHCND:USC00458932,0
940,",,7,0400",SNWD,2018-02-01T00:00:00,GHCND:USC00458932,0
941,",,7,0800",PRCP,2018-02-01T00:00:00,GHCND:USC00459200,0
942,",,7,0800",TMAX,2018-02-01T00:00:00,GHCND:USC00459200,83
943,",,7,0800",TMIN,2018-02-01T00:00:00,GHCND:USC00459200,-17
944,",,7,0800",TOBS,2018-02-01T00:00:00,GHCND:USC00459200,-6
945,",,7,",WDMV,2018-02-01T00:00:00,GHCND:USC00459200,26
946,",,W,",AWND,2018-02-01T00:00:00,GHCND:USW00024160,21
947,",,W,",PRCP,2018-02-01T00:00:00,GHCND:USW00024160,81
948,",,W,",SNOW,2018-02-01T00:00:00,GHCND:USW00024160,0
949,",,W,",SNWD,2018-02-01T00:00:00,GHCND:USW00024160,0
950,",,W,",TMAX,2018-02-01T00:00:00,GHCND:USW00024160,106
951,",,W,",TMIN,2018-02-01T00:00:00,GHCND:USW00024160,17
952,",,W,",WDF2,2018-02-01T00:00:00,GHCND:USW00024160,230
953,",,W,",WDF5,2018-02-01T00:00:00,GHCND:USW00024160,240
954,",,W,",WSF2,2018-02-01T00:00:00,GHCND:USW00024160,63
955,",,W,",WSF5,2018-02-01T00:00:00,GHCND:USW00024160,81
956,",,W,",WT01,2018-02-01T00:00:00,GHCND:USW00024160,1
957,",,N,",PRCP,2018-02-02T00:00:00,GHCND:US1WAWW0005,107
958,",,N,",PRCP,2018-02-02T00:00:00,GHCND:US1WAWW0006,114
959,",,N,",PRCP,2018-02-02T00:00:00,GHCND:US1WAWW0009,91
960,",,N,",PRCP,2018-02-02T00:00:00,GHCND:US1WAWW0019,114
961,",,7,0900",PRCP,2018-02-02T00:00:00,GHCND:USC00355593,53
962,",,7,0900",TMAX,2018-02-02T00:00:00,GHCND:USC00355593,150
963,",,7,0900",TMIN,2018-02-02T00:00:00,GHCND:USC00355593,56
964,",,7,0900",TOBS,2018-02-02T00:00:00,GHCND:USC00355593,122
965,",,7,1700",PRCP,2018-02-02T00:00:00,GHCND:USC00454679,104
966,",,7,",SNOW,2018-02-02T00:00:00,GHCND:USC00454679,0
967,",,7,1700",TMAX,2018-02-02T00:00:00,GHCND:USC00454679,111
968,",,7,1700",TMIN,2018-02-02T00:00:00,GHCND:USC00454679,39
969,",,7,1700",TOBS,2018-02-02T00:00:00,GHCND:USC00454679,106
970,",,7,0800",PRCP,2018-02-02T00:00:00,GHCND:USC00455387,135
971,",,7,0400",PRCP,2018-02-02T00:00:00,GHCND:USC00458932,127
972,",,7,",SNOW,2018-02-02T00:00:00,GHCND:USC00458932,0
973,",,7,0400",SNWD,2018-02-02T00:00:00,GHCND:USC00458932,0
974,",,7,0800",PRCP,2018-02-02T00:00:00,GHCND:USC00459200,89
975,",,7,0800",TMAX,2018-02-02T00:00:00,GHCND:USC00459200,94
976,",,7,0800",TMIN,2018-02-02T00:00:00,GHCND:USC00459200,-11
977,",,7,0800",TOBS,2018-02-02T00:00:00,GHCND:USC00459200,67
978,",,7,",WDMV,2018-02-02T00:00:00,GHCND:USC00459200,27
979,",,W,",AWND,2018-02-02T00:00:00,GHCND:USW00024160,53
980,",,W,",PRCP,2018-02-02T00:00:00,GHCND:USW00024160,51
981,",,W,",SNOW,2018-02-02T00:00:00,GHCND:USW00024160,0
982,",,W,",SNWD,2018-02-02T00:00:00,GHCND:USW00024160,0
983,",,W,",TMAX,2018-02-02T00:00:00,GHCND:USW00024160,156
984,",,W,",TMIN,2018-02-02T00:00:00,GHCND:USW00024160,67
985,",,W,",WDF2,2018-02-02T00:00:00,GHCND:USW00024160,210
986,",,W,",WDF5,2018-02-02T00:00:00,GHCND:USW00024160,190
987,",,W,",WSF2,2018-02-02T00:00:00,GHCND:USW00024160,98
988,",,W,",WSF5,2018-02-02T00:00:00,GHCND:USW00024160,139
989,",,W,",WT01,2018-02-02T00:00:00,GHCND:USW00024160,1
990,",,N,",PRCP,2018-02-03T00:00:00,GHCND:US1WAWW0009,15
991,",,7,0900",PRCP,2018-02-03T00:00:00,GHCND:USC00355593,0
992,",,7,0900",TMAX,2018-02-03T00:00:00,GHCND:USC00355593,156
993,",,7,0900",TMIN,2018-02-03T00:00:00,GHCND:USC00355593,111
994,",,7,1700",PRCP,2018-02-03T00:00:00,GHCND:USC00454679,0
995,",,7,",SNOW,2018-02-03T00:00:00,GHCND:USC00454679,0
996,",,7,1700",TMAX,2018-02-03T00:00:00,GHCND:USC00454679,150
997,",,7,1700",TMIN,2018-02-03T00:00:00,GHCND:USC00454679,61
998,",,7,1700",TOBS,2018-02-03T00:00:00,GHCND:USC00454679,128
999,",,7,0400",PRCP,2018-02-03T00:00:00,GHCND:USC00458932,18
0,",,7,0400",PRCP,2018-02-03T00:00:00,GHCND:USC00458932,18
1,",,7,",SNOW,2018-02-03T00:00:00,GHCND:USC00458932,0
2,",,7,0400",SNWD,2018-02-03T00:00:00,GHCND:USC00458932,0
3,",,7,0800",PRCP,2018-02-03T00:00:00,GHCND:USC00459200,15
4,",,7,0800",TMAX,2018-02-03T00:00:00,GHCND:USC00459200,150
5,",,7,0800",TMIN,2018-02-03T00:00:00,GHCND:USC00459200,61
6,",,7,0800",TOBS,2018-02-03T00:00:00,GHCND:USC00459200,122
7,",,7,",WDMV,2018-02-03T00:00:00,GHCND:USC00459200,130
8,",,W,",AWND,2018-02-03T00:00:00,GHCND:USW00024160,64
9,",,W,",PRCP,2018-02-03T00:00:00,GHCND:USW00024160,28
10,",,W,",SNOW,2018-02-03T00:00:00,GHCND:USW00024160,0
11,",,W,",SNWD,2018-02-03T00:00:00,GHCND:USW00024160,0
12,",,W,",TMAX,2018-02-03T00:00:00,GHCND:USW00024160,139
13,",,W,",TMIN,2018-02-03T00:00:00,GHCND:USW00024160,111
14,",,W,",WDF2,2018-02-03T00:00:00,GHCND:USW00024160,230
15,",,W,",WDF5,2018-02-03T00:00:00,GHCND:USW00024160,220
16,",,W,",WSF2,2018-02-03T00:00:00,GHCND:USW00024160,112
17,",,W,",WSF5,2018-02-03T00:00:00,GHCND:USW00024160,152
18,",,N,",PRCP,2018-02-04T00:00:00,GHCND:US1WAWW0009,8
19,",,7,0900",PRCP,2018-02-04T00:00:00,GHCND:USC00355593,0
20,",,7,0900",TMAX,2018-02-04T00:00:00,GHCND:USC00355593,150
21,",,7,0900",TMIN,2018-02-04T00:00:00,GHCND:USC00355593,111
22,",,7,1700",PRCP,2018-02-04T00:00:00,GHCND:USC00454679,0
23,",,7,",SNOW,2018-02-04T00:00:00,GHCND:USC00454679,0
24,",,7,1700",TMAX,2018-02-04T00:00:00,GHCND:USC00454679,144
25,",,7,1700",TMIN,2018-02-04T00:00:00,GHCND:USC00454679,78
26,",,7,1700",TOBS,2018-02-04T00:00:00,GHCND:USC00454679,139
27,",,W,",AWND,2018-02-04T00:00:00,GHCND:USW00024160,66
28,",,W,",PRCP,2018-02-04T00:00:00,GHCND:USW00024160,43
29,",,W,",SNOW,2018-02-04T00:00:00,GHCND:USW00024160,0
30,",,W,",SNWD,2018-02-04T00:00:00,GHCND:USW00024160,0
31,",,W,",TMAX,2018-02-04T00:00:00,GHCND:USW00024160,150
32,",,W,",TMIN,2018-02-04T00:00:00,GHCND:USW00024160,106
33,",,W,",WDF2,2018-02-04T00:00:00,GHCND:USW00024160,230
34,",,W,",WDF5,2018-02-04T00:00:00,GHCND:USW00024160,220
35,",,W,",WSF2,2018-02-04T00:00:00,GHCND:USW00024160,107
36,",,W,",WSF5,2018-02-04T00:00:00,GHCND:USW00024160,134
37,",,N,",PRCP,2018-02-05T00:00:00,GHCND:US1WAWW0009,8
38,",,7,0900",PRCP,2018-02-05T00:00:00,GHCND:USC00355593,0
39,",,7,0900",TMAX,2018-02-05T00:00:00,GHCND:USC00355593,156
40,",,7,0900",TMIN,2018-02-05T00:00:00,GHCND:USC00355593,94
41,",,7,0900",TOBS,2018-02-05T00:00:00,GHCND:USC00355593,106
42,",,7,1700",PRCP,2018-02-05T00:00:00,GHCND:USC00454679,0
43,",,7,",SNOW,2018-02-05T00:00:00,GHCND:USC00454679,0
44,",,7,1700",TMAX,2018-02-05T00:00:00,GHCND:USC00454679,139
45,",,7,1700",TMIN,2018-02-05T00:00:00,GHCND:USC00454679,50
46,",,7,1700",TOBS,2018-02-05T00:00:00,GHCND:USC00454679,128
47,",,7,0800",PRCP,2018-02-05T00:00:00,GHCND:USC00455387,122
48,",,7,",DAPR,2018-02-05T00:00:00,GHCND:USC00459200,2
49,",,7,",MDPR,2018-02-05T00:00:00,GHCND:USC00459200,25
50,",,7,0800",TMAX,2018-02-05T00:00:00,GHCND:USC00459200,150
51,",,7,0800",TMIN,2018-02-05T00:00:00,GHCND:USC00459200,89
52,",,7,0800",TOBS,2018-02-05T00:00:00,GHCND:USC00459200,89
53,",,7,",WDMV,2018-02-05T00:00:00,GHCND:USC00459200,489
54,",,W,",AWND,2018-02-05T00:00:00,GHCND:USW00024160,53
55,"T,,W,",PRCP,2018-02-05T00:00:00,GHCND:USW00024160,0
56,",,W,",SNOW,2018-02-05T00:00:00,GHCND:USW00024160,0
57,",,W,",SNWD,2018-02-05T00:00:00,GHCND:USW00024160,0
58,",,W,",TMAX,2018-02-05T00:00:00,GHCND:USW00024160,139
59,",,W,",TMIN,2018-02-05T00:00:00,GHCND:USW00024160,83
60,",,W,",WDF2,2018-02-05T00:00:00,GHCND:USW00024160,190
61,",,W,",WDF5,2018-02-05T00:00:00,GHCND:USW00024160,220
62,",,W,",WSF2,2018-02-05T00:00:00,GHCND:USW00024160,81
63,",,W,",WSF5,2018-02-05T00:00:00,GHCND:USW00024160,103
64,",,N,",PRCP,2018-02-06T00:00:00,GHCND:US1WAWW0009,0
65,",,7,0900",PRCP,2018-02-06T00:00:00,GHCND:USC00355593,0
66,",,7,0900",TMAX,2018-02-06T00:00:00,GHCND:USC00355593,194
67,",,7,0900",TMIN,2018-02-06T00:00:00,GHCND:USC00355593,72
68,",,7,0900",TOBS,2018-02-06T00:00:00,GHCND:USC00355593,83
69,",,7,1700",PRCP,2018-02-06T00:00:00,GHCND:USC00454679,0
70,",,7,",SNOW,2018-02-06T00:00:00,GHCND:USC00454679,0
71,",,7,1700",TMAX,2018-02-06T00:00:00,GHCND:USC00454679,128
72,",,7,1700",TMIN,2018-02-06T00:00:00,GHCND:USC00454679,6
73,",,7,1700",TOBS,2018-02-06T00:00:00,GHCND:USC00454679,106
74,",,7,0800",PRCP,2018-02-06T00:00:00,GHCND:USC00455387,0
75,",,7,",DAPR,2018-02-06T00:00:00,GHCND:USC00458932,3
76,",,7,",MDPR,2018-02-06T00:00:00,GHCND:USC00458932,91
77,",,7,",SNOW,2018-02-06T00:00:00,GHCND:USC00458932,0
78,",,7,0400",SNWD,2018-02-06T00:00:00,GHCND:USC00458932,0
79,"T,,7,0800",PRCP,2018-02-06T00:00:00,GHCND:USC00459200,0
80,",,7,0800",TMAX,2018-02-06T00:00:00,GHCND:USC00459200,150
81,",,7,0800",TMIN,2018-02-06T00:00:00,GHCND:USC00459200,67
82,",,7,0800",TOBS,2018-02-06T00:00:00,GHCND:USC00459200,67
83,",,7,",WDMV,2018-02-06T00:00:00,GHCND:USC00459200,130
84,",,W,",AWND,2018-02-06T00:00:00,GHCND:USW00024160,49
85,",,W,",PRCP,2018-02-06T00:00:00,GHCND:USW00024160,0
86,",,W,",SNOW,2018-02-06T00:00:00,GHCND:USW00024160,0
87,",,W,",SNWD,2018-02-06T00:00:00,GHCND:USW00024160,0
88,",,W,",TMAX,2018-02-06T00:00:00,GHCND:USW00024160,133
89,",,W,",TMIN,2018-02-06T00:00:00,GHCND:USW00024160,72
90,",,W,",WDF2,2018-02-06T00:00:00,GHCND:USW00024160,210
91,",,W,",WDF5,2018-02-06T00:00:00,GHCND:USW00024160,220
92,",,W,",WSF2,2018-02-06T00:00:00,GHCND:USW00024160,76
93,",,W,",WSF5,2018-02-06T00:00:00,GHCND:USW00024160,98
94,",,N,",PRCP,2018-02-07T00:00:00,GHCND:US1WAWW0009,0
95,",,7,0900",PRCP,2018-02-07T00:00:00,GHCND:USC00355593,0
96,",,7,0900",TMAX,2018-02-07T00:00:00,GHCND:USC00355593,167
97,",,7,0900",TMIN,2018-02-07T00:00:00,GHCND:USC00355593,83
98,",,7,0900",TOBS,2018-02-07T00:00:00,GHCND:USC00355593,150
99,",,7,1700",PRCP,2018-02-07T00:00:00,GHCND:USC00454679,0
100,",,7,",SNOW,2018-02-07T00:00:00,GHCND:USC00454679,0
101,",,7,1700",TMAX,2018-02-07T00:00:00,GHCND:USC00454679,106
102,",,7,1700",TMIN,2018-02-07T00:00:00,GHCND:USC00454679,56
103,",,7,1700",TOBS,2018-02-07T00:00:00,GHCND:USC00454679,89
104,",,7,0800",PRCP,2018-02-07T00:00:00,GHCND:USC00455387,0
105,",,7,0400",PRCP,2018-02-07T00:00:00,GHCND:USC00458932,0
106,",,7,",SNOW,2018-02-07T00:00:00,GHCND:USC00458932,0
107,",,7,0400",SNWD,2018-02-07T00:00:00,GHCND:USC00458932,0
108,",,7,0800",PRCP,2018-02-07T00:00:00,GHCND:USC00459200,0
109,",,7,0800",TMAX,2018-02-07T00:00:00,GHCND:USC00459200,144
110,",,7,0800",TMIN,2018-02-07T00:00:00,GHCND:USC00459200,56
111,",,7,0800",TOBS,2018-02-07T00:00:00,GHCND:USC00459200,83
112,",,7,",WDMV,2018-02-07T00:00:00,GHCND:USC00459200,63
113,",,W,",AWND,2018-02-07T00:00:00,GHCND:USW00024160,45
114,",,W,",PRCP,2018-02-07T00:00:00,GHCND:USW00024160,0
115,",,W,",SNOW,2018-02-07T00:00:00,GHCND:USW00024160,0
116,",,W,",SNWD,2018-02-07T00:00:00,GHCND:USW00024160,0
117,",,W,",TMAX,2018-02-07T00:00:00,GHCND:USW00024160,150
118,",,W,",TMIN,2018-02-07T00:00:00,GHCND:USW00024160,72
119,",,W,",WDF2,2018-02-07T00:00:00,GHCND:USW00024160,200
120,",,W,",WDF5,2018-02-07T00:00:00,GHCND:USW00024160,200
121,",,W,",WSF2,2018-02-07T00:00:00,GHCND:USW00024160,94
122,",,W,",WSF5,2018-02-07T00:00:00,GHCND:USW00024160,107
123,",,N,",PRCP,2018-02-08T00:00:00,GHCND:US1WAWW0009,0
124,",,N,",SNOW,2018-02-08T00:00:00,GHCND:US1WAWW0009,0
125,",,7,0900",PRCP,2018-02-08T00:00:00,GHCND:USC00355593,0
126,",,7,0900",TMAX,2018-02-08T00:00:00,GHCND:USC00355593,178
127,",,7,0900",TMIN,2018-02-08T00:00:00,GHCND:USC00355593,122
128,",,7,0900",TOBS,2018-02-08T00:00:00,GHCND:USC00355593,156
129,",,7,1700",PRCP,2018-02-08T00:00:00,GHCND:USC00454679,0
130,",,7,",SNOW,2018-02-08T00:00:00,GHCND:USC00454679,0
131,",,7,1700",TMAX,2018-02-08T00:00:00,GHCND:USC00454679,156
132,",,7,1700",TMIN,2018-02-08T00:00:00,GHCND:USC00454679,72
133,",,7,1700",TOBS,2018-02-08T00:00:00,GHCND:USC00454679,144
134,",,7,0800",PRCP,2018-02-08T00:00:00,GHCND:USC00455387,0
135,",,7,0400",PRCP,2018-02-08T00:00:00,GHCND:USC00458932,0
136,",,7,",SNOW,2018-02-08T00:00:00,GHCND:USC00458932,0
137,",,7,0400",SNWD,2018-02-08T00:00:00,GHCND:USC00458932,0
138,",,7,0800",PRCP,2018-02-08T00:00:00,GHCND:USC00459200,0
139,",,7,0800",TMAX,2018-02-08T00:00:00,GHCND:USC00459200,150
140,",,7,0800",TMIN,2018-02-08T00:00:00,GHCND:USC00459200,67
141,",,7,0800",TOBS,2018-02-08T00:00:00,GHCND:USC00459200,144
142,",,7,",WDMV,2018-02-08T00:00:00,GHCND:USC00459200,51
143,",,W,",AWND,2018-02-08T00:00:00,GHCND:USW00024160,62
144,",,W,",PRCP,2018-02-08T00:00:00,GHCND:USW00024160,0
145,",,W,",SNOW,2018-02-08T00:00:00,GHCND:USW00024160,0
146,",,W,",SNWD,2018-02-08T00:00:00,GHCND:USW00024160,0
147,",,W,",TMAX,2018-02-08T00:00:00,GHCND:USW00024160,167
148,",,W,",TMIN,2018-02-08T00:00:00,GHCND:USW00024160,89
149,",,W,",WDF2,2018-02-08T00:00:00,GHCND:USW00024160,240
150,",,W,",WDF5,2018-02-08T00:00:00,GHCND:USW00024160,230
151,",,W,",WSF2,2018-02-08T00:00:00,GHCND:USW00024160,116
152,",,W,",WSF5,2018-02-08T00:00:00,GHCND:USW00024160,148
153,",,N,",PRCP,2018-02-09T00:00:00,GHCND:US1WAWW0009,0
154,",,N,",SNOW,2018-02-09T00:00:00,GHCND:US1WAWW0009,0
155,",,7,0900",PRCP,2018-02-09T00:00:00,GHCND:USC00355593,0
156,",,7,0900",TMAX,2018-02-09T00:00:00,GHCND:USC00355593,172
157,",,7,0900",TMIN,2018-02-09T00:00:00,GHCND:USC00355593,50
158,",,7,0900",TOBS,2018-02-09T00:00:00,GHCND:USC00355593,67
159,",,7,1700",PRCP,2018-02-09T00:00:00,GHCND:USC00454679,0
160,",,7,",SNOW,2018-02-09T00:00:00,GHCND:USC00454679,0
161,",,7,1700",TMAX,2018-02-09T00:00:00,GHCND:USC00454679,144
162,",,7,1700",TMIN,2018-02-09T00:00:00,GHCND:USC00454679,6
163,",,7,1700",TOBS,2018-02-09T00:00:00,GHCND:USC00454679,56
164,",,7,0800",PRCP,2018-02-09T00:00:00,GHCND:USC00455387,0
165,",,7,0400",PRCP,2018-02-09T00:00:00,GHCND:USC00458932,0
166,",,7,",SNOW,2018-02-09T00:00:00,GHCND:USC00458932,0
167,",,7,0400",SNWD,2018-02-09T00:00:00,GHCND:USC00458932,0
168,",,7,0800",PRCP,2018-02-09T00:00:00,GHCND:USC00459200,0
169,",,7,0800",TMAX,2018-02-09T00:00:00,GHCND:USC00459200,172
170,",,7,0800",TMIN,2018-02-09T00:00:00,GHCND:USC00459200,39
171,",,7,0800",TOBS,2018-02-09T00:00:00,GHCND:USC00459200,39
172,",,7,",WDMV,2018-02-09T00:00:00,GHCND:USC00459200,206
173,",,W,",AWND,2018-02-09T00:00:00,GHCND:USW00024160,23
174,",,W,",PRCP,2018-02-09T00:00:00,GHCND:USW00024160,0
175,",,W,",SNOW,2018-02-09T00:00:00,GHCND:USW00024160,0
176,",,W,",SNWD,2018-02-09T00:00:00,GHCND:USW00024160,0
177,",,W,",TMAX,2018-02-09T00:00:00,GHCND:USW00024160,94
178,",,W,",TMIN,2018-02-09T00:00:00,GHCND:USW00024160,33
179,",,W,",WDF2,2018-02-09T00:00:00,GHCND:USW00024160,330
180,",,W,",WDF5,2018-02-09T00:00:00,GHCND:USW00024160,200
181,",,W,",WSF2,2018-02-09T00:00:00,GHCND:USW00024160,45
182,",,W,",WSF5,2018-02-09T00:00:00,GHCND:USW00024160,58
183,",,N,",PRCP,2018-02-10T00:00:00,GHCND:US1WAWW0009,0
184,",,N,",SNOW,2018-02-10T00:00:00,GHCND:US1WAWW0009,0
185,",,7,0900",PRCP,2018-02-10T00:00:00,GHCND:USC00355593,0
186,",,7,0900",TMAX,2018-02-10T00:00:00,GHCND:USC00355593,89
187,",,7,0900",TMIN,2018-02-10T00:00:00,GHCND:USC00355593,-22
188,",,7,1700",PRCP,2018-02-10T00:00:00,GHCND:USC00454679,0
189,",,7,",SNOW,2018-02-10T00:00:00,GHCND:USC00454679,0
190,",,7,1700",TMAX,2018-02-10T00:00:00,GHCND:USC00454679,61
191,",,7,1700",TMIN,2018-02-10T00:00:00,GHCND:USC00454679,-44
192,",,7,1700",TOBS,2018-02-10T00:00:00,GHCND:USC00454679,39
193,",,7,0400",PRCP,2018-02-10T00:00:00,GHCND:USC00458932,0
194,",,7,",SNOW,2018-02-10T00:00:00,GHCND:USC00458932,0
195,",,7,0400",SNWD,2018-02-10T00:00:00,GHCND:USC00458932,0
196,",,7,0800",PRCP,2018-02-10T00:00:00,GHCND:USC00459200,0
197,",,7,0800",TMAX,2018-02-10T00:00:00,GHCND:USC00459200,106
198,",,7,0800",TMIN,2018-02-10T00:00:00,GHCND:USC00459200,-22
199,",,7,0800",TOBS,2018-02-10T00:00:00,GHCND:USC00459200,-22
200,",,7,",WDMV,2018-02-10T00:00:00,GHCND:USC00459200,29
201,",,W,",AWND,2018-02-10T00:00:00,GHCND:USW00024160,34
202,",,W,",PRCP,2018-02-10T00:00:00,GHCND:USW00024160,0
203,",,W,",SNOW,2018-02-10T00:00:00,GHCND:USW00024160,0
204,",,W,",SNWD,2018-02-10T00:00:00,GHCND:USW00024160,0
205,",,W,",TMAX,2018-02-10T00:00:00,GHCND:USW00024160,61
206,",,W,",TMIN,2018-02-10T00:00:00,GHCND:USW00024160,-16
207,",,W,",WDF2,2018-02-10T00:00:00,GHCND:USW00024160,210
208,",,W,",WDF5,2018-02-10T00:00:00,GHCND:USW00024160,220
209,",,W,",WSF2,2018-02-10T00:00:00,GHCND:USW00024160,58
210,",,W,",WSF5,2018-02-10T00:00:00,GHCND:USW00024160,72
211,",,N,",PRCP,2018-02-11T00:00:00,GHCND:US1WAWW0009,0
212,",,N,",SNOW,2018-02-11T00:00:00,GHCND:US1WAWW0009,0
213,",,7,0900",PRCP,2018-02-11T00:00:00,GHCND:USC00355593,0
214,",,7,0900",TMAX,2018-02-11T00:00:00,GHCND:USC00355593,78
215,",,7,0900",TMIN,2018-02-11T00:00:00,GHCND:USC00355593,6
216,",,7,1700",PRCP,2018-02-11T00:00:00,GHCND:USC00454679,0
217,",,7,",SNOW,2018-02-11T00:00:00,GHCND:USC00454679,0
218,",,7,1700",TMAX,2018-02-11T00:00:00,GHCND:USC00454679,56
219,",,7,1700",TMIN,2018-02-11T00:00:00,GHCND:USC00454679,-17
220,",,7,1700",TOBS,2018-02-11T00:00:00,GHCND:USC00454679,44
221,",,W,",AWND,2018-02-11T00:00:00,GHCND:USW00024160,28
222,",,W,",PRCP,2018-02-11T00:00:00,GHCND:USW00024160,0
223,",,W,",SNOW,2018-02-11T00:00:00,GHCND:USW00024160,0
224,",,W,",SNWD,2018-02-11T00:00:00,GHCND:USW00024160,0
225,",,W,",TMAX,2018-02-11T00:00:00,GHCND:USW00024160,61
226,",,W,",TMIN,2018-02-11T00:00:00,GHCND:USW00024160,-5
227,",,W,",WDF2,2018-02-11T00:00:00,GHCND:USW00024160,190
228,",,W,",WDF5,2018-02-11T00:00:00,GHCND:USW00024160,190
229,",,W,",WSF2,2018-02-11T00:00:00,GHCND:USW00024160,58
230,",,W,",WSF5,2018-02-11T00:00:00,GHCND:USW00024160,63
231,",,N,",PRCP,2018-02-12T00:00:00,GHCND:US1WAWW0009,0
232,",,N,",SNOW,2018-02-12T00:00:00,GHCND:US1WAWW0009,0
233,",,7,0900",PRCP,2018-02-12T00:00:00,GHCND:USC00355593,0
234,",,7,0900",TMAX,2018-02-12T00:00:00,GHCND:USC00355593,28
235,",,7,0900",TMIN,2018-02-12T00:00:00,GHCND:USC00355593,-50
236,",,7,0900",TOBS,2018-02-12T00:00:00,GHCND:USC00355593,-22
237,",,7,1700",PRCP,2018-02-12T00:00:00,GHCND:USC00454679,0
238,",,7,",SNOW,2018-02-12T00:00:00,GHCND:USC00454679,0
239,",,7,1700",TMAX,2018-02-12T00:00:00,GHCND:USC00454679,44
240,",,7,1700",TMIN,2018-02-12T00:00:00,GHCND:USC00454679,-44
241,",,7,1700",TOBS,2018-02-12T00:00:00,GHCND:USC00454679,28
242,",,7,0800",PRCP,2018-02-12T00:00:00,GHCND:USC00455387,0
243,",,7,",DAPR,2018-02-12T00:00:00,GHCND:USC00459200,2
244,",,7,",MDPR,2018-02-12T00:00:00,GHCND:USC00459200,0
245,",,7,0800",TMAX,2018-02-12T00:00:00,GHCND:USC00459200,78
246,",,7,0800",TMIN,2018-02-12T00:00:00,GHCND:USC00459200,-61
247,",,7,0800",TOBS,2018-02-12T00:00:00,GHCND:USC00459200,-61
248,",,7,",WDMV,2018-02-12T00:00:00,GHCND:USC00459200,82
249,",,W,",AWND,2018-02-12T00:00:00,GHCND:USW00024160,34
250,",,W,",PRCP,2018-02-12T00:00:00,GHCND:USW00024160,0
251,",,W,",SNOW,2018-02-12T00:00:00,GHCND:USW00024160,0
252,",,W,",SNWD,2018-02-12T00:00:00,GHCND:USW00024160,0
253,",,W,",TMAX,2018-02-12T00:00:00,GHCND:USW00024160,22
254,",,W,",TMIN,2018-02-12T00:00:00,GHCND:USW00024160,-43
255,",,W,",WDF2,2018-02-12T00:00:00,GHCND:USW00024160,220
256,",,W,",WDF5,2018-02-12T00:00:00,GHCND:USW00024160,210
257,",,W,",WSF2,2018-02-12T00:00:00,GHCND:USW00024160,63
258,",,W,",WSF5,2018-02-12T00:00:00,GHCND:USW00024160,81
259,",,N,",PRCP,2018-02-13T00:00:00,GHCND:US1WAWW0009,0
260,",,N,",SNOW,2018-02-13T00:00:00,GHCND:US1WAWW0009,0
261,",,7,0900",PRCP,2018-02-13T00:00:00,GHCND:USC00355593,25
262,",,7,0900",TMAX,2018-02-13T00:00:00,GHCND:USC00355593,72
263,",,7,0900",TMIN,2018-02-13T00:00:00,GHCND:USC00355593,-50
264,",,7,0900",TOBS,2018-02-13T00:00:00,GHCND:USC00355593,22
265,",,7,1700",PRCP,2018-02-13T00:00:00,GHCND:USC00454679,0
266,",,7,",SNOW,2018-02-13T00:00:00,GHCND:USC00454679,0
267,",,7,1700",TMAX,2018-02-13T00:00:00,GHCND:USC00454679,61
268,",,7,1700",TMIN,2018-02-13T00:00:00,GHCND:USC00454679,-61
269,",,7,1700",TOBS,2018-02-13T00:00:00,GHCND:USC00454679,44
270,",,7,0800",PRCP,2018-02-13T00:00:00,GHCND:USC00455387,0
271,",,7,0800",PRCP,2018-02-13T00:00:00,GHCND:USC00459200,0
272,",,7,0800",TMAX,2018-02-13T00:00:00,GHCND:USC00459200,33
273,",,7,0800",TMIN,2018-02-13T00:00:00,GHCND:USC00459200,-72
274,",,7,0800",TOBS,2018-02-13T00:00:00,GHCND:USC00459200,-72
275,",,7,",WDMV,2018-02-13T00:00:00,GHCND:USC00459200,40
276,",,W,",AWND,2018-02-13T00:00:00,GHCND:USW00024160,19
277,",,W,",PRCP,2018-02-13T00:00:00,GHCND:USW00024160,0
278,",,W,",SNOW,2018-02-13T00:00:00,GHCND:USW00024160,0
279,",,W,",SNWD,2018-02-13T00:00:00,GHCND:USW00024160,0
280,",,W,",TMAX,2018-02-13T00:00:00,GHCND:USW00024160,78
281,",,W,",TMIN,2018-02-13T00:00:00,GHCND:USW00024160,-49
282,",,W,",WDF2,2018-02-13T00:00:00,GHCND:USW00024160,80
283,",,W,",WDF5,2018-02-13T00:00:00,GHCND:USW00024160,220
284,",,W,",WSF2,2018-02-13T00:00:00,GHCND:USW00024160,40
285,",,W,",WSF5,2018-02-13T00:00:00,GHCND:USW00024160,58
286,",,N,",PRCP,2018-02-14T00:00:00,GHCND:US1WAWW0009,8
287,",,7,0900",PRCP,2018-02-14T00:00:00,GHCND:USC00355593,0
288,",,7,0900",TMAX,2018-02-14T00:00:00,GHCND:USC00355593,83
289,",,7,0900",TMIN,2018-02-14T00:00:00,GHCND:USC00355593,-6
290,",,7,0900",TOBS,2018-02-14T00:00:00,GHCND:USC00355593,28
291,",,7,1700",PRCP,2018-02-14T00:00:00,GHCND:USC00454679,109
292,",,7,",SNOW,2018-02-14T00:00:00,GHCND:USC00454679,102
293,",,7,1700",SNWD,2018-02-14T00:00:00,GHCND:USC00454679,76
294,",,7,1700",TMAX,2018-02-14T00:00:00,GHCND:USC00454679,44
295,",,7,1700",TMIN,2018-02-14T00:00:00,GHCND:USC00454679,-6
296,",,7,1700",TOBS,2018-02-14T00:00:00,GHCND:USC00454679,28
297,",,7,0800",PRCP,2018-02-14T00:00:00,GHCND:USC00455387,71
298,",,7,",SNOW,2018-02-14T00:00:00,GHCND:USC00455387,38
299,",,7,0800",SNWD,2018-02-14T00:00:00,GHCND:USC00455387,51
300,",,7,0400",PRCP,2018-02-14T00:00:00,GHCND:USC00458932,0
301,",,7,",SNOW,2018-02-14T00:00:00,GHCND:USC00458932,0
302,",,7,0400",SNWD,2018-02-14T00:00:00,GHCND:USC00458932,0
303,"T,,7,0800",PRCP,2018-02-14T00:00:00,GHCND:USC00459200,0
304,"T,,7,",SNOW,2018-02-14T00:00:00,GHCND:USC00459200,0
305,"T,,7,0800",SNWD,2018-02-14T00:00:00,GHCND:USC00459200,0
306,",,7,0800",TMAX,2018-02-14T00:00:00,GHCND:USC00459200,83
307,",,7,0800",TMIN,2018-02-14T00:00:00,GHCND:USC00459200,-83
308,",,7,0800",TOBS,2018-02-14T00:00:00,GHCND:USC00459200,6
309,",,7,",WDMV,2018-02-14T00:00:00,GHCND:USC00459200,19
310,",,W,",AWND,2018-02-14T00:00:00,GHCND:USW00024160,35
311,",,W,",PRCP,2018-02-14T00:00:00,GHCND:USW00024160,81
312,",,W,",SNOW,2018-02-14T00:00:00,GHCND:USW00024160,0
313,",,W,",SNWD,2018-02-14T00:00:00,GHCND:USW00024160,0
314,",,W,",TMAX,2018-02-14T00:00:00,GHCND:USW00024160,50
315,",,W,",TMIN,2018-02-14T00:00:00,GHCND:USW00024160,6
316,",,W,",WDF2,2018-02-14T00:00:00,GHCND:USW00024160,190
317,",,W,",WDF5,2018-02-14T00:00:00,GHCND:USW00024160,180
318,",,W,",WSF2,2018-02-14T00:00:00,GHCND:USW00024160,72
319,",,W,",WSF5,2018-02-14T00:00:00,GHCND:USW00024160,85
320,",,W,",WT01,2018-02-14T00:00:00,GHCND:USW00024160,1
321,",,N,",PRCP,2018-02-15T00:00:00,GHCND:US1WAWW0009,20
322,",,7,0900",PRCP,2018-02-15T00:00:00,GHCND:USC00355593,10
323,",,7,0900",TMAX,2018-02-15T00:00:00,GHCND:USC00355593,89
324,",,7,0900",TMIN,2018-02-15T00:00:00,GHCND:USC00355593,17
325,",,7,0900",TOBS,2018-02-15T00:00:00,GHCND:USC00355593,33
326,",,7,1700",PRCP,2018-02-15T00:00:00,GHCND:USC00454679,0
327,",,7,",SNOW,2018-02-15T00:00:00,GHCND:USC00454679,0
328,",,7,1700",SNWD,2018-02-15T00:00:00,GHCND:USC00454679,51
329,",,7,1700",TMAX,2018-02-15T00:00:00,GHCND:USC00454679,56
330,",,7,1700",TMIN,2018-02-15T00:00:00,GHCND:USC00454679,-61
331,",,7,1700",TOBS,2018-02-15T00:00:00,GHCND:USC00454679,50
332,",,7,0800",PRCP,2018-02-15T00:00:00,GHCND:USC00455387,56
333,",,7,0400",PRCP,2018-02-15T00:00:00,GHCND:USC00458932,109
334,",,7,",SNOW,2018-02-15T00:00:00,GHCND:USC00458932,0
335,",,7,0400",SNWD,2018-02-15T00:00:00,GHCND:USC00458932,0
336,",,7,0800",PRCP,2018-02-15T00:00:00,GHCND:USC00459200,46
337,",,7,0800",TMAX,2018-02-15T00:00:00,GHCND:USC00459200,67
338,",,7,0800",TMIN,2018-02-15T00:00:00,GHCND:USC00459200,-6
339,",,7,0800",TOBS,2018-02-15T00:00:00,GHCND:USC00459200,11
340,",,7,",WDMV,2018-02-15T00:00:00,GHCND:USC00459200,55
341,",,W,",AWND,2018-02-15T00:00:00,GHCND:USW00024160,45
342,"T,,W,",PRCP,2018-02-15T00:00:00,GHCND:USW00024160,0
343,"T,,W,",SNOW,2018-02-15T00:00:00,GHCND:USW00024160,0
344,",,W,",SNWD,2018-02-15T00:00:00,GHCND:USW00024160,0
345,",,W,",TMAX,2018-02-15T00:00:00,GHCND:USW00024160,89
346,",,W,",TMIN,2018-02-15T00:00:00,GHCND:USW00024160,11
347,",,W,",WDF2,2018-02-15T00:00:00,GHCND:USW00024160,210
348,",,W,",WDF5,2018-02-15T00:00:00,GHCND:USW00024160,200
349,",,W,",WSF2,2018-02-15T00:00:00,GHCND:USW00024160,81
350,",,W,",WSF5,2018-02-15T00:00:00,GHCND:USW00024160,103
351,",,N,",PRCP,2018-02-16T00:00:00,GHCND:US1WAWW0005,8
352,",,N,",PRCP,2018-02-16T00:00:00,GHCND:US1WAWW0006,13
353,"T,,N,",PRCP,2018-02-16T00:00:00,GHCND:US1WAWW0009,0
354,",,N,",PRCP,2018-02-16T00:00:00,GHCND:US1WAWW0019,15
355,",,7,0900",PRCP,2018-02-16T00:00:00,GHCND:USC00355593,0
356,",,7,0900",TMAX,2018-02-16T00:00:00,GHCND:USC00355593,100
357,",,7,0900",TMIN,2018-02-16T00:00:00,GHCND:USC00355593,22
358,",,7,0900",TOBS,2018-02-16T00:00:00,GHCND:USC00355593,50
359,",,7,1700",PRCP,2018-02-16T00:00:00,GHCND:USC00454679,5
360,",,7,",SNOW,2018-02-16T00:00:00,GHCND:USC00454679,13
361,"T,,7,1700",SNWD,2018-02-16T00:00:00,GHCND:USC00454679,0
362,",,7,1700",TMAX,2018-02-16T00:00:00,GHCND:USC00454679,78
363,",,7,1700",TMIN,2018-02-16T00:00:00,GHCND:USC00454679,-6
364,",,7,1700",TOBS,2018-02-16T00:00:00,GHCND:USC00454679,78
365,",,7,0800",PRCP,2018-02-16T00:00:00,GHCND:USC00455387,5
366,",,7,0400",PRCP,2018-02-16T00:00:00,GHCND:USC00458932,0
367,",,7,",SNOW,2018-02-16T00:00:00,GHCND:USC00458932,0
368,",,7,0400",SNWD,2018-02-16T00:00:00,GHCND:USC00458932,0
369,",,7,0800",PRCP,2018-02-16T00:00:00,GHCND:USC00459200,0
370,",,7,0800",TMAX,2018-02-16T00:00:00,GHCND:USC00459200,100
371,",,7,0800",TMIN,2018-02-16T00:00:00,GHCND:USC00459200,-17
372,",,7,0800",TOBS,2018-02-16T00:00:00,GHCND:USC00459200,39
373,",,7,",WDMV,2018-02-16T00:00:00,GHCND:USC00459200,63
374,",,W,",AWND,2018-02-16T00:00:00,GHCND:USW00024160,71
375,",,W,",PRCP,2018-02-16T00:00:00,GHCND:USW00024160,25
376,",,W,",SNOW,2018-02-16T00:00:00,GHCND:USW00024160,0
377,",,W,",SNWD,2018-02-16T00:00:00,GHCND:USW00024160,0
378,",,W,",TMAX,2018-02-16T00:00:00,GHCND:USW00024160,106
379,",,W,",TMIN,2018-02-16T00:00:00,GHCND:USW00024160,28
380,",,W,",WDF2,2018-02-16T00:00:00,GHCND:USW00024160,230
381,",,W,",WDF5,2018-02-16T00:00:00,GHCND:USW00024160,230
382,",,W,",WSF2,2018-02-16T00:00:00,GHCND:USW00024160,143
383,",,W,",WSF5,2018-02-16T00:00:00,GHCND:USW00024160,174
384,",,W,",WT01,2018-02-16T00:00:00,GHCND:USW00024160,1
385,",,N,",PRCP,2018-02-17T00:00:00,GHCND:US1WAWW0009,3
386,",,7,0900",PRCP,2018-02-17T00:00:00,GHCND:USC00355593,0
387,",,7,0900",TMAX,2018-02-17T00:00:00,GHCND:USC00355593,111
388,",,7,0900",TMIN,2018-02-17T00:00:00,GHCND:USC00355593,50
389,",,7,1700",PRCP,2018-02-17T00:00:00,GHCND:USC00454679,18
390,",,7,",SNOW,2018-02-17T00:00:00,GHCND:USC00454679,0
391,",,7,1700",SNWD,2018-02-17T00:00:00,GHCND:USC00454679,0
392,",,7,1700",TMAX,2018-02-17T00:00:00,GHCND:USC00454679,117
393,",,7,1700",TMIN,2018-02-17T00:00:00,GHCND:USC00454679,17
394,",,7,1700",TOBS,2018-02-17T00:00:00,GHCND:USC00454679,106
395,",,7,0400",PRCP,2018-02-17T00:00:00,GHCND:USC00458932,38
396,",,7,",SNOW,2018-02-17T00:00:00,GHCND:USC00458932,0
397,",,7,0400",SNWD,2018-02-17T00:00:00,GHCND:USC00458932,0
398,",,7,0800",PRCP,2018-02-17T00:00:00,GHCND:USC00459200,5
399,",,7,0800",TMAX,2018-02-17T00:00:00,GHCND:USC00459200,117
400,",,7,0800",TMIN,2018-02-17T00:00:00,GHCND:USC00459200,28
401,",,7,0800",TOBS,2018-02-17T00:00:00,GHCND:USC00459200,83
402,",,7,",WDMV,2018-02-17T00:00:00,GHCND:USC00459200,224
403,",,7,",WT11,2018-02-17T00:00:00,GHCND:USC00459200,1
404,",,W,",AWND,2018-02-17T00:00:00,GHCND:USW00024160,81
405,",,W,",PRCP,2018-02-17T00:00:00,GHCND:USW00024160,58
406,",,W,",SNOW,2018-02-17T00:00:00,GHCND:USW00024160,0
407,",,W,",SNWD,2018-02-17T00:00:00,GHCND:USW00024160,0
408,",,W,",TMAX,2018-02-17T00:00:00,GHCND:USW00024160,117
409,",,W,",TMIN,2018-02-17T00:00:00,GHCND:USW00024160,56
410,",,W,",WDF2,2018-02-17T00:00:00,GHCND:USW00024160,250
411,",,W,",WDF5,2018-02-17T00:00:00,GHCND:USW00024160,260
412,",,W,",WSF2,2018-02-17T00:00:00,GHCND:USW00024160,170
413,",,W,",WSF5,2018-02-17T00:00:00,GHCND:USW00024160,210
414,",,N,",PRCP,2018-02-18T00:00:00,GHCND:US1WAWW0009,5
415,",,7,0900",PRCP,2018-02-18T00:00:00,GHCND:USC00355593,0
416,",,7,0900",TMAX,2018-02-18T00:00:00,GHCND:USC00355593,128
417,",,7,0900",TMIN,2018-02-18T00:00:00,GHCND:USC00355593,22
418,"T,,7,1700",PRCP,2018-02-18T00:00:00,GHCND:USC00454679,0
419,"T,,7,",SNOW,2018-02-18T00:00:00,GHCND:USC00454679,0
420,",,7,1700",SNWD,2018-02-18T00:00:00,GHCND:USC00454679,0
421,",,7,1700",TMAX,2018-02-18T00:00:00,GHCND:USC00454679,106
422,",,7,1700",TMIN,2018-02-18T00:00:00,GHCND:USC00454679,-11
423,",,7,1700",TOBS,2018-02-18T00:00:00,GHCND:USC00454679,-6
424,",,W,",AWND,2018-02-18T00:00:00,GHCND:USW00024160,60
425,"T,,W,",PRCP,2018-02-18T00:00:00,GHCND:USW00024160,0
426,",,W,",SNOW,2018-02-18T00:00:00,GHCND:USW00024160,0
427,",,W,",SNWD,2018-02-18T00:00:00,GHCND:USW00024160,0
428,",,W,",TMAX,2018-02-18T00:00:00,GHCND:USW00024160,61
429,",,W,",TMIN,2018-02-18T00:00:00,GHCND:USW00024160,-38
430,",,W,",WDF2,2018-02-18T00:00:00,GHCND:USW00024160,240
431,",,W,",WDF5,2018-02-18T00:00:00,GHCND:USW00024160,230
432,",,W,",WSF2,2018-02-18T00:00:00,GHCND:USW00024160,112
433,",,W,",WSF5,2018-02-18T00:00:00,GHCND:USW00024160,143
434,",,N,",PRCP,2018-02-19T00:00:00,GHCND:US1WAWW0009,0
435,",,N,",SNOW,2018-02-19T00:00:00,GHCND:US1WAWW0009,0
436,",,7,0900",PRCP,2018-02-19T00:00:00,GHCND:USC00355593,0
437,",,7,0900",TMAX,2018-02-19T00:00:00,GHCND:USC00355593,33
438,",,7,0900",TMIN,2018-02-19T00:00:00,GHCND:USC00355593,-78
439,",,7,1700",PRCP,2018-02-19T00:00:00,GHCND:USC00454679,0
440,",,7,",SNOW,2018-02-19T00:00:00,GHCND:USC00454679,0
441,",,7,1700",TMAX,2018-02-19T00:00:00,GHCND:USC00454679,-6
442,",,7,1700",TMIN,2018-02-19T00:00:00,GHCND:USC00454679,-72
443,",,7,1700",TOBS,2018-02-19T00:00:00,GHCND:USC00454679,-22
444,",,W,",AWND,2018-02-19T00:00:00,GHCND:USW00024160,30
445,",,W,",PRCP,2018-02-19T00:00:00,GHCND:USW00024160,0
446,",,W,",SNOW,2018-02-19T00:00:00,GHCND:USW00024160,0
447,",,W,",SNWD,2018-02-19T00:00:00,GHCND:USW00024160,0
448,",,W,",TMAX,2018-02-19T00:00:00,GHCND:USW00024160,-27
449,",,W,",TMIN,2018-02-19T00:00:00,GHCND:USW00024160,-71
450,",,W,",WDF2,2018-02-19T00:00:00,GHCND:USW00024160,190
451,",,W,",WDF5,2018-02-19T00:00:00,GHCND:USW00024160,180
452,",,W,",WSF2,2018-02-19T00:00:00,GHCND:USW00024160,72
453,",,W,",WSF5,2018-02-19T00:00:00,GHCND:USW00024160,89
454,",,N,",PRCP,2018-02-20T00:00:00,GHCND:US1WAWW0009,0
455,",,N,",SNOW,2018-02-20T00:00:00,GHCND:US1WAWW0009,0
456,",,7,0900",PRCP,2018-02-20T00:00:00,GHCND:USC00355593,0
457,",,7,0900",TMAX,2018-02-20T00:00:00,GHCND:USC00355593,22
458,",,7,0900",TMIN,2018-02-20T00:00:00,GHCND:USC00355593,-72
459,",,7,0900",TOBS,2018-02-20T00:00:00,GHCND:USC00355593,-17
460,",,7,1700",PRCP,2018-02-20T00:00:00,GHCND:USC00454679,0
461,",,7,",SNOW,2018-02-20T00:00:00,GHCND:USC00454679,0
462,",,7,1700",TMAX,2018-02-20T00:00:00,GHCND:USC00454679,-6
463,",,7,1700",TMIN,2018-02-20T00:00:00,GHCND:USC00454679,-78
464,",,7,1700",TOBS,2018-02-20T00:00:00,GHCND:USC00454679,-11
465,",,7,0800",PRCP,2018-02-20T00:00:00,GHCND:USC00455387,97
466,",,7,",DAPR,2018-02-20T00:00:00,GHCND:USC00458932,3
467,",,7,",MDPR,2018-02-20T00:00:00,GHCND:USC00458932,84
468,",,7,",SNOW,2018-02-20T00:00:00,GHCND:USC00458932,0
469,",,7,0400",SNWD,2018-02-20T00:00:00,GHCND:USC00458932,0
470,",,7,",DAPR,2018-02-20T00:00:00,GHCND:USC00459200,3
471,",,7,",MDPR,2018-02-20T00:00:00,GHCND:USC00459200,8
472,",,7,0800",TMAX,2018-02-20T00:00:00,GHCND:USC00459200,122
473,",,7,0800",TMIN,2018-02-20T00:00:00,GHCND:USC00459200,-83
474,",,7,0800",TOBS,2018-02-20T00:00:00,GHCND:USC00459200,-72
475,",,7,",WDMV,2018-02-20T00:00:00,GHCND:USC00459200,412
476,",,7,",WT04,2018-02-20T00:00:00,GHCND:USC00459200,1
477,",,W,",AWND,2018-02-20T00:00:00,GHCND:USW00024160,27
478,",,W,",PRCP,2018-02-20T00:00:00,GHCND:USW00024160,0
479,",,W,",SNOW,2018-02-20T00:00:00,GHCND:USW00024160,0
480,",,W,",SNWD,2018-02-20T00:00:00,GHCND:USW00024160,0
481,",,W,",TMAX,2018-02-20T00:00:00,GHCND:USW00024160,17
482,",,W,",TMIN,2018-02-20T00:00:00,GHCND:USW00024160,-66
483,",,W,",WDF2,2018-02-20T00:00:00,GHCND:USW00024160,210
484,",,W,",WDF5,2018-02-20T00:00:00,GHCND:USW00024160,230
485,",,W,",WSF2,2018-02-20T00:00:00,GHCND:USW00024160,58
486,",,W,",WSF5,2018-02-20T00:00:00,GHCND:USW00024160,72
487,",,N,",PRCP,2018-02-21T00:00:00,GHCND:US1WAWW0009,0
488,",,N,",SNOW,2018-02-21T00:00:00,GHCND:US1WAWW0009,0
489,",,7,0900",PRCP,2018-02-21T00:00:00,GHCND:USC00355593,5
490,",,7,0900",TMAX,2018-02-21T00:00:00,GHCND:USC00355593,17
491,",,7,0900",TMIN,2018-02-21T00:00:00,GHCND:USC00355593,-78
492,",,7,0900",TOBS,2018-02-21T00:00:00,GHCND:USC00355593,-61
493,",,7,1700",PRCP,2018-02-21T00:00:00,GHCND:USC00454679,0
494,",,7,",SNOW,2018-02-21T00:00:00,GHCND:USC00454679,0
495,",,7,1700",SNWD,2018-02-21T00:00:00,GHCND:USC00454679,0
496,",,7,1700",TMAX,2018-02-21T00:00:00,GHCND:USC00454679,-6
497,",,7,1700",TMIN,2018-02-21T00:00:00,GHCND:USC00454679,-94
498,",,7,1700",TOBS,2018-02-21T00:00:00,GHCND:USC00454679,-17
499,",,7,0800",PRCP,2018-02-21T00:00:00,GHCND:USC00455387,0
500,",,7,0800",PRCP,2018-02-21T00:00:00,GHCND:USC00459200,0
501,",,7,0800",TMAX,2018-02-21T00:00:00,GHCND:USC00459200,22
502,",,7,0800",TMIN,2018-02-21T00:00:00,GHCND:USC00459200,-83
503,",,7,0800",TOBS,2018-02-21T00:00:00,GHCND:USC00459200,-83
504,",,7,",WDMV,2018-02-21T00:00:00,GHCND:USC00459200,29
505,",,W,",AWND,2018-02-21T00:00:00,GHCND:USW00024160,26
506,",,W,",PRCP,2018-02-21T00:00:00,GHCND:USW00024160,0
507,",,W,",SNOW,2018-02-21T00:00:00,GHCND:USW00024160,0
508,",,W,",SNWD,2018-02-21T00:00:00,GHCND:USW00024160,0
509,",,W,",TMAX,2018-02-21T00:00:00,GHCND:USW00024160,-5
510,",,W,",TMIN,2018-02-21T00:00:00,GHCND:USW00024160,-71
511,",,W,",WDF2,2018-02-21T00:00:00,GHCND:USW00024160,180
512,",,W,",WDF5,2018-02-21T00:00:00,GHCND:USW00024160,190
513,",,W,",WSF2,2018-02-21T00:00:00,GHCND:USW00024160,63
514,",,W,",WSF5,2018-02-21T00:00:00,GHCND:USW00024160,67
515,",,N,",PRCP,2018-02-22T00:00:00,GHCND:US1WAWW0009,3
516,",,7,0900",PRCP,2018-02-22T00:00:00,GHCND:USC00355593,13
517,",,7,",SNOW,2018-02-22T00:00:00,GHCND:USC00355593,18
518,",,7,0900",SNWD,2018-02-22T00:00:00,GHCND:USC00355593,0
519,",,7,0900",TMAX,2018-02-22T00:00:00,GHCND:USC00355593,-6
520,",,7,0900",TMIN,2018-02-22T00:00:00,GHCND:USC00355593,-61
521,",,7,0900",TOBS,2018-02-22T00:00:00,GHCND:USC00355593,-50
522,",,7,1700",PRCP,2018-02-22T00:00:00,GHCND:USC00454679,0
523,",,7,",SNOW,2018-02-22T00:00:00,GHCND:USC00454679,0
524,",,7,1700",TMAX,2018-02-22T00:00:00,GHCND:USC00454679,6
525,",,7,1700",TMIN,2018-02-22T00:00:00,GHCND:USC00454679,-78
526,",,7,1700",TOBS,2018-02-22T00:00:00,GHCND:USC00454679,6
527,",,7,0800",PRCP,2018-02-22T00:00:00,GHCND:USC00455387,10
528,",,7,",SNOW,2018-02-22T00:00:00,GHCND:USC00455387,13
529,",,7,0800",SNWD,2018-02-22T00:00:00,GHCND:USC00455387,0
530,",,7,0400",PRCP,2018-02-22T00:00:00,GHCND:USC00458932,5
531,",,7,",SNOW,2018-02-22T00:00:00,GHCND:USC00458932,13
532,"T,,7,0400",SNWD,2018-02-22T00:00:00,GHCND:USC00458932,0
533,",,7,0800",PRCP,2018-02-22T00:00:00,GHCND:USC00459200,3
534,",,7,",SNOW,2018-02-22T00:00:00,GHCND:USC00459200,5
535,",,7,0800",TMAX,2018-02-22T00:00:00,GHCND:USC00459200,0
536,",,7,0800",TMIN,2018-02-22T00:00:00,GHCND:USC00459200,-100
537,",,7,0800",TOBS,2018-02-22T00:00:00,GHCND:USC00459200,-56
538,",,7,",WDMV,2018-02-22T00:00:00,GHCND:USC00459200,35
539,",,W,",AWND,2018-02-22T00:00:00,GHCND:USW00024160,26
540,",,W,",PRCP,2018-02-22T00:00:00,GHCND:USW00024160,3
541,",,W,",SNOW,2018-02-22T00:00:00,GHCND:USW00024160,13
542,"T,,W,",SNWD,2018-02-22T00:00:00,GHCND:USW00024160,0
543,",,W,",TMAX,2018-02-22T00:00:00,GHCND:USW00024160,-10
544,",,W,",TMIN,2018-02-22T00:00:00,GHCND:USW00024160,-49
545,",,W,",WDF2,2018-02-22T00:00:00,GHCND:USW00024160,180
546,",,W,",WDF5,2018-02-22T00:00:00,GHCND:USW00024160,190
547,",,W,",WSF2,2018-02-22T00:00:00,GHCND:USW00024160,54
548,",,W,",WSF5,2018-02-22T00:00:00,GHCND:USW00024160,63
549,",,W,",WT01,2018-02-22T00:00:00,GHCND:USW00024160,1
550,"T,,N,",PRCP,2018-02-23T00:00:00,GHCND:US1WAWW0009,0
551,",,7,0900",PRCP,2018-02-23T00:00:00,GHCND:USC00355593,0
552,",,7,0900",TMAX,2018-02-23T00:00:00,GHCND:USC00355593,11
553,",,7,0900",TMIN,2018-02-23T00:00:00,GHCND:USC00355593,-67
554,",,7,0900",TOBS,2018-02-23T00:00:00,GHCND:USC00355593,-22
555,",,7,1700",PRCP,2018-02-23T00:00:00,GHCND:USC00454679,0
556,",,7,",SNOW,2018-02-23T00:00:00,GHCND:USC00454679,0
557,",,7,1700",TMAX,2018-02-23T00:00:00,GHCND:USC00454679,6
558,",,7,1700",TMIN,2018-02-23T00:00:00,GHCND:USC00454679,-83
559,",,7,1700",TOBS,2018-02-23T00:00:00,GHCND:USC00454679,-6
560,",,7,0800",PRCP,2018-02-23T00:00:00,GHCND:USC00455387,3
561,",,7,",SNOW,2018-02-23T00:00:00,GHCND:USC00455387,0
562,",,7,0800",SNWD,2018-02-23T00:00:00,GHCND:USC00455387,0
563,",,7,0400",PRCP,2018-02-23T00:00:00,GHCND:USC00458932,0
564,",,7,",SNOW,2018-02-23T00:00:00,GHCND:USC00458932,0
565,",,7,0400",SNWD,2018-02-23T00:00:00,GHCND:USC00458932,0
566,"T,,7,0800",PRCP,2018-02-23T00:00:00,GHCND:USC00459200,0
567,"T,,7,",SNOW,2018-02-23T00:00:00,GHCND:USC00459200,0
568,",,7,0800",SNWD,2018-02-23T00:00:00,GHCND:USC00459200,0
569,",,7,0800",TMAX,2018-02-23T00:00:00,GHCND:USC00459200,0
570,",,7,0800",TMIN,2018-02-23T00:00:00,GHCND:USC00459200,-94
571,",,7,0800",TOBS,2018-02-23T00:00:00,GHCND:USC00459200,-78
572,",,7,",WDMV,2018-02-23T00:00:00,GHCND:USC00459200,34
573,",,W,",AWND,2018-02-23T00:00:00,GHCND:USW00024160,60
574,"T,,W,",PRCP,2018-02-23T00:00:00,GHCND:USW00024160,0
575,"T,,W,",SNOW,2018-02-23T00:00:00,GHCND:USW00024160,0
576,"T,,W,",SNWD,2018-02-23T00:00:00,GHCND:USW00024160,0
577,",,W,",TMAX,2018-02-23T00:00:00,GHCND:USW00024160,33
578,",,W,",TMIN,2018-02-23T00:00:00,GHCND:USW00024160,-71
579,",,W,",WDF2,2018-02-23T00:00:00,GHCND:USW00024160,240
580,",,W,",WDF5,2018-02-23T00:00:00,GHCND:USW00024160,250
581,",,W,",WSF2,2018-02-23T00:00:00,GHCND:USW00024160,107
582,",,W,",WSF5,2018-02-23T00:00:00,GHCND:USW00024160,130
583,",,W,",WT01,2018-02-23T00:00:00,GHCND:USW00024160,1
584,"T,,N,",PRCP,2018-02-24T00:00:00,GHCND:US1WAWW0009,0
585,",,7,0900",PRCP,2018-02-24T00:00:00,GHCND:USC00355593,0
586,",,7,0900",TMAX,2018-02-24T00:00:00,GHCND:USC00355593,44
587,",,7,0900",TMIN,2018-02-24T00:00:00,GHCND:USC00355593,-22
588,",,7,1700",PRCP,2018-02-24T00:00:00,GHCND:USC00454679,3
589,",,7,",SNOW,2018-02-24T00:00:00,GHCND:USC00454679,5
590,"T,,7,1700",SNWD,2018-02-24T00:00:00,GHCND:USC00454679,0
591,",,7,1700",TMAX,2018-02-24T00:00:00,GHCND:USC00454679,44
592,",,7,1700",TMIN,2018-02-24T00:00:00,GHCND:USC00454679,-28
593,",,7,1700",TOBS,2018-02-24T00:00:00,GHCND:USC00454679,39
594,",,7,0400",PRCP,2018-02-24T00:00:00,GHCND:USC00458932,5
595,",,7,",SNOW,2018-02-24T00:00:00,GHCND:USC00458932,3
596,"T,,7,0400",SNWD,2018-02-24T00:00:00,GHCND:USC00458932,0
597,",,7,0800",PRCP,2018-02-24T00:00:00,GHCND:USC00459200,3
598,"T,,7,",SNOW,2018-02-24T00:00:00,GHCND:USC00459200,0
599,",,7,0800",SNWD,2018-02-24T00:00:00,GHCND:USC00459200,0
600,",,7,0800",TMAX,2018-02-24T00:00:00,GHCND:USC00459200,39
601,",,7,0800",TMIN,2018-02-24T00:00:00,GHCND:USC00459200,-78
602,",,7,0800",TOBS,2018-02-24T00:00:00,GHCND:USC00459200,28
603,",,7,",WDMV,2018-02-24T00:00:00,GHCND:USC00459200,72
604,",,W,",AWND,2018-02-24T00:00:00,GHCND:USW00024160,51
605,",,W,",PRCP,2018-02-24T00:00:00,GHCND:USW00024160,23
606,",,W,",SNOW,2018-02-24T00:00:00,GHCND:USW00024160,3
607,",,W,",SNWD,2018-02-24T00:00:00,GHCND:USW00024160,0
608,",,W,",TMAX,2018-02-24T00:00:00,GHCND:USW00024160,44
609,",,W,",TMIN,2018-02-24T00:00:00,GHCND:USW00024160,11
610,",,W,",WDF2,2018-02-24T00:00:00,GHCND:USW00024160,240
611,",,W,",WDF5,2018-02-24T00:00:00,GHCND:USW00024160,240
612,",,W,",WSF2,2018-02-24T00:00:00,GHCND:USW00024160,107
613,",,W,",WSF5,2018-02-24T00:00:00,GHCND:USW00024160,130
614,",,W,",WT01,2018-02-24T00:00:00,GHCND:USW00024160,1
615,"T,,N,",PRCP,2018-02-25T00:00:00,GHCND:US1WAWW0009,0
616,",,7,0900",PRCP,2018-02-25T00:00:00,GHCND:USC00355593,0
617,",,7,0900",TMAX,2018-02-25T00:00:00,GHCND:USC00355593,83
618,",,7,0900",TMIN,2018-02-25T00:00:00,GHCND:USC00355593,11
619,"T,,7,1700",PRCP,2018-02-25T00:00:00,GHCND:USC00454679,0
620,",,7,",SNOW,2018-02-25T00:00:00,GHCND:USC00454679,0
621,",,7,1700",SNWD,2018-02-25T00:00:00,GHCND:USC00454679,0
622,",,7,1700",TMAX,2018-02-25T00:00:00,GHCND:USC00454679,78
623,",,7,1700",TMIN,2018-02-25T00:00:00,GHCND:USC00454679,-11
624,",,7,1700",TOBS,2018-02-25T00:00:00,GHCND:USC00454679,50
625,",,7,0400",PRCP,2018-02-25T00:00:00,GHCND:USC00458932,38
626,",,7,",SNOW,2018-02-25T00:00:00,GHCND:USC00458932,0
627,",,7,0400",SNWD,2018-02-25T00:00:00,GHCND:USC00458932,0
628,",,W,",AWND,2018-02-25T00:00:00,GHCND:USW00024160,82
629,",,W,",PRCP,2018-02-25T00:00:00,GHCND:USW00024160,15
630,",,W,",SNOW,2018-02-25T00:00:00,GHCND:USW00024160,0
631,",,W,",SNWD,2018-02-25T00:00:00,GHCND:USW00024160,0
632,",,W,",TMAX,2018-02-25T00:00:00,GHCND:USW00024160,83
633,",,W,",TMIN,2018-02-25T00:00:00,GHCND:USW00024160,6
634,",,W,",WDF2,2018-02-25T00:00:00,GHCND:USW00024160,220
635,",,W,",WDF5,2018-02-25T00:00:00,GHCND:USW00024160,220
636,",,W,",WSF2,2018-02-25T00:00:00,GHCND:USW00024160,161
637,",,W,",WSF5,2018-02-25T00:00:00,GHCND:USW00024160,192
638,",,N,",PRCP,2018-02-26T00:00:00,GHCND:US1WAWW0009,3
639,",,7,0900",PRCP,2018-02-26T00:00:00,GHCND:USC00355593,20
640,",,7,0900",TMAX,2018-02-26T00:00:00,GHCND:USC00355593,72
641,",,7,0900",TMIN,2018-02-26T00:00:00,GHCND:USC00355593,-6
642,",,7,0900",TOBS,2018-02-26T00:00:00,GHCND:USC00355593,22
643,",,7,1700",PRCP,2018-02-26T00:00:00,GHCND:USC00454679,0
644,",,7,",SNOW,2018-02-26T00:00:00,GHCND:USC00454679,0
645,",,7,1700",SNWD,2018-02-26T00:00:00,GHCND:USC00454679,0
646,",,7,1700",TMAX,2018-02-26T00:00:00,GHCND:USC00454679,72
647,",,7,1700",TMIN,2018-02-26T00:00:00,GHCND:USC00454679,-50
648,",,7,1700",TOBS,2018-02-26T00:00:00,GHCND:USC00454679,72
649,",,7,0800",PRCP,2018-02-26T00:00:00,GHCND:USC00455387,53
650,",,7,0400",PRCP,2018-02-26T00:00:00,GHCND:USC00458932,18
651,",,7,",SNOW,2018-02-26T00:00:00,GHCND:USC00458932,0
652,",,7,0400",SNWD,2018-02-26T00:00:00,GHCND:USC00458932,0
653,",,7,",DAPR,2018-02-26T00:00:00,GHCND:USC00459200,2
654,"T,,7,",MDPR,2018-02-26T00:00:00,GHCND:USC00459200,0
655,",,7,0800",TMAX,2018-02-26T00:00:00,GHCND:USC00459200,94
656,",,7,0800",TMIN,2018-02-26T00:00:00,GHCND:USC00459200,-33
657,",,7,0800",TOBS,2018-02-26T00:00:00,GHCND:USC00459200,-28
658,",,7,",WDMV,2018-02-26T00:00:00,GHCND:USC00459200,301
659,",,W,",AWND,2018-02-26T00:00:00,GHCND:USW00024160,38
660,",,W,",PRCP,2018-02-26T00:00:00,GHCND:USW00024160,0
661,",,W,",SNOW,2018-02-26T00:00:00,GHCND:USW00024160,0
662,",,W,",SNWD,2018-02-26T00:00:00,GHCND:USW00024160,0
663,",,W,",TMAX,2018-02-26T00:00:00,GHCND:USW00024160,61
664,",,W,",TMIN,2018-02-26T00:00:00,GHCND:USW00024160,-10
665,",,W,",WDF2,2018-02-26T00:00:00,GHCND:USW00024160,200
666,",,W,",WDF5,2018-02-26T00:00:00,GHCND:USW00024160,220
667,",,W,",WSF2,2018-02-26T00:00:00,GHCND:USW00024160,63
668,",,W,",WSF5,2018-02-26T00:00:00,GHCND:USW00024160,81
669,",,N,",PRCP,2018-02-27T00:00:00,GHCND:US1WAWW0009,0
670,",,7,0900",PRCP,2018-02-27T00:00:00,GHCND:USC00355593,0
671,",,7,0900",TMAX,2018-02-27T00:00:00,GHCND:USC00355593,72
672,",,7,0900",TMIN,2018-02-27T00:00:00,GHCND:USC00355593,-17
673,",,7,0900",TOBS,2018-02-27T00:00:00,GHCND:USC00355593,28
674,"T,,7,1700",PRCP,2018-02-27T00:00:00,GHCND:USC00454679,0
675,"T,,7,",SNOW,2018-02-27T00:00:00,GHCND:USC00454679,0
676,",,7,1700",SNWD,2018-02-27T00:00:00,GHCND:USC00454679,0
677,",,7,1700",TMAX,2018-02-27T00:00:00,GHCND:USC00454679,72
678,",,7,1700",TMIN,2018-02-27T00:00:00,GHCND:USC00454679,-33
679,",,7,1700",TOBS,2018-02-27T00:00:00,GHCND:USC00454679,50
680,",,7,0800",PRCP,2018-02-27T00:00:00,GHCND:USC00455387,0
681,",,7,0400",PRCP,2018-02-27T00:00:00,GHCND:USC00458932,0
682,",,7,",SNOW,2018-02-27T00:00:00,GHCND:USC00458932,0
683,",,7,0400",SNWD,2018-02-27T00:00:00,GHCND:USC00458932,0
684,",,7,0800",PRCP,2018-02-27T00:00:00,GHCND:USC00459200,0
685,",,7,0800",TMAX,2018-02-27T00:00:00,GHCND:USC00459200,78
686,",,7,0800",TMIN,2018-02-27T00:00:00,GHCND:USC00459200,-50
687,",,7,0800",TOBS,2018-02-27T00:00:00,GHCND:USC00459200,-6
688,",,7,",WDMV,2018-02-27T00:00:00,GHCND:USC00459200,39
689,",,W,",AWND,2018-02-27T00:00:00,GHCND:USW00024160,59
690,",,W,",PRCP,2018-02-27T00:00:00,GHCND:USW00024160,0
691,",,W,",SNOW,2018-02-27T00:00:00,GHCND:USW00024160,0
692,",,W,",SNWD,2018-02-27T00:00:00,GHCND:USW00024160,0
693,",,W,",TMAX,2018-02-27T00:00:00,GHCND:USW00024160,83
694,",,W,",TMIN,2018-02-27T00:00:00,GHCND:USW00024160,-16
695,",,W,",WDF2,2018-02-27T00:00:00,GHCND:USW00024160,200
696,",,W,",WDF5,2018-02-27T00:00:00,GHCND:USW00024160,180
697,",,W,",WSF2,2018-02-27T00:00:00,GHCND:USW00024160,107
698,",,W,",WSF5,2018-02-27T00:00:00,GHCND:USW00024160,130
699,",,N,",PRCP,2018-02-28T00:00:00,GHCND:US1WAWW0009,0
700,",,7,0900",PRCP,2018-02-28T00:00:00,GHCND:USC00355593,0
701,",,7,0900",TMAX,2018-02-28T00:00:00,GHCND:USC00355593,106
702,",,7,0900",TMIN,2018-02-28T00:00:00,GHCND:USC00355593,28
703,",,7,0900",TOBS,2018-02-28T00:00:00,GHCND:USC00355593,72
704,",,7,1700",PRCP,2018-02-28T00:00:00,GHCND:USC00454679,0
705,",,7,",SNOW,2018-02-28T00:00:00,GHCND:USC00454679,0
706,",,7,1700",TMAX,2018-02-28T00:00:00,GHCND:USC00454679,89
707,",,7,1700",TMIN,2018-02-28T00:00:00,GHCND:USC00454679,-11
708,",,7,1700",TOBS,2018-02-28T00:00:00,GHCND:USC00454679,78
709,",,7,0800",PRCP,2018-02-28T00:00:00,GHCND:USC00455387,0
710,",,7,0400",PRCP,2018-02-28T00:00:00,GHCND:USC00458932,0
711,",,7,",SNOW,2018-02-28T00:00:00,GHCND:USC00458932,0
712,",,7,0400",SNWD,2018-02-28T00:00:00,GHCND:USC00458932,0
713,",,7,0800",PRCP,2018-02-28T00:00:00,GHCND:USC00459200,0
714,",,7,0800",TMAX,2018-02-28T00:00:00,GHCND:USC00459200,100
715,",,7,0800",TMIN,2018-02-28T00:00:00,GHCND:USC00459200,-17
716,",,7,0800",TOBS,2018-02-28T00:00:00,GHCND:USC00459200,33
717,",,7,",WDMV,2018-02-28T00:00:00,GHCND:USC00459200,95
718,",,W,",AWND,2018-02-28T00:00:00,GHCND:USW00024160,66
719,",,W,",PRCP,2018-02-28T00:00:00,GHCND:USW00024160,0
720,",,W,",SNOW,2018-02-28T00:00:00,GHCND:USW00024160,0
721,",,W,",SNWD,2018-02-28T00:00:00,GHCND:USW00024160,0
722,",,W,",TMAX,2018-02-28T00:00:00,GHCND:USW00024160,117
723,",,W,",TMIN,2018-02-28T00:00:00,GHCND:USW00024160,39
724,",,W,",WDF2,2018-02-28T00:00:00,GHCND:USW00024160,160
725,",,W,",WDF5,2018-02-28T00:00:00,GHCND:USW00024160,160
726,",,W,",WSF2,2018-02-28T00:00:00,GHCND:USW00024160,130
727,",,W,",WSF5,2018-02-28T00:00:00,GHCND:USW00024160,165
728,"T,,N,",PRCP,2018-03-01T00:00:00,GHCND:US1WAWW0009,0
729,",,7,0900",PRCP,2018-03-01T00:00:00,GHCND:USC00355593,0
730,",,7,0900",TMAX,2018-03-01T00:00:00,GHCND:USC00355593,133
731,",,7,0900",TMIN,2018-03-01T00:00:00,GHCND:USC00355593,50
732,",,7,0900",TOBS,2018-03-01T00:00:00,GHCND:USC00355593,83
733,",,7,1700",PRCP,2018-03-01T00:00:00,GHCND:USC00454679,38
734,"T,,7,",SNOW,2018-03-01T00:00:00,GHCND:USC00454679,0
735,"T,,7,1700",SNWD,2018-03-01T00:00:00,GHCND:USC00454679,0
736,",,7,1700",TMAX,2018-03-01T00:00:00,GHCND:USC00454679,83
737,",,7,1700",TMIN,2018-03-01T00:00:00,GHCND:USC00454679,17
738,",,7,1700",TOBS,2018-03-01T00:00:00,GHCND:USC00454679,17
739,",,7,0800",PRCP,2018-03-01T00:00:00,GHCND:USC00455387,3
740,",,7,0400",PRCP,2018-03-01T00:00:00,GHCND:USC00458932,0
741,",,7,",SNOW,2018-03-01T00:00:00,GHCND:USC00458932,0
742,",,7,0400",SNWD,2018-03-01T00:00:00,GHCND:USC00458932,0
743,",,7,0800",PRCP,2018-03-01T00:00:00,GHCND:USC00459200,0
744,",,7,0800",TMAX,2018-03-01T00:00:00,GHCND:USC00459200,117
745,",,7,0800",TMIN,2018-03-01T00:00:00,GHCND:USC00459200,33
746,",,7,0800",TOBS,2018-03-01T00:00:00,GHCND:USC00459200,83
747,",,7,",WDMV,2018-03-01T00:00:00,GHCND:USC00459200,185
748,",,7,",WT11,2018-03-01T00:00:00,GHCND:USC00459200,1
749,",,W,",AWND,2018-03-01T00:00:00,GHCND:USW00024160,79
750,",,W,",PRCP,2018-03-01T00:00:00,GHCND:USW00024160,122
751,"T,,W,",SNOW,2018-03-01T00:00:00,GHCND:USW00024160,0
752,",,W,",SNWD,2018-03-01T00:00:00,GHCND:USW00024160,0
753,",,W,",TMAX,2018-03-01T00:00:00,GHCND:USW00024160,144
754,",,W,",TMIN,2018-03-01T00:00:00,GHCND:USW00024160,11
755,",,W,",WDF2,2018-03-01T00:00:00,GHCND:USW00024160,150
756,",,W,",WDF5,2018-03-01T00:00:00,GHCND:USW00024160,160
757,",,W,",WSF2,2018-03-01T00:00:00,GHCND:USW00024160,125
758,",,W,",WSF5,2018-03-01T00:00:00,GHCND:USW00024160,174
759,",,W,",WT01,2018-03-01T00:00:00,GHCND:USW00024160,1
760,",,N,",PRCP,2018-03-02T00:00:00,GHCND:US1WAWW0005,119
761,",,N,",PRCP,2018-03-02T00:00:00,GHCND:US1WAWW0006,135
762,",,N,",PRCP,2018-03-02T00:00:00,GHCND:US1WAWW0009,109
763,",,N,",PRCP,2018-03-02T00:00:00,GHCND:US1WAWW0019,135
764,",,7,0900",PRCP,2018-03-02T00:00:00,GHCND:USC00355593,140
765,",,7,0900",TMAX,2018-03-02T00:00:00,GHCND:USC00355593,100
766,",,7,0900",TMIN,2018-03-02T00:00:00,GHCND:USC00355593,6
767,",,7,0900",TOBS,2018-03-02T00:00:00,GHCND:USC00355593,39
768,",,7,1700",PRCP,2018-03-02T00:00:00,GHCND:USC00454679,94
769,",,7,",SNOW,2018-03-02T00:00:00,GHCND:USC00454679,25
770,",,7,1700",SNWD,2018-03-02T00:00:00,GHCND:USC00454679,0
771,",,7,1700",TMAX,2018-03-02T00:00:00,GHCND:USC00454679,72
772,",,7,1700",TMIN,2018-03-02T00:00:00,GHCND:USC00454679,6
773,",,7,1700",TOBS,2018-03-02T00:00:00,GHCND:USC00454679,61
774,",,7,0800",PRCP,2018-03-02T00:00:00,GHCND:USC00455387,165
775,",,7,0400",PRCP,2018-03-02T00:00:00,GHCND:USC00458932,142
776,",,7,",SNOW,2018-03-02T00:00:00,GHCND:USC00458932,0
777,",,7,0400",SNWD,2018-03-02T00:00:00,GHCND:USC00458932,0
778,",,7,0800",PRCP,2018-03-02T00:00:00,GHCND:USC00459200,107
779,",,7,0800",TMAX,2018-03-02T00:00:00,GHCND:USC00459200,139
780,",,7,0800",TMIN,2018-03-02T00:00:00,GHCND:USC00459200,0
781,",,7,0800",TOBS,2018-03-02T00:00:00,GHCND:USC00459200,28
782,",,7,",WDMV,2018-03-02T00:00:00,GHCND:USC00459200,129
783,",,W,",AWND,2018-03-02T00:00:00,GHCND:USW00024160,47
784,",,W,",PRCP,2018-03-02T00:00:00,GHCND:USW00024160,23
785,",,W,",SNOW,2018-03-02T00:00:00,GHCND:USW00024160,0
786,",,W,",SNWD,2018-03-02T00:00:00,GHCND:USW00024160,0
787,",,W,",TMAX,2018-03-02T00:00:00,GHCND:USW00024160,100
788,",,W,",TMIN,2018-03-02T00:00:00,GHCND:USW00024160,11
789,",,W,",WDF2,2018-03-02T00:00:00,GHCND:USW00024160,230
790,",,W,",WDF5,2018-03-02T00:00:00,GHCND:USW00024160,200
791,",,W,",WSF2,2018-03-02T00:00:00,GHCND:USW00024160,103
792,",,W,",WSF5,2018-03-02T00:00:00,GHCND:USW00024160,125
793,",,W,",WT01,2018-03-02T00:00:00,GHCND:USW00024160,1
794,",,N,",PRCP,2018-03-03T00:00:00,GHCND:US1WAWW0009,0
795,",,N,",SNOW,2018-03-03T00:00:00,GHCND:US1WAWW0009,0
796,",,7,0900",PRCP,2018-03-03T00:00:00,GHCND:USC00355593,0
797,",,7,0900",TMAX,2018-03-03T00:00:00,GHCND:USC00355593,94
798,",,7,0900",TMIN,2018-03-03T00:00:00,GHCND:USC00355593,-6
799,",,7,1700",PRCP,2018-03-03T00:00:00,GHCND:USC00454679,0
800,",,7,",SNOW,2018-03-03T00:00:00,GHCND:USC00454679,0
801,",,7,1700",TMAX,2018-03-03T00:00:00,GHCND:USC00454679,100
802,",,7,1700",TMIN,2018-03-03T00:00:00,GHCND:USC00454679,-28
803,",,7,1700",TOBS,2018-03-03T00:00:00,GHCND:USC00454679,94
804,",,7,0800",PRCP,2018-03-03T00:00:00,GHCND:USC00459200,0
805,",,7,0800",TMAX,2018-03-03T00:00:00,GHCND:USC00459200,111
806,",,7,0800",TMIN,2018-03-03T00:00:00,GHCND:USC00459200,-28
807,",,7,0800",TOBS,2018-03-03T00:00:00,GHCND:USC00459200,-22
808,",,7,",WDMV,2018-03-03T00:00:00,GHCND:USC00459200,48
809,",,W,",AWND,2018-03-03T00:00:00,GHCND:USW00024160,20
810,",,W,",PRCP,2018-03-03T00:00:00,GHCND:USW00024160,0
811,",,W,",SNOW,2018-03-03T00:00:00,GHCND:USW00024160,0
812,",,W,",SNWD,2018-03-03T00:00:00,GHCND:USW00024160,0
813,",,W,",TMAX,2018-03-03T00:00:00,GHCND:USW00024160,94
814,",,W,",TMIN,2018-03-03T00:00:00,GHCND:USW00024160,6
815,",,W,",WDF2,2018-03-03T00:00:00,GHCND:USW00024160,170
816,",,W,",WDF5,2018-03-03T00:00:00,GHCND:USW00024160,170
817,",,W,",WSF2,2018-03-03T00:00:00,GHCND:USW00024160,58
818,",,W,",WSF5,2018-03-03T00:00:00,GHCND:USW00024160,67
819,",,N,",PRCP,2018-03-04T00:00:00,GHCND:US1WAWW0009,0
820,",,N,",SNOW,2018-03-04T00:00:00,GHCND:US1WAWW0009,0
821,",,N,",PRCP,2018-03-04T00:00:00,GHCND:US1WAWW0014,0
822,",,7,0900",PRCP,2018-03-04T00:00:00,GHCND:USC00355593,0
823,",,7,0900",TMAX,2018-03-04T00:00:00,GHCND:USC00355593,111
824,",,7,0900",TMIN,2018-03-04T00:00:00,GHCND:USC00355593,17
825,",,7,1700",PRCP,2018-03-04T00:00:00,GHCND:USC00454679,0
826,",,7,",SNOW,2018-03-04T00:00:00,GHCND:USC00454679,0
827,",,7,1700",TMAX,2018-03-04T00:00:00,GHCND:USC00454679,94
828,",,7,1700",TMIN,2018-03-04T00:00:00,GHCND:USC00454679,-28
829,",,7,1700",TOBS,2018-03-04T00:00:00,GHCND:USC00454679,67
830,",,W,",AWND,2018-03-04T00:00:00,GHCND:USW00024160,38
831,",,W,",PRCP,2018-03-04T00:00:00,GHCND:USW00024160,0
832,",,W,",SNOW,2018-03-04T00:00:00,GHCND:USW00024160,0
833,",,W,",SNWD,2018-03-04T00:00:00,GHCND:USW00024160,0
834,",,W,",TMAX,2018-03-04T00:00:00,GHCND:USW00024160,106
835,",,W,",TMIN,2018-03-04T00:00:00,GHCND:USW00024160,0
836,",,W,",WDF2,2018-03-04T00:00:00,GHCND:USW00024160,260
837,",,W,",WDF5,2018-03-04T00:00:00,GHCND:USW00024160,270
838,",,W,",WSF2,2018-03-04T00:00:00,GHCND:USW00024160,94
839,",,W,",WSF5,2018-03-04T00:00:00,GHCND:USW00024160,121
840,",,N,",PRCP,2018-03-05T00:00:00,GHCND:US1WAWW0009,0
841,",,N,",SNOW,2018-03-05T00:00:00,GHCND:US1WAWW0009,0
842,",,N,",PRCP,2018-03-05T00:00:00,GHCND:US1WAWW0014,0
843,",,7,0900",PRCP,2018-03-05T00:00:00,GHCND:USC00355593,0
844,",,7,0900",TMAX,2018-03-05T00:00:00,GHCND:USC00355593,106
845,",,7,0900",TMIN,2018-03-05T00:00:00,GHCND:USC00355593,44
846,",,7,0900",TOBS,2018-03-05T00:00:00,GHCND:USC00355593,67
847,",,7,1700",PRCP,2018-03-05T00:00:00,GHCND:USC00454679,0
848,",,7,",SNOW,2018-03-05T00:00:00,GHCND:USC00454679,0
849,",,7,1700",TMAX,2018-03-05T00:00:00,GHCND:USC00454679,83
850,",,7,1700",TMIN,2018-03-05T00:00:00,GHCND:USC00454679,-6
851,",,7,1700",TOBS,2018-03-05T00:00:00,GHCND:USC00454679,78
852,",,7,0800",PRCP,2018-03-05T00:00:00,GHCND:USC00455387,0
853,",,7,",DAPR,2018-03-05T00:00:00,GHCND:USC00458932,3
854,",,7,",MDPR,2018-03-05T00:00:00,GHCND:USC00458932,10
855,",,7,",SNOW,2018-03-05T00:00:00,GHCND:USC00458932,0
856,",,7,0400",SNWD,2018-03-05T00:00:00,GHCND:USC00458932,0
857,",,7,",DAPR,2018-03-05T00:00:00,GHCND:USC00459200,2
858,"T,,7,",MDPR,2018-03-05T00:00:00,GHCND:USC00459200,0
859,",,7,0800",TMAX,2018-03-05T00:00:00,GHCND:USC00459200,106
860,",,7,0800",TMIN,2018-03-05T00:00:00,GHCND:USC00459200,-39
861,",,7,0800",TOBS,2018-03-05T00:00:00,GHCND:USC00459200,39
862,",,7,",WDMV,2018-03-05T00:00:00,GHCND:USC00459200,119
863,",,W,",AWND,2018-03-05T00:00:00,GHCND:USW00024160,47
864,",,W,",PRCP,2018-03-05T00:00:00,GHCND:USW00024160,0
865,",,W,",SNOW,2018-03-05T00:00:00,GHCND:USW00024160,0
866,",,W,",SNWD,2018-03-05T00:00:00,GHCND:USW00024160,0
867,",,W,",TMAX,2018-03-05T00:00:00,GHCND:USW00024160,94
868,",,W,",TMIN,2018-03-05T00:00:00,GHCND:USW00024160,33
869,",,W,",WDF2,2018-03-05T00:00:00,GHCND:USW00024160,250
870,",,W,",WDF5,2018-03-05T00:00:00,GHCND:USW00024160,250
871,",,W,",WSF2,2018-03-05T00:00:00,GHCND:USW00024160,89
872,",,W,",WSF5,2018-03-05T00:00:00,GHCND:USW00024160,112
873,",,N,",PRCP,2018-03-06T00:00:00,GHCND:US1WAWW0009,0
874,",,N,",SNOW,2018-03-06T00:00:00,GHCND:US1WAWW0009,0
875,",,N,",PRCP,2018-03-06T00:00:00,GHCND:US1WAWW0014,0
876,",,7,0900",PRCP,2018-03-06T00:00:00,GHCND:USC00355593,0
877,",,7,0900",TMAX,2018-03-06T00:00:00,GHCND:USC00355593,100
878,",,7,0900",TMIN,2018-03-06T00:00:00,GHCND:USC00355593,0
879,",,7,0900",TOBS,2018-03-06T00:00:00,GHCND:USC00355593,50
880,",,7,1700",PRCP,2018-03-06T00:00:00,GHCND:USC00454679,0
881,",,7,",SNOW,2018-03-06T00:00:00,GHCND:USC00454679,0
882,",,7,1700",TMAX,2018-03-06T00:00:00,GHCND:USC00454679,89
883,",,7,1700",TMIN,2018-03-06T00:00:00,GHCND:USC00454679,0
884,",,7,1700",TOBS,2018-03-06T00:00:00,GHCND:USC00454679,83
885,",,7,0800",PRCP,2018-03-06T00:00:00,GHCND:USC00455387,0
886,",,7,0400",PRCP,2018-03-06T00:00:00,GHCND:USC00458932,0
887,",,7,",SNOW,2018-03-06T00:00:00,GHCND:USC00458932,0
888,",,7,0400",SNWD,2018-03-06T00:00:00,GHCND:USC00458932,0
889,",,7,0800",PRCP,2018-03-06T00:00:00,GHCND:USC00459200,0
890,",,7,0800",TMAX,2018-03-06T00:00:00,GHCND:USC00459200,111
891,",,7,0800",TMIN,2018-03-06T00:00:00,GHCND:USC00459200,-39
892,",,7,0800",TOBS,2018-03-06T00:00:00,GHCND:USC00459200,-39
893,",,7,",WDMV,2018-03-06T00:00:00,GHCND:USC00459200,111
894,",,W,",AWND,2018-03-06T00:00:00,GHCND:USW00024160,18
895,",,W,",PRCP,2018-03-06T00:00:00,GHCND:USW00024160,0
896,",,W,",SNOW,2018-03-06T00:00:00,GHCND:USW00024160,0
897,",,W,",SNWD,2018-03-06T00:00:00,GHCND:USW00024160,0
898,",,W,",TMAX,2018-03-06T00:00:00,GHCND:USW00024160,111
899,",,W,",TMIN,2018-03-06T00:00:00,GHCND:USW00024160,-10
900,",,W,",WDF2,2018-03-06T00:00:00,GHCND:USW00024160,90
901,",,W,",WDF5,2018-03-06T00:00:00,GHCND:USW00024160,90
902,",,W,",WSF2,2018-03-06T00:00:00,GHCND:USW00024160,36
903,",,W,",WSF5,2018-03-06T00:00:00,GHCND:USW00024160,45
904,",,N,",PRCP,2018-03-07T00:00:00,GHCND:US1WAWW0009,0
905,",,N,",PRCP,2018-03-07T00:00:00,GHCND:US1WAWW0014,0
906,",,7,0900",PRCP,2018-03-07T00:00:00,GHCND:USC00355593,0
907,",,7,0900",TMAX,2018-03-07T00:00:00,GHCND:USC00355593,111
908,",,7,0900",TMIN,2018-03-07T00:00:00,GHCND:USC00355593,-28
909,",,7,0900",TOBS,2018-03-07T00:00:00,GHCND:USC00355593,22
910,",,7,1700",PRCP,2018-03-07T00:00:00,GHCND:USC00454679,0
911,",,7,",SNOW,2018-03-07T00:00:00,GHCND:USC00454679,0
912,",,7,1700",TMAX,2018-03-07T00:00:00,GHCND:USC00454679,106
913,",,7,1700",TMIN,2018-03-07T00:00:00,GHCND:USC00454679,-17
914,",,7,1700",TOBS,2018-03-07T00:00:00,GHCND:USC00454679,100
915,",,7,0800",PRCP,2018-03-07T00:00:00,GHCND:USC00455387,0
916,",,7,0400",PRCP,2018-03-07T00:00:00,GHCND:USC00458932,0
917,",,7,",SNOW,2018-03-07T00:00:00,GHCND:USC00458932,0
918,",,7,0400",SNWD,2018-03-07T00:00:00,GHCND:USC00458932,0
919,",,7,0800",PRCP,2018-03-07T00:00:00,GHCND:USC00459200,0
920,",,7,0800",TMAX,2018-03-07T00:00:00,GHCND:USC00459200,122
921,",,7,0800",TMIN,2018-03-07T00:00:00,GHCND:USC00459200,-56
922,",,7,0800",TOBS,2018-03-07T00:00:00,GHCND:USC00459200,-50
923,",,7,",WDMV,2018-03-07T00:00:00,GHCND:USC00459200,24
924,",,W,",AWND,2018-03-07T00:00:00,GHCND:USW00024160,20
925,",,W,",PRCP,2018-03-07T00:00:00,GHCND:USW00024160,0
926,",,W,",SNOW,2018-03-07T00:00:00,GHCND:USW00024160,0
927,",,W,",SNWD,2018-03-07T00:00:00,GHCND:USW00024160,0
928,",,W,",TMAX,2018-03-07T00:00:00,GHCND:USW00024160,106
929,",,W,",TMIN,2018-03-07T00:00:00,GHCND:USW00024160,-10
930,",,W,",WDF2,2018-03-07T00:00:00,GHCND:USW00024160,250
931,",,W,",WDF5,2018-03-07T00:00:00,GHCND:USW00024160,200
932,",,W,",WSF2,2018-03-07T00:00:00,GHCND:USW00024160,54
933,",,W,",WSF5,2018-03-07T00:00:00,GHCND:USW00024160,54
934,"T,,N,",PRCP,2018-03-08T00:00:00,GHCND:US1WAWW0005,0
935,",,N,",PRCP,2018-03-08T00:00:00,GHCND:US1WAWW0006,0
936,"T,,N,",PRCP,2018-03-08T00:00:00,GHCND:US1WAWW0009,0
937,",,N,",PRCP,2018-03-08T00:00:00,GHCND:US1WAWW0014,3
938,",,7,0900",PRCP,2018-03-08T00:00:00,GHCND:USC00355593,0
939,",,7,0900",TMAX,2018-03-08T00:00:00,GHCND:USC00355593,133
940,",,7,0900",TMIN,2018-03-08T00:00:00,GHCND:USC00355593,11
941,",,7,0900",TOBS,2018-03-08T00:00:00,GHCND:USC00355593,50
942,",,7,1700",PRCP,2018-03-08T00:00:00,GHCND:USC00454679,18
943,",,7,",SNOW,2018-03-08T00:00:00,GHCND:USC00454679,0
944,",,7,1700",TMAX,2018-03-08T00:00:00,GHCND:USC00454679,100
945,",,7,1700",TMIN,2018-03-08T00:00:00,GHCND:USC00454679,22
946,",,7,1700",TOBS,2018-03-08T00:00:00,GHCND:USC00454679,89
947,"T,,7,0800",PRCP,2018-03-08T00:00:00,GHCND:USC00455387,0
948,",,7,0400",PRCP,2018-03-08T00:00:00,GHCND:USC00458932,0
949,",,7,",SNOW,2018-03-08T00:00:00,GHCND:USC00458932,0
950,",,7,0400",SNWD,2018-03-08T00:00:00,GHCND:USC00458932,0
951,",,7,0800",PRCP,2018-03-08T00:00:00,GHCND:USC00459200,3
952,",,7,0800",TMAX,2018-03-08T00:00:00,GHCND:USC00459200,106
953,",,7,0800",TMIN,2018-03-08T00:00:00,GHCND:USC00459200,-56
954,",,7,0800",TOBS,2018-03-08T00:00:00,GHCND:USC00459200,0
955,",,7,",WDMV,2018-03-08T00:00:00,GHCND:USC00459200,29
956,",,W,",AWND,2018-03-08T00:00:00,GHCND:USW00024160,38
957,",,W,",PRCP,2018-03-08T00:00:00,GHCND:USW00024160,10
958,",,W,",SNOW,2018-03-08T00:00:00,GHCND:USW00024160,0
959,",,W,",SNWD,2018-03-08T00:00:00,GHCND:USW00024160,0
960,",,W,",TMAX,2018-03-08T00:00:00,GHCND:USW00024160,133
961,",,W,",TMIN,2018-03-08T00:00:00,GHCND:USW00024160,6
962,",,W,",WDF2,2018-03-08T00:00:00,GHCND:USW00024160,180
963,",,W,",WDF5,2018-03-08T00:00:00,GHCND:USW00024160,200
964,",,W,",WSF2,2018-03-08T00:00:00,GHCND:USW00024160,107
965,",,W,",WSF5,2018-03-08T00:00:00,GHCND:USW00024160,130
966,",,N,",PRCP,2018-03-09T00:00:00,GHCND:US1WAWW0005,3
967,"T,,N,",PRCP,2018-03-09T00:00:00,GHCND:US1WAWW0006,0
968,",,N,",PRCP,2018-03-09T00:00:00,GHCND:US1WAWW0009,3
969,",,N,",PRCP,2018-03-09T00:00:00,GHCND:US1WAWW0014,8
970,",,7,0900",PRCP,2018-03-09T00:00:00,GHCND:USC00355593,0
971,",,7,0900",TMAX,2018-03-09T00:00:00,GHCND:USC00355593,144
972,",,7,0900",TMIN,2018-03-09T00:00:00,GHCND:USC00355593,50
973,",,7,0900",TOBS,2018-03-09T00:00:00,GHCND:USC00355593,94
974,",,7,1700",PRCP,2018-03-09T00:00:00,GHCND:USC00454679,0
975,",,7,",SNOW,2018-03-09T00:00:00,GHCND:USC00454679,0
976,",,7,1700",TMAX,2018-03-09T00:00:00,GHCND:USC00454679,128
977,",,7,1700",TMIN,2018-03-09T00:00:00,GHCND:USC00454679,44
978,",,7,1700",TOBS,2018-03-09T00:00:00,GHCND:USC00454679,100
979,",,7,0800",PRCP,2018-03-09T00:00:00,GHCND:USC00455387,3
980,",,7,0400",PRCP,2018-03-09T00:00:00,GHCND:USC00458932,13
981,",,7,",SNOW,2018-03-09T00:00:00,GHCND:USC00458932,0
982,",,7,0400",SNWD,2018-03-09T00:00:00,GHCND:USC00458932,0
983,"T,,7,0800",PRCP,2018-03-09T00:00:00,GHCND:USC00459200,0
984,",,7,0800",TMAX,2018-03-09T00:00:00,GHCND:USC00459200,139
985,",,7,0800",TMIN,2018-03-09T00:00:00,GHCND:USC00459200,-6
986,",,7,0800",TOBS,2018-03-09T00:00:00,GHCND:USC00459200,78
987,",,7,",WDMV,2018-03-09T00:00:00,GHCND:USC00459200,56
988,",,W,",AWND,2018-03-09T00:00:00,GHCND:USW00024160,55
989,",,W,",PRCP,2018-03-09T00:00:00,GHCND:USW00024160,0
990,",,W,",SNOW,2018-03-09T00:00:00,GHCND:USW00024160,0
991,",,W,",SNWD,2018-03-09T00:00:00,GHCND:USW00024160,0
992,",,W,",TMAX,2018-03-09T00:00:00,GHCND:USW00024160,128
993,",,W,",TMIN,2018-03-09T00:00:00,GHCND:USW00024160,11
994,",,W,",WDF2,2018-03-09T00:00:00,GHCND:USW00024160,220
995,",,W,",WDF5,2018-03-09T00:00:00,GHCND:USW00024160,210
996,",,W,",WSF2,2018-03-09T00:00:00,GHCND:USW00024160,112
997,",,W,",WSF5,2018-03-09T00:00:00,GHCND:USW00024160,143
998,",,N,",PRCP,2018-03-10T00:00:00,GHCND:US1WAWW0009,0
999,",,N,",SNOW,2018-03-10T00:00:00,GHCND:US1WAWW0009,0
0,",,N,",PRCP,2018-03-10T00:00:00,GHCND:US1WAWW0014,0
1,",,7,0900",PRCP,2018-03-10T00:00:00,GHCND:USC00355593,0
2,",,7,0900",TMAX,2018-03-10T00:00:00,GHCND:USC00355593,139
3,",,7,0900",TMIN,2018-03-10T00:00:00,GHCND:USC00355593,-17
4,",,7,1700",PRCP,2018-03-10T00:00:00,GHCND:USC00454679,0
5,",,7,",SNOW,2018-03-10T00:00:00,GHCND:USC00454679,0
6,",,7,1700",TMAX,2018-03-10T00:00:00,GHCND:USC00454679,122
7,",,7,1700",TMIN,2018-03-10T00:00:00,GHCND:USC00454679,-22
8,",,7,1700",TOBS,2018-03-10T00:00:00,GHCND:USC00454679,117
9,",,7,0800",PRCP,2018-03-10T00:00:00,GHCND:USC00459200,0
10,",,7,0800",TMAX,2018-03-10T00:00:00,GHCND:USC00459200,144
11,",,7,0800",TMIN,2018-03-10T00:00:00,GHCND:USC00459200,-44
12,",,7,0800",TOBS,2018-03-10T00:00:00,GHCND:USC00459200,-44
13,",,7,",WDMV,2018-03-10T00:00:00,GHCND:USC00459200,127
14,",,W,",AWND,2018-03-10T00:00:00,GHCND:USW00024160,25
15,",,W,",PRCP,2018-03-10T00:00:00,GHCND:USW00024160,0
16,",,W,",SNOW,2018-03-10T00:00:00,GHCND:USW00024160,0
17,",,W,",SNWD,2018-03-10T00:00:00,GHCND:USW00024160,0
18,",,W,",TMAX,2018-03-10T00:00:00,GHCND:USW00024160,150
19,",,W,",TMIN,2018-03-10T00:00:00,GHCND:USW00024160,-16
20,",,W,",WDF2,2018-03-10T00:00:00,GHCND:USW00024160,10
21,",,W,",WDF5,2018-03-10T00:00:00,GHCND:USW00024160,10
22,",,W,",WSF2,2018-03-10T00:00:00,GHCND:USW00024160,63
23,",,W,",WSF5,2018-03-10T00:00:00,GHCND:USW00024160,72
24,",,N,",PRCP,2018-03-11T00:00:00,GHCND:US1WAWW0009,0
25,",,N,",SNOW,2018-03-11T00:00:00,GHCND:US1WAWW0009,0
26,",,N,",PRCP,2018-03-11T00:00:00,GHCND:US1WAWW0014,0
27,",,7,0900",PRCP,2018-03-11T00:00:00,GHCND:USC00355593,0
28,",,7,0900",TMAX,2018-03-11T00:00:00,GHCND:USC00355593,150
29,",,7,0900",TMIN,2018-03-11T00:00:00,GHCND:USC00355593,6
30,",,7,1700",PRCP,2018-03-11T00:00:00,GHCND:USC00454679,0
31,",,7,",SNOW,2018-03-11T00:00:00,GHCND:USC00454679,0
32,",,7,1700",TMAX,2018-03-11T00:00:00,GHCND:USC00454679,144
33,",,7,1700",TMIN,2018-03-11T00:00:00,GHCND:USC00454679,11
34,",,7,1700",TOBS,2018-03-11T00:00:00,GHCND:USC00454679,144
35,",,W,",AWND,2018-03-11T00:00:00,GHCND:USW00024160,27
36,",,W,",PRCP,2018-03-11T00:00:00,GHCND:USW00024160,0
37,",,W,",SNOW,2018-03-11T00:00:00,GHCND:USW00024160,0
38,",,W,",SNWD,2018-03-11T00:00:00,GHCND:USW00024160,0
39,",,W,",TMAX,2018-03-11T00:00:00,GHCND:USW00024160,139
40,",,W,",TMIN,2018-03-11T00:00:00,GHCND:USW00024160,17
41,",,W,",WDF2,2018-03-11T00:00:00,GHCND:USW00024160,80
42,",,W,",WDF5,2018-03-11T00:00:00,GHCND:USW00024160,80
43,",,W,",WSF2,2018-03-11T00:00:00,GHCND:USW00024160,58
44,",,W,",WSF5,2018-03-11T00:00:00,GHCND:USW00024160,67
45,",,N,",PRCP,2018-03-12T00:00:00,GHCND:US1WAWW0009,0
46,",,N,",SNOW,2018-03-12T00:00:00,GHCND:US1WAWW0009,0
47,",,7,0900",PRCP,2018-03-12T00:00:00,GHCND:USC00355593,0
48,",,7,0900",TMAX,2018-03-12T00:00:00,GHCND:USC00355593,150
49,",,7,0900",TMIN,2018-03-12T00:00:00,GHCND:USC00355593,0
50,",,7,0900",TOBS,2018-03-12T00:00:00,GHCND:USC00355593,44
51,",,7,1700",PRCP,2018-03-12T00:00:00,GHCND:USC00454679,0
52,",,7,",SNOW,2018-03-12T00:00:00,GHCND:USC00454679,0
53,",,7,1700",TMAX,2018-03-12T00:00:00,GHCND:USC00454679,189
54,",,7,1700",TMIN,2018-03-12T00:00:00,GHCND:USC00454679,22
55,",,7,1700",TOBS,2018-03-12T00:00:00,GHCND:USC00454679,183
56,",,7,0800",PRCP,2018-03-12T00:00:00,GHCND:USC00455387,0
57,",,7,0800",PRCP,2018-03-12T00:00:00,GHCND:USC00459200,0
58,",,7,0800",TMAX,2018-03-12T00:00:00,GHCND:USC00459200,156
59,",,7,0800",TMIN,2018-03-12T00:00:00,GHCND:USC00459200,-56
60,",,7,0800",TOBS,2018-03-12T00:00:00,GHCND:USC00459200,-28
61,",,7,",WDMV,2018-03-12T00:00:00,GHCND:USC00459200,69
62,",,W,",AWND,2018-03-12T00:00:00,GHCND:USW00024160,25
63,",,W,",PRCP,2018-03-12T00:00:00,GHCND:USW00024160,0
64,",,W,",SNOW,2018-03-12T00:00:00,GHCND:USW00024160,0
65,",,W,",SNWD,2018-03-12T00:00:00,GHCND:USW00024160,0
66,",,W,",TMAX,2018-03-12T00:00:00,GHCND:USW00024160,200
67,",,W,",TMIN,2018-03-12T00:00:00,GHCND:USW00024160,17
68,",,W,",WDF2,2018-03-12T00:00:00,GHCND:USW00024160,50
69,",,W,",WDF5,2018-03-12T00:00:00,GHCND:USW00024160,80
70,",,W,",WSF2,2018-03-12T00:00:00,GHCND:USW00024160,58
71,",,W,",WSF5,2018-03-12T00:00:00,GHCND:USW00024160,67
72,",,N,",PRCP,2018-03-13T00:00:00,GHCND:US1WAWW0009,0
73,",,N,",SNOW,2018-03-13T00:00:00,GHCND:US1WAWW0009,0
74,",,N,",PRCP,2018-03-13T00:00:00,GHCND:US1WAWW0014,0
75,",,7,0900",PRCP,2018-03-13T00:00:00,GHCND:USC00355593,0
76,",,7,0900",TMAX,2018-03-13T00:00:00,GHCND:USC00355593,178
77,",,7,0900",TMIN,2018-03-13T00:00:00,GHCND:USC00355593,44
78,",,7,0900",TOBS,2018-03-13T00:00:00,GHCND:USC00355593,56
79,",,7,1700",PRCP,2018-03-13T00:00:00,GHCND:USC00454679,0
80,",,7,",SNOW,2018-03-13T00:00:00,GHCND:USC00454679,0
81,",,7,1700",TMAX,2018-03-13T00:00:00,GHCND:USC00454679,183
82,",,7,1700",TMIN,2018-03-13T00:00:00,GHCND:USC00454679,56
83,",,7,1700",TOBS,2018-03-13T00:00:00,GHCND:USC00454679,178
84,",,7,0800",PRCP,2018-03-13T00:00:00,GHCND:USC00455387,0
85,",,7,0400",PRCP,2018-03-13T00:00:00,GHCND:USC00458932,0
86,",,7,",SNOW,2018-03-13T00:00:00,GHCND:USC00458932,0
87,",,7,0400",SNWD,2018-03-13T00:00:00,GHCND:USC00458932,0
88,",,7,0800",PRCP,2018-03-13T00:00:00,GHCND:USC00459200,0
89,",,7,0800",TMAX,2018-03-13T00:00:00,GHCND:USC00459200,189
90,",,7,0800",TMIN,2018-03-13T00:00:00,GHCND:USC00459200,-39
91,",,7,0800",TOBS,2018-03-13T00:00:00,GHCND:USC00459200,22
92,",,7,",WDMV,2018-03-13T00:00:00,GHCND:USC00459200,32
93,",,W,",AWND,2018-03-13T00:00:00,GHCND:USW00024160,31
94,",,W,",PRCP,2018-03-13T00:00:00,GHCND:USW00024160,38
95,",,W,",SNOW,2018-03-13T00:00:00,GHCND:USW00024160,0
96,",,W,",SNWD,2018-03-13T00:00:00,GHCND:USW00024160,0
97,",,W,",TMAX,2018-03-13T00:00:00,GHCND:USW00024160,183
98,",,W,",TMIN,2018-03-13T00:00:00,GHCND:USW00024160,56
99,",,W,",WDF2,2018-03-13T00:00:00,GHCND:USW00024160,220
100,",,W,",WDF5,2018-03-13T00:00:00,GHCND:USW00024160,220
101,",,W,",WSF2,2018-03-13T00:00:00,GHCND:USW00024160,98
102,",,W,",WSF5,2018-03-13T00:00:00,GHCND:USW00024160,139
103,",,W,",WT01,2018-03-13T00:00:00,GHCND:USW00024160,1
104,",,N,",PRCP,2018-03-14T00:00:00,GHCND:US1WAWW0005,89
105,",,N,",PRCP,2018-03-14T00:00:00,GHCND:US1WAWW0006,89
106,",,N,",PRCP,2018-03-14T00:00:00,GHCND:US1WAWW0009,76
107,",,N,",PRCP,2018-03-14T00:00:00,GHCND:US1WAWW0014,81
108,",,N,",PRCP,2018-03-14T00:00:00,GHCND:US1WAWW0019,91
109,",,7,0900",PRCP,2018-03-14T00:00:00,GHCND:USC00355593,114
110,",,7,0900",TMAX,2018-03-14T00:00:00,GHCND:USC00355593,133
111,",,7,0900",TMIN,2018-03-14T00:00:00,GHCND:USC00355593,56
112,",,7,0900",TOBS,2018-03-14T00:00:00,GHCND:USC00355593,56
113,",,7,1700",PRCP,2018-03-14T00:00:00,GHCND:USC00454679,61
114,",,7,",SNOW,2018-03-14T00:00:00,GHCND:USC00454679,0
115,",,7,1700",TMAX,2018-03-14T00:00:00,GHCND:USC00454679,178
116,",,7,1700",TMIN,2018-03-14T00:00:00,GHCND:USC00454679,61
117,",,7,1700",TOBS,2018-03-14T00:00:00,GHCND:USC00454679,111
118,",,7,0800",PRCP,2018-03-14T00:00:00,GHCND:USC00455387,89
119,",,7,0400",PRCP,2018-03-14T00:00:00,GHCND:USC00458932,79
120,",,7,",SNOW,2018-03-14T00:00:00,GHCND:USC00458932,0
121,",,7,0400",SNWD,2018-03-14T00:00:00,GHCND:USC00458932,0
122,",,7,0800",PRCP,2018-03-14T00:00:00,GHCND:USC00459200,56
123,",,7,0800",TMAX,2018-03-14T00:00:00,GHCND:USC00459200,139
124,",,7,0800",TMIN,2018-03-14T00:00:00,GHCND:USC00459200,6
125,",,7,0800",TOBS,2018-03-14T00:00:00,GHCND:USC00459200,72
126,",,7,",WDMV,2018-03-14T00:00:00,GHCND:USC00459200,74
127,",,W,",AWND,2018-03-14T00:00:00,GHCND:USW00024160,49
128,",,W,",PRCP,2018-03-14T00:00:00,GHCND:USW00024160,38
129,",,W,",SNOW,2018-03-14T00:00:00,GHCND:USW00024160,0
130,",,W,",SNWD,2018-03-14T00:00:00,GHCND:USW00024160,0
131,",,W,",TMAX,2018-03-14T00:00:00,GHCND:USW00024160,133
132,",,W,",TMIN,2018-03-14T00:00:00,GHCND:USW00024160,72
133,",,W,",WDF2,2018-03-14T00:00:00,GHCND:USW00024160,250
134,",,W,",WDF5,2018-03-14T00:00:00,GHCND:USW00024160,190
135,",,W,",WSF2,2018-03-14T00:00:00,GHCND:USW00024160,76
136,",,W,",WSF5,2018-03-14T00:00:00,GHCND:USW00024160,98
137,",,W,",WT01,2018-03-14T00:00:00,GHCND:USW00024160,1
138,",,N,",PRCP,2018-03-15T00:00:00,GHCND:US1WAWW0005,20
139,",,N,",PRCP,2018-03-15T00:00:00,GHCND:US1WAWW0006,20
140,",,N,",PRCP,2018-03-15T00:00:00,GHCND:US1WAWW0009,13
141,",,N,",PRCP,2018-03-15T00:00:00,GHCND:US1WAWW0014,33
142,",,7,0900",PRCP,2018-03-15T00:00:00,GHCND:USC00355593,20
143,",,7,0900",TMAX,2018-03-15T00:00:00,GHCND:USC00355593,133
144,",,7,0900",TMIN,2018-03-15T00:00:00,GHCND:USC00355593,39
145,",,7,0900",TOBS,2018-03-15T00:00:00,GHCND:USC00355593,50
146,"T,,7,1700",PRCP,2018-03-15T00:00:00,GHCND:USC00454679,0
147,",,7,",SNOW,2018-03-15T00:00:00,GHCND:USC00454679,0
148,",,7,1700",TMAX,2018-03-15T00:00:00,GHCND:USC00454679,111
149,",,7,1700",TMIN,2018-03-15T00:00:00,GHCND:USC00454679,17
150,",,7,1700",TOBS,2018-03-15T00:00:00,GHCND:USC00454679,94
151,",,7,0800",PRCP,2018-03-15T00:00:00,GHCND:USC00455387,69
152,",,7,0400",PRCP,2018-03-15T00:00:00,GHCND:USC00458932,81
153,",,7,",SNOW,2018-03-15T00:00:00,GHCND:USC00458932,0
154,",,7,0400",SNWD,2018-03-15T00:00:00,GHCND:USC00458932,0
155,",,7,0800",PRCP,2018-03-15T00:00:00,GHCND:USC00459200,25
156,",,7,0800",TMAX,2018-03-15T00:00:00,GHCND:USC00459200,144
157,",,7,0800",TMIN,2018-03-15T00:00:00,GHCND:USC00459200,50
158,",,7,0800",TOBS,2018-03-15T00:00:00,GHCND:USC00459200,61
159,",,7,",WDMV,2018-03-15T00:00:00,GHCND:USC00459200,98
160,",,W,",AWND,2018-03-15T00:00:00,GHCND:USW00024160,37
161,",,W,",PRCP,2018-03-15T00:00:00,GHCND:USW00024160,43
162,",,W,",SNOW,2018-03-15T00:00:00,GHCND:USW00024160,0
163,",,W,",SNWD,2018-03-15T00:00:00,GHCND:USW00024160,0
164,",,W,",TMAX,2018-03-15T00:00:00,GHCND:USW00024160,128
165,",,W,",TMIN,2018-03-15T00:00:00,GHCND:USW00024160,28
166,",,W,",WDF2,2018-03-15T00:00:00,GHCND:USW00024160,190
167,",,W,",WDF5,2018-03-15T00:00:00,GHCND:USW00024160,180
168,",,W,",WSF2,2018-03-15T00:00:00,GHCND:USW00024160,103
169,",,W,",WSF5,2018-03-15T00:00:00,GHCND:USW00024160,121
170,",,W,",WT01,2018-03-15T00:00:00,GHCND:USW00024160,1
171,",,N,",PRCP,2018-03-16T00:00:00,GHCND:US1WAWW0009,0
172,",,N,",SNOW,2018-03-16T00:00:00,GHCND:US1WAWW0009,0
173,",,7,0900",PRCP,2018-03-16T00:00:00,GHCND:USC00355593,0
174,",,7,0900",TMAX,2018-03-16T00:00:00,GHCND:USC00355593,133
175,",,7,0900",TMIN,2018-03-16T00:00:00,GHCND:USC00355593,0
176,",,7,0900",TOBS,2018-03-16T00:00:00,GHCND:USC00355593,44
177,",,7,1700",PRCP,2018-03-16T00:00:00,GHCND:USC00454679,0
178,",,7,",SNOW,2018-03-16T00:00:00,GHCND:USC00454679,0
179,",,7,1700",TMAX,2018-03-16T00:00:00,GHCND:USC00454679,128
180,",,7,1700",TMIN,2018-03-16T00:00:00,GHCND:USC00454679,11
181,",,7,1700",TOBS,2018-03-16T00:00:00,GHCND:USC00454679,106
182,",,7,0800",PRCP,2018-03-16T00:00:00,GHCND:USC00455387,0
183,",,7,0400",PRCP,2018-03-16T00:00:00,GHCND:USC00458932,0
184,",,7,",SNOW,2018-03-16T00:00:00,GHCND:USC00458932,0
185,",,7,0400",SNWD,2018-03-16T00:00:00,GHCND:USC00458932,0
186,",,7,0800",PRCP,2018-03-16T00:00:00,GHCND:USC00459200,3
187,",,7,0800",TMAX,2018-03-16T00:00:00,GHCND:USC00459200,139
188,",,7,0800",TMIN,2018-03-16T00:00:00,GHCND:USC00459200,-28
189,",,7,0800",TOBS,2018-03-16T00:00:00,GHCND:USC00459200,-22
190,",,7,",WDMV,2018-03-16T00:00:00,GHCND:USC00459200,53
191,",,W,",AWND,2018-03-16T00:00:00,GHCND:USW00024160,26
192,"T,,W,",PRCP,2018-03-16T00:00:00,GHCND:USW00024160,0
193,",,W,",SNOW,2018-03-16T00:00:00,GHCND:USW00024160,0
194,",,W,",SNWD,2018-03-16T00:00:00,GHCND:USW00024160,0
195,",,W,",TMAX,2018-03-16T00:00:00,GHCND:USW00024160,117
196,",,W,",TMIN,2018-03-16T00:00:00,GHCND:USW00024160,6
197,",,W,",WDF2,2018-03-16T00:00:00,GHCND:USW00024160,190
198,",,W,",WDF5,2018-03-16T00:00:00,GHCND:USW00024160,190
199,",,W,",WSF2,2018-03-16T00:00:00,GHCND:USW00024160,72
200,",,W,",WSF5,2018-03-16T00:00:00,GHCND:USW00024160,81
201,",,N,",PRCP,2018-03-17T00:00:00,GHCND:US1WAWW0009,5
202,",,7,0900",PRCP,2018-03-17T00:00:00,GHCND:USC00355593,0
203,",,7,0900",TMAX,2018-03-17T00:00:00,GHCND:USC00355593,94
204,",,7,0900",TMIN,2018-03-17T00:00:00,GHCND:USC00355593,39
205,",,7,1700",PRCP,2018-03-17T00:00:00,GHCND:USC00454679,0
206,",,7,",SNOW,2018-03-17T00:00:00,GHCND:USC00454679,0
207,",,7,1700",TMAX,2018-03-17T00:00:00,GHCND:USC00454679,117
208,",,7,1700",TMIN,2018-03-17T00:00:00,GHCND:USC00454679,6
209,",,7,1700",TOBS,2018-03-17T00:00:00,GHCND:USC00454679,111
210,"T,,7,0800",PRCP,2018-03-17T00:00:00,GHCND:USC00459200,0
211,",,7,0800",TMAX,2018-03-17T00:00:00,GHCND:USC00459200,117
212,",,7,0800",TMIN,2018-03-17T00:00:00,GHCND:USC00459200,-22
213,",,7,0800",TOBS,2018-03-17T00:00:00,GHCND:USC00459200,33
214,",,7,",WDMV,2018-03-17T00:00:00,GHCND:USC00459200,27
215,",,W,",AWND,2018-03-17T00:00:00,GHCND:USW00024160,45
216,",,W,",PRCP,2018-03-17T00:00:00,GHCND:USW00024160,150
217,",,W,",SNOW,2018-03-17T00:00:00,GHCND:USW00024160,0
218,",,W,",SNWD,2018-03-17T00:00:00,GHCND:USW00024160,0
219,",,W,",TMAX,2018-03-17T00:00:00,GHCND:USW00024160,94
220,",,W,",TMIN,2018-03-17T00:00:00,GHCND:USW00024160,33
221,",,W,",WDF2,2018-03-17T00:00:00,GHCND:USW00024160,200
222,",,W,",WDF5,2018-03-17T00:00:00,GHCND:USW00024160,220
223,",,W,",WSF2,2018-03-17T00:00:00,GHCND:USW00024160,72
224,",,W,",WSF5,2018-03-17T00:00:00,GHCND:USW00024160,98
225,",,W,",WT01,2018-03-17T00:00:00,GHCND:USW00024160,1
226,",,N,",PRCP,2018-03-18T00:00:00,GHCND:US1WAWW0009,58
227,",,7,0900",PRCP,2018-03-18T00:00:00,GHCND:USC00355593,0
228,",,7,0900",TMAX,2018-03-18T00:00:00,GHCND:USC00355593,128
229,",,7,0900",TMIN,2018-03-18T00:00:00,GHCND:USC00355593,44
230,",,7,1700",PRCP,2018-03-18T00:00:00,GHCND:USC00454679,15
231,",,7,",SNOW,2018-03-18T00:00:00,GHCND:USC00454679,0
232,",,7,1700",TMAX,2018-03-18T00:00:00,GHCND:USC00454679,128
233,",,7,1700",TMIN,2018-03-18T00:00:00,GHCND:USC00454679,17
234,",,7,1700",TOBS,2018-03-18T00:00:00,GHCND:USC00454679,122
235,",,W,",AWND,2018-03-18T00:00:00,GHCND:USW00024160,56
236,",,W,",PRCP,2018-03-18T00:00:00,GHCND:USW00024160,0
237,",,W,",SNOW,2018-03-18T00:00:00,GHCND:USW00024160,0
238,",,W,",SNWD,2018-03-18T00:00:00,GHCND:USW00024160,0
239,",,W,",TMAX,2018-03-18T00:00:00,GHCND:USW00024160,128
240,",,W,",TMIN,2018-03-18T00:00:00,GHCND:USW00024160,33
241,",,W,",WDF2,2018-03-18T00:00:00,GHCND:USW00024160,200
242,",,W,",WDF5,2018-03-18T00:00:00,GHCND:USW00024160,250
243,",,W,",WSF2,2018-03-18T00:00:00,GHCND:USW00024160,98
244,",,W,",WSF5,2018-03-18T00:00:00,GHCND:USW00024160,121
245,"T,,N,",PRCP,2018-03-19T00:00:00,GHCND:US1WAWW0005,0
246,",,N,",PRCP,2018-03-19T00:00:00,GHCND:US1WAWW0009,0
247,",,N,",SNOW,2018-03-19T00:00:00,GHCND:US1WAWW0009,0
248,",,N,",PRCP,2018-03-19T00:00:00,GHCND:US1WAWW0014,0
249,",,7,0900",PRCP,2018-03-19T00:00:00,GHCND:USC00355593,119
250,",,7,0900",TMAX,2018-03-19T00:00:00,GHCND:USC00355593,133
251,",,7,0900",TMIN,2018-03-19T00:00:00,GHCND:USC00355593,44
252,",,7,0900",TOBS,2018-03-19T00:00:00,GHCND:USC00355593,83
253,",,7,1700",PRCP,2018-03-19T00:00:00,GHCND:USC00454679,0
254,",,7,",SNOW,2018-03-19T00:00:00,GHCND:USC00454679,0
255,",,7,1700",TMAX,2018-03-19T00:00:00,GHCND:USC00454679,128
256,",,7,1700",TMIN,2018-03-19T00:00:00,GHCND:USC00454679,0
257,",,7,1700",TOBS,2018-03-19T00:00:00,GHCND:USC00454679,117
258,",,7,0800",PRCP,2018-03-19T00:00:00,GHCND:USC00455387,173
259,",,7,",DAPR,2018-03-19T00:00:00,GHCND:USC00458932,3
260,",,7,",MDPR,2018-03-19T00:00:00,GHCND:USC00458932,163
261,",,7,",SNOW,2018-03-19T00:00:00,GHCND:USC00458932,0
262,",,7,0400",SNWD,2018-03-19T00:00:00,GHCND:USC00458932,0
263,",,7,",DAPR,2018-03-19T00:00:00,GHCND:USC00459200,2
264,",,7,",MDPR,2018-03-19T00:00:00,GHCND:USC00459200,58
265,",,7,0800",TMAX,2018-03-19T00:00:00,GHCND:USC00459200,144
266,",,7,0800",TMIN,2018-03-19T00:00:00,GHCND:USC00459200,0
267,",,7,0800",TOBS,2018-03-19T00:00:00,GHCND:USC00459200,17
268,",,7,",WDMV,2018-03-19T00:00:00,GHCND:USC00459200,209
269,",,W,",AWND,2018-03-19T00:00:00,GHCND:USW00024160,32
270,",,W,",PRCP,2018-03-19T00:00:00,GHCND:USW00024160,0
271,",,W,",SNOW,2018-03-19T00:00:00,GHCND:USW00024160,0
272,",,W,",SNWD,2018-03-19T00:00:00,GHCND:USW00024160,0
273,",,W,",TMAX,2018-03-19T00:00:00,GHCND:USW00024160,133
274,",,W,",TMIN,2018-03-19T00:00:00,GHCND:USW00024160,17
275,",,W,",WDF2,2018-03-19T00:00:00,GHCND:USW00024160,250
276,",,W,",WDF5,2018-03-19T00:00:00,GHCND:USW00024160,250
277,",,W,",WSF2,2018-03-19T00:00:00,GHCND:USW00024160,63
278,",,W,",WSF5,2018-03-19T00:00:00,GHCND:USW00024160,81
279,",,N,",PRCP,2018-03-20T00:00:00,GHCND:US1WAWW0009,0
280,",,N,",SNOW,2018-03-20T00:00:00,GHCND:US1WAWW0009,0
281,",,N,",PRCP,2018-03-20T00:00:00,GHCND:US1WAWW0014,0
282,",,7,0900",PRCP,2018-03-20T00:00:00,GHCND:USC00355593,0
283,",,7,0900",TMAX,2018-03-20T00:00:00,GHCND:USC00355593,156
284,",,7,0900",TMIN,2018-03-20T00:00:00,GHCND:USC00355593,39
285,",,7,0900",TOBS,2018-03-20T00:00:00,GHCND:USC00355593,78
286,",,7,1700",PRCP,2018-03-20T00:00:00,GHCND:USC00454679,0
287,",,7,",SNOW,2018-03-20T00:00:00,GHCND:USC00454679,0
288,",,7,1700",TMAX,2018-03-20T00:00:00,GHCND:USC00454679,139
289,",,7,1700",TMIN,2018-03-20T00:00:00,GHCND:USC00454679,-11
290,",,7,1700",TOBS,2018-03-20T00:00:00,GHCND:USC00454679,128
291,",,7,0800",PRCP,2018-03-20T00:00:00,GHCND:USC00455387,0
292,",,7,0400",PRCP,2018-03-20T00:00:00,GHCND:USC00458932,0
293,",,7,",SNOW,2018-03-20T00:00:00,GHCND:USC00458932,0
294,",,7,0400",SNWD,2018-03-20T00:00:00,GHCND:USC00458932,0
295,",,7,0800",PRCP,2018-03-20T00:00:00,GHCND:USC00459200,0
296,",,7,0800",TMAX,2018-03-20T00:00:00,GHCND:USC00459200,150
297,",,7,0800",TMIN,2018-03-20T00:00:00,GHCND:USC00459200,-22
298,",,7,0800",TOBS,2018-03-20T00:00:00,GHCND:USC00459200,-22
299,",,7,",WDMV,2018-03-20T00:00:00,GHCND:USC00459200,42
300,",,W,",AWND,2018-03-20T00:00:00,GHCND:USW00024160,22
301,",,W,",PRCP,2018-03-20T00:00:00,GHCND:USW00024160,0
302,",,W,",SNOW,2018-03-20T00:00:00,GHCND:USW00024160,0
303,",,W,",SNWD,2018-03-20T00:00:00,GHCND:USW00024160,0
304,",,W,",TMAX,2018-03-20T00:00:00,GHCND:USW00024160,156
305,",,W,",TMIN,2018-03-20T00:00:00,GHCND:USW00024160,11
306,",,W,",WDF2,2018-03-20T00:00:00,GHCND:USW00024160,80
307,",,W,",WDF5,2018-03-20T00:00:00,GHCND:USW00024160,270
308,",,W,",WSF2,2018-03-20T00:00:00,GHCND:USW00024160,54
309,",,W,",WSF5,2018-03-20T00:00:00,GHCND:USW00024160,58
310,",,N,",PRCP,2018-03-21T00:00:00,GHCND:US1WAWW0009,0
311,",,N,",SNOW,2018-03-21T00:00:00,GHCND:US1WAWW0009,0
312,",,N,",PRCP,2018-03-21T00:00:00,GHCND:US1WAWW0014,0
313,",,7,0900",PRCP,2018-03-21T00:00:00,GHCND:USC00355593,0
314,",,7,0900",TMAX,2018-03-21T00:00:00,GHCND:USC00355593,161
315,",,7,0900",TMIN,2018-03-21T00:00:00,GHCND:USC00355593,61
316,",,7,0900",TOBS,2018-03-21T00:00:00,GHCND:USC00355593,122
317,"T,,7,1700",PRCP,2018-03-21T00:00:00,GHCND:USC00454679,0
318,",,7,",SNOW,2018-03-21T00:00:00,GHCND:USC00454679,0
319,",,7,1700",TMAX,2018-03-21T00:00:00,GHCND:USC00454679,133
320,",,7,1700",TMIN,2018-03-21T00:00:00,GHCND:USC00454679,0
321,",,7,1700",TOBS,2018-03-21T00:00:00,GHCND:USC00454679,122
322,",,7,0800",PRCP,2018-03-21T00:00:00,GHCND:USC00455387,0
323,",,7,0400",PRCP,2018-03-21T00:00:00,GHCND:USC00458932,0
324,",,7,",SNOW,2018-03-21T00:00:00,GHCND:USC00458932,0
325,",,7,0400",SNWD,2018-03-21T00:00:00,GHCND:USC00458932,0
326,",,7,0800",PRCP,2018-03-21T00:00:00,GHCND:USC00459200,0
327,",,7,0800",TMAX,2018-03-21T00:00:00,GHCND:USC00459200,167
328,",,7,0800",TMIN,2018-03-21T00:00:00,GHCND:USC00459200,-28
329,",,7,0800",TOBS,2018-03-21T00:00:00,GHCND:USC00459200,28
330,",,7,",WDMV,2018-03-21T00:00:00,GHCND:USC00459200,34
331,",,W,",AWND,2018-03-21T00:00:00,GHCND:USW00024160,27
332,"T,,W,",PRCP,2018-03-21T00:00:00,GHCND:USW00024160,0
333,",,W,",SNOW,2018-03-21T00:00:00,GHCND:USW00024160,0
334,",,W,",SNWD,2018-03-21T00:00:00,GHCND:USW00024160,0
335,",,W,",TMAX,2018-03-21T00:00:00,GHCND:USW00024160,156
336,",,W,",TMIN,2018-03-21T00:00:00,GHCND:USW00024160,61
337,",,W,",WDF2,2018-03-21T00:00:00,GHCND:USW00024160,170
338,",,W,",WDF5,2018-03-21T00:00:00,GHCND:USW00024160,170
339,",,W,",WSF2,2018-03-21T00:00:00,GHCND:USW00024160,67
340,",,W,",WSF5,2018-03-21T00:00:00,GHCND:USW00024160,89
341,",,N,",PRCP,2018-03-22T00:00:00,GHCND:US1WAWW0005,8
342,",,N,",PRCP,2018-03-22T00:00:00,GHCND:US1WAWW0006,10
343,",,N,",PRCP,2018-03-22T00:00:00,GHCND:US1WAWW0009,13
344,",,N,",PRCP,2018-03-22T00:00:00,GHCND:US1WAWW0019,13
345,",,7,0900",PRCP,2018-03-22T00:00:00,GHCND:USC00355593,15
346,",,7,0900",TMAX,2018-03-22T00:00:00,GHCND:USC00355593,161
347,",,7,0900",TMIN,2018-03-22T00:00:00,GHCND:USC00355593,67
348,",,7,0900",TOBS,2018-03-22T00:00:00,GHCND:USC00355593,106
349,",,7,1700",PRCP,2018-03-22T00:00:00,GHCND:USC00454679,30
350,",,7,",SNOW,2018-03-22T00:00:00,GHCND:USC00454679,0
351,",,7,1700",TMAX,2018-03-22T00:00:00,GHCND:USC00454679,156
352,",,7,1700",TMIN,2018-03-22T00:00:00,GHCND:USC00454679,61
353,",,7,1700",TOBS,2018-03-22T00:00:00,GHCND:USC00454679,78
354,",,7,0800",PRCP,2018-03-22T00:00:00,GHCND:USC00455387,3
355,",,7,0400",PRCP,2018-03-22T00:00:00,GHCND:USC00458932,10
356,",,7,",SNOW,2018-03-22T00:00:00,GHCND:USC00458932,0
357,",,7,0400",SNWD,2018-03-22T00:00:00,GHCND:USC00458932,0
358,",,7,0800",PRCP,2018-03-22T00:00:00,GHCND:USC00459200,13
359,",,7,0800",TMAX,2018-03-22T00:00:00,GHCND:USC00459200,144
360,",,7,0800",TMIN,2018-03-22T00:00:00,GHCND:USC00459200,17
361,",,7,0800",TOBS,2018-03-22T00:00:00,GHCND:USC00459200,94
362,",,7,",WDMV,2018-03-22T00:00:00,GHCND:USC00459200,13
363,",,W,",AWND,2018-03-22T00:00:00,GHCND:USW00024160,48
364,",,W,",PRCP,2018-03-22T00:00:00,GHCND:USW00024160,97
365,",,W,",SNOW,2018-03-22T00:00:00,GHCND:USW00024160,0
366,",,W,",SNWD,2018-03-22T00:00:00,GHCND:USW00024160,0
367,",,W,",TMAX,2018-03-22T00:00:00,GHCND:USW00024160,172
368,",,W,",TMIN,2018-03-22T00:00:00,GHCND:USW00024160,28
369,",,W,",WDF2,2018-03-22T00:00:00,GHCND:USW00024160,250
370,",,W,",WDF5,2018-03-22T00:00:00,GHCND:USW00024160,250
371,",,W,",WSF2,2018-03-22T00:00:00,GHCND:USW00024160,161
372,",,W,",WSF5,2018-03-22T00:00:00,GHCND:USW00024160,201
373,",,W,",WT01,2018-03-22T00:00:00,GHCND:USW00024160,1
374,",,N,",PRCP,2018-03-23T00:00:00,GHCND:US1WAWW0005,89
375,",,N,",PRCP,2018-03-23T00:00:00,GHCND:US1WAWW0006,81
376,",,N,",PRCP,2018-03-23T00:00:00,GHCND:US1WAWW0009,43
377,",,N,",PRCP,2018-03-23T00:00:00,GHCND:US1WAWW0019,86
378,",,7,0900",PRCP,2018-03-23T00:00:00,GHCND:USC00355593,28
379,",,7,0900",TMAX,2018-03-23T00:00:00,GHCND:USC00355593,128
380,",,7,0900",TMIN,2018-03-23T00:00:00,GHCND:USC00355593,28
381,",,7,0900",TOBS,2018-03-23T00:00:00,GHCND:USC00355593,78
382,"T,,7,1700",PRCP,2018-03-23T00:00:00,GHCND:USC00454679,0
383,",,7,",SNOW,2018-03-23T00:00:00,GHCND:USC00454679,0
384,",,7,1700",TMAX,2018-03-23T00:00:00,GHCND:USC00454679,106
385,",,7,1700",TMIN,2018-03-23T00:00:00,GHCND:USC00454679,-6
386,",,7,1700",TOBS,2018-03-23T00:00:00,GHCND:USC00454679,78
387,",,7,0800",PRCP,2018-03-23T00:00:00,GHCND:USC00455387,94
388,",,7,0400",PRCP,2018-03-23T00:00:00,GHCND:USC00458932,79
389,",,7,",SNOW,2018-03-23T00:00:00,GHCND:USC00458932,0
390,",,7,0400",SNWD,2018-03-23T00:00:00,GHCND:USC00458932,0
391,",,7,0800",PRCP,2018-03-23T00:00:00,GHCND:USC00459200,53
392,",,7,0800",TMAX,2018-03-23T00:00:00,GHCND:USC00459200,167
393,",,7,0800",TMIN,2018-03-23T00:00:00,GHCND:USC00459200,-17
394,",,7,0800",TOBS,2018-03-23T00:00:00,GHCND:USC00459200,-6
395,",,7,",WDMV,2018-03-23T00:00:00,GHCND:USC00459200,122
396,",,W,",AWND,2018-03-23T00:00:00,GHCND:USW00024160,41
397,",,W,",PRCP,2018-03-23T00:00:00,GHCND:USW00024160,13
398,",,W,",SNOW,2018-03-23T00:00:00,GHCND:USW00024160,0
399,",,W,",SNWD,2018-03-23T00:00:00,GHCND:USW00024160,0
400,",,W,",TMAX,2018-03-23T00:00:00,GHCND:USW00024160,128
401,",,W,",TMIN,2018-03-23T00:00:00,GHCND:USW00024160,22
402,",,W,",WDF2,2018-03-23T00:00:00,GHCND:USW00024160,200
403,",,W,",WDF5,2018-03-23T00:00:00,GHCND:USW00024160,190
404,",,W,",WSF2,2018-03-23T00:00:00,GHCND:USW00024160,107
405,",,W,",WSF5,2018-03-23T00:00:00,GHCND:USW00024160,139
406,",,N,",PRCP,2018-03-24T00:00:00,GHCND:US1WAWW0005,48
407,",,N,",PRCP,2018-03-24T00:00:00,GHCND:US1WAWW0009,48
408,",,7,0900",PRCP,2018-03-24T00:00:00,GHCND:USC00355593,0
409,",,7,0900",TMAX,2018-03-24T00:00:00,GHCND:USC00355593,117
410,",,7,0900",TMIN,2018-03-24T00:00:00,GHCND:USC00355593,33
411,",,7,1700",PRCP,2018-03-24T00:00:00,GHCND:USC00454679,36
412,",,7,",SNOW,2018-03-24T00:00:00,GHCND:USC00454679,0
413,",,7,1700",SNWD,2018-03-24T00:00:00,GHCND:USC00454679,0
414,",,7,1700",TMAX,2018-03-24T00:00:00,GHCND:USC00454679,106
415,",,7,1700",TMIN,2018-03-24T00:00:00,GHCND:USC00454679,17
416,",,7,1700",TOBS,2018-03-24T00:00:00,GHCND:USC00454679,89
417,",,7,0800",PRCP,2018-03-24T00:00:00,GHCND:USC00459200,64
418,",,7,0800",TMAX,2018-03-24T00:00:00,GHCND:USC00459200,139
419,",,7,0800",TMIN,2018-03-24T00:00:00,GHCND:USC00459200,-17
420,",,7,0800",TOBS,2018-03-24T00:00:00,GHCND:USC00459200,39
421,",,W,",AWND,2018-03-24T00:00:00,GHCND:USW00024160,54
422,",,W,",PRCP,2018-03-24T00:00:00,GHCND:USW00024160,30
423,",,W,",SNOW,2018-03-24T00:00:00,GHCND:USW00024160,0
424,",,W,",SNWD,2018-03-24T00:00:00,GHCND:USW00024160,0
425,",,W,",TMAX,2018-03-24T00:00:00,GHCND:USW00024160,117
426,",,W,",TMIN,2018-03-24T00:00:00,GHCND:USW00024160,11
427,",,W,",WDF2,2018-03-24T00:00:00,GHCND:USW00024160,200
428,",,W,",WDF5,2018-03-24T00:00:00,GHCND:USW00024160,210
429,",,W,",WSF2,2018-03-24T00:00:00,GHCND:USW00024160,112
430,",,W,",WSF5,2018-03-24T00:00:00,GHCND:USW00024160,143
431,",,W,",WT01,2018-03-24T00:00:00,GHCND:USW00024160,1
432,",,N,",PRCP,2018-03-25T00:00:00,GHCND:US1WAWW0009,0
433,",,7,0900",PRCP,2018-03-25T00:00:00,GHCND:USC00355593,0
434,",,7,0900",TMAX,2018-03-25T00:00:00,GHCND:USC00355593,122
435,",,7,0900",TMIN,2018-03-25T00:00:00,GHCND:USC00355593,17
436,",,7,1700",PRCP,2018-03-25T00:00:00,GHCND:USC00454679,0
437,",,7,",SNOW,2018-03-25T00:00:00,GHCND:USC00454679,0
438,",,7,1700",TMAX,2018-03-25T00:00:00,GHCND:USC00454679,106
439,",,7,1700",TMIN,2018-03-25T00:00:00,GHCND:USC00454679,-22
440,",,7,1700",TOBS,2018-03-25T00:00:00,GHCND:USC00454679,100
441,",,W,",AWND,2018-03-25T00:00:00,GHCND:USW00024160,43
442,"T,,W,",PRCP,2018-03-25T00:00:00,GHCND:USW00024160,0
443,",,W,",SNOW,2018-03-25T00:00:00,GHCND:USW00024160,0
444,",,W,",SNWD,2018-03-25T00:00:00,GHCND:USW00024160,0
445,",,W,",TMAX,2018-03-25T00:00:00,GHCND:USW00024160,117
446,",,W,",TMIN,2018-03-25T00:00:00,GHCND:USW00024160,6
447,",,W,",WDF2,2018-03-25T00:00:00,GHCND:USW00024160,240
448,",,W,",WDF5,2018-03-25T00:00:00,GHCND:USW00024160,230
449,",,W,",WSF2,2018-03-25T00:00:00,GHCND:USW00024160,103
450,",,W,",WSF5,2018-03-25T00:00:00,GHCND:USW00024160,121
451,",,N,",PRCP,2018-03-26T00:00:00,GHCND:US1WAWW0009,0
452,",,N,",SNOW,2018-03-26T00:00:00,GHCND:US1WAWW0009,0
453,",,N,",PRCP,2018-03-26T00:00:00,GHCND:US1WAWW0019,51
454,",,7,0900",PRCP,2018-03-26T00:00:00,GHCND:USC00355593,51
455,",,7,0900",TMAX,2018-03-26T00:00:00,GHCND:USC00355593,117
456,",,7,0900",TMIN,2018-03-26T00:00:00,GHCND:USC00355593,22
457,",,7,0900",TOBS,2018-03-26T00:00:00,GHCND:USC00355593,67
458,"T,,7,1700",PRCP,2018-03-26T00:00:00,GHCND:USC00454679,0
459,",,7,",SNOW,2018-03-26T00:00:00,GHCND:USC00454679,0
460,",,7,1700",TMAX,2018-03-26T00:00:00,GHCND:USC00454679,106
461,",,7,1700",TMIN,2018-03-26T00:00:00,GHCND:USC00454679,-17
462,",,7,1700",TOBS,2018-03-26T00:00:00,GHCND:USC00454679,67
463,",,7,0800",PRCP,2018-03-26T00:00:00,GHCND:USC00455387,61
464,",,7,",DAPR,2018-03-26T00:00:00,GHCND:USC00458932,3
465,",,7,",MDPR,2018-03-26T00:00:00,GHCND:USC00458932,53
466,",,7,",SNOW,2018-03-26T00:00:00,GHCND:USC00458932,0
467,",,7,0400",SNWD,2018-03-26T00:00:00,GHCND:USC00458932,0
468,",,7,",DAPR,2018-03-26T00:00:00,GHCND:USC00459200,2
469,"T,,7,",MDPR,2018-03-26T00:00:00,GHCND:USC00459200,0
470,",,7,0800",TMAX,2018-03-26T00:00:00,GHCND:USC00459200,122
471,",,7,0800",TMIN,2018-03-26T00:00:00,GHCND:USC00459200,-33
472,",,7,0800",TOBS,2018-03-26T00:00:00,GHCND:USC00459200,11
473,",,7,",WDMV,2018-03-26T00:00:00,GHCND:USC00459200,219
474,",,W,",AWND,2018-03-26T00:00:00,GHCND:USW00024160,56
475,"T,,W,",PRCP,2018-03-26T00:00:00,GHCND:USW00024160,0
476,",,W,",SNOW,2018-03-26T00:00:00,GHCND:USW00024160,0
477,",,W,",SNWD,2018-03-26T00:00:00,GHCND:USW00024160,0
478,",,W,",TMAX,2018-03-26T00:00:00,GHCND:USW00024160,117
479,",,W,",TMIN,2018-03-26T00:00:00,GHCND:USW00024160,22
480,",,W,",WDF2,2018-03-26T00:00:00,GHCND:USW00024160,210
481,",,W,",WDF5,2018-03-26T00:00:00,GHCND:USW00024160,280
482,",,W,",WSF2,2018-03-26T00:00:00,GHCND:USW00024160,103
483,",,W,",WSF5,2018-03-26T00:00:00,GHCND:USW00024160,121
484,",,N,",PRCP,2018-03-27T00:00:00,GHCND:US1WAWW0005,5
485,",,N,",PRCP,2018-03-27T00:00:00,GHCND:US1WAWW0006,3
486,"T,,N,",PRCP,2018-03-27T00:00:00,GHCND:US1WAWW0009,0
487,"T,,N,",PRCP,2018-03-27T00:00:00,GHCND:US1WAWW0019,0
488,",,7,0900",PRCP,2018-03-27T00:00:00,GHCND:USC00355593,0
489,",,7,0900",TMAX,2018-03-27T00:00:00,GHCND:USC00355593,133
490,",,7,0900",TMIN,2018-03-27T00:00:00,GHCND:USC00355593,67
491,",,7,0900",TOBS,2018-03-27T00:00:00,GHCND:USC00355593,72
492,",,7,1700",PRCP,2018-03-27T00:00:00,GHCND:USC00454679,0
493,",,7,",SNOW,2018-03-27T00:00:00,GHCND:USC00454679,0
494,",,7,1700",TMAX,2018-03-27T00:00:00,GHCND:USC00454679,161
495,",,7,1700",TMIN,2018-03-27T00:00:00,GHCND:USC00454679,44
496,",,7,1700",TOBS,2018-03-27T00:00:00,GHCND:USC00454679,156
497,",,7,0800",PRCP,2018-03-27T00:00:00,GHCND:USC00455387,3
498,",,7,0400",PRCP,2018-03-27T00:00:00,GHCND:USC00458932,3
499,",,7,",SNOW,2018-03-27T00:00:00,GHCND:USC00458932,0
500,",,7,0400",SNWD,2018-03-27T00:00:00,GHCND:USC00458932,0
501,"T,,7,0800",PRCP,2018-03-27T00:00:00,GHCND:USC00459200,0
502,",,7,0800",TMAX,2018-03-27T00:00:00,GHCND:USC00459200,122
503,",,7,0800",TMIN,2018-03-27T00:00:00,GHCND:USC00459200,-33
504,",,7,0800",TOBS,2018-03-27T00:00:00,GHCND:USC00459200,78
505,",,7,",WDMV,2018-03-27T00:00:00,GHCND:USC00459200,124
506,",,W,",AWND,2018-03-27T00:00:00,GHCND:USW00024160,72
507,"T,,W,",PRCP,2018-03-27T00:00:00,GHCND:USW00024160,0
508,",,W,",SNOW,2018-03-27T00:00:00,GHCND:USW00024160,0
509,",,W,",SNWD,2018-03-27T00:00:00,GHCND:USW00024160,0
510,",,W,",TMAX,2018-03-27T00:00:00,GHCND:USW00024160,144
511,",,W,",TMIN,2018-03-27T00:00:00,GHCND:USW00024160,72
512,",,W,",WDF2,2018-03-27T00:00:00,GHCND:USW00024160,230
513,",,W,",WDF5,2018-03-27T00:00:00,GHCND:USW00024160,230
514,",,W,",WSF2,2018-03-27T00:00:00,GHCND:USW00024160,130
515,",,W,",WSF5,2018-03-27T00:00:00,GHCND:USW00024160,170
516,"T,,N,",PRCP,2018-03-28T00:00:00,GHCND:US1WAWW0005,0
517,"T,,N,",PRCP,2018-03-28T00:00:00,GHCND:US1WAWW0006,0
518,",,N,",PRCP,2018-03-28T00:00:00,GHCND:US1WAWW0009,0
519,",,N,",SNOW,2018-03-28T00:00:00,GHCND:US1WAWW0009,0
520,",,7,0900",PRCP,2018-03-28T00:00:00,GHCND:USC00355593,0
521,",,7,0900",TMAX,2018-03-28T00:00:00,GHCND:USC00355593,144
522,",,7,0900",TMIN,2018-03-28T00:00:00,GHCND:USC00355593,61
523,",,7,0900",TOBS,2018-03-28T00:00:00,GHCND:USC00355593,83
524,",,7,1700",PRCP,2018-03-28T00:00:00,GHCND:USC00454679,0
525,",,7,",SNOW,2018-03-28T00:00:00,GHCND:USC00454679,0
526,",,7,1700",TMAX,2018-03-28T00:00:00,GHCND:USC00454679,156
527,",,7,1700",TMIN,2018-03-28T00:00:00,GHCND:USC00454679,11
528,",,7,1700",TOBS,2018-03-28T00:00:00,GHCND:USC00454679,133
529,",,7,0800",PRCP,2018-03-28T00:00:00,GHCND:USC00455387,0
530,",,7,0400",PRCP,2018-03-28T00:00:00,GHCND:USC00458932,0
531,",,7,",SNOW,2018-03-28T00:00:00,GHCND:USC00458932,0
532,",,7,0400",SNWD,2018-03-28T00:00:00,GHCND:USC00458932,0
533,",,7,0800",PRCP,2018-03-28T00:00:00,GHCND:USC00459200,0
534,",,7,0800",TMAX,2018-03-28T00:00:00,GHCND:USC00459200,144
535,",,7,0800",TMIN,2018-03-28T00:00:00,GHCND:USC00459200,61
536,",,7,0800",TOBS,2018-03-28T00:00:00,GHCND:USC00459200,67
537,",,7,",WDMV,2018-03-28T00:00:00,GHCND:USC00459200,283
538,",,W,",AWND,2018-03-28T00:00:00,GHCND:USW00024160,56
539,",,W,",PRCP,2018-03-28T00:00:00,GHCND:USW00024160,0
540,",,W,",SNOW,2018-03-28T00:00:00,GHCND:USW00024160,0
541,",,W,",SNWD,2018-03-28T00:00:00,GHCND:USW00024160,0
542,",,W,",TMAX,2018-03-28T00:00:00,GHCND:USW00024160,133
543,",,W,",TMIN,2018-03-28T00:00:00,GHCND:USW00024160,56
544,",,W,",WDF2,2018-03-28T00:00:00,GHCND:USW00024160,220
545,",,W,",WDF5,2018-03-28T00:00:00,GHCND:USW00024160,250
546,",,W,",WSF2,2018-03-28T00:00:00,GHCND:USW00024160,89
547,",,W,",WSF5,2018-03-28T00:00:00,GHCND:USW00024160,116
548,",,N,",PRCP,2018-03-29T00:00:00,GHCND:US1WAWW0009,0
549,",,7,0900",PRCP,2018-03-29T00:00:00,GHCND:USC00355593,0
550,",,7,0900",TMAX,2018-03-29T00:00:00,GHCND:USC00355593,161
551,",,7,0900",TMIN,2018-03-29T00:00:00,GHCND:USC00355593,39
552,",,7,0900",TOBS,2018-03-29T00:00:00,GHCND:USC00355593,94
553,",,7,1700",PRCP,2018-03-29T00:00:00,GHCND:USC00454679,0
554,",,7,",SNOW,2018-03-29T00:00:00,GHCND:USC00454679,0
555,",,7,1700",TMAX,2018-03-29T00:00:00,GHCND:USC00454679,144
556,",,7,1700",TMIN,2018-03-29T00:00:00,GHCND:USC00454679,-6
557,",,7,1700",TOBS,2018-03-29T00:00:00,GHCND:USC00454679,139
558,",,7,0800",PRCP,2018-03-29T00:00:00,GHCND:USC00455387,0
559,",,7,0400",PRCP,2018-03-29T00:00:00,GHCND:USC00458932,0
560,",,7,",SNOW,2018-03-29T00:00:00,GHCND:USC00458932,0
561,",,7,0400",SNWD,2018-03-29T00:00:00,GHCND:USC00458932,0
562,",,7,0800",PRCP,2018-03-29T00:00:00,GHCND:USC00459200,0
563,",,7,0800",TMAX,2018-03-29T00:00:00,GHCND:USC00459200,144
564,",,7,0800",TMIN,2018-03-29T00:00:00,GHCND:USC00459200,11
565,",,7,0800",TOBS,2018-03-29T00:00:00,GHCND:USC00459200,17
566,",,7,",WDMV,2018-03-29T00:00:00,GHCND:USC00459200,108
567,",,W,",AWND,2018-03-29T00:00:00,GHCND:USW00024160,38
568,",,W,",PRCP,2018-03-29T00:00:00,GHCND:USW00024160,0
569,",,W,",SNOW,2018-03-29T00:00:00,GHCND:USW00024160,0
570,",,W,",SNWD,2018-03-29T00:00:00,GHCND:USW00024160,0
571,",,W,",TMAX,2018-03-29T00:00:00,GHCND:USW00024160,161
572,",,W,",TMIN,2018-03-29T00:00:00,GHCND:USW00024160,44
573,",,W,",WDF2,2018-03-29T00:00:00,GHCND:USW00024160,240
574,",,W,",WDF5,2018-03-29T00:00:00,GHCND:USW00024160,240
575,",,W,",WSF2,2018-03-29T00:00:00,GHCND:USW00024160,72
576,",,W,",WSF5,2018-03-29T00:00:00,GHCND:USW00024160,103
577,",,N,",PRCP,2018-03-30T00:00:00,GHCND:US1WAWW0009,0
578,",,N,",SNOW,2018-03-30T00:00:00,GHCND:US1WAWW0009,0
579,",,7,0900",PRCP,2018-03-30T00:00:00,GHCND:USC00355593,0
580,",,7,0900",TMAX,2018-03-30T00:00:00,GHCND:USC00355593,183
581,",,7,0900",TMIN,2018-03-30T00:00:00,GHCND:USC00355593,78
582,",,7,0900",TOBS,2018-03-30T00:00:00,GHCND:USC00355593,117
583,",,7,1700",PRCP,2018-03-30T00:00:00,GHCND:USC00454679,0
584,",,7,",SNOW,2018-03-30T00:00:00,GHCND:USC00454679,0
585,",,7,1700",TMAX,2018-03-30T00:00:00,GHCND:USC00454679,161
586,",,7,1700",TMIN,2018-03-30T00:00:00,GHCND:USC00454679,44
587,",,7,1700",TOBS,2018-03-30T00:00:00,GHCND:USC00454679,161
588,",,7,0800",PRCP,2018-03-30T00:00:00,GHCND:USC00455387,0
589,",,7,0400",PRCP,2018-03-30T00:00:00,GHCND:USC00458932,0
590,",,7,",SNOW,2018-03-30T00:00:00,GHCND:USC00458932,0
591,",,7,0400",SNWD,2018-03-30T00:00:00,GHCND:USC00458932,0
592,",,7,0800",PRCP,2018-03-30T00:00:00,GHCND:USC00459200,0
593,",,7,0800",TMAX,2018-03-30T00:00:00,GHCND:USC00459200,172
594,",,7,0800",TMIN,2018-03-30T00:00:00,GHCND:USC00459200,11
595,",,7,0800",TOBS,2018-03-30T00:00:00,GHCND:USC00459200,89
596,",,7,",WDMV,2018-03-30T00:00:00,GHCND:USC00459200,50
597,",,W,",AWND,2018-03-30T00:00:00,GHCND:USW00024160,55
598,",,W,",PRCP,2018-03-30T00:00:00,GHCND:USW00024160,0
599,",,W,",SNOW,2018-03-30T00:00:00,GHCND:USW00024160,0
600,",,W,",SNWD,2018-03-30T00:00:00,GHCND:USW00024160,0
601,",,W,",TMAX,2018-03-30T00:00:00,GHCND:USW00024160,178
602,",,W,",TMIN,2018-03-30T00:00:00,GHCND:USW00024160,78
603,",,W,",WDF2,2018-03-30T00:00:00,GHCND:USW00024160,220
604,",,W,",WDF5,2018-03-30T00:00:00,GHCND:USW00024160,200
605,",,W,",WSF2,2018-03-30T00:00:00,GHCND:USW00024160,98
606,",,W,",WSF5,2018-03-30T00:00:00,GHCND:USW00024160,125
607,",,N,",PRCP,2018-03-31T00:00:00,GHCND:US1WAWW0009,0
608,",,7,0900",PRCP,2018-03-31T00:00:00,GHCND:USC00355593,0
609,",,7,0900",TMAX,2018-03-31T00:00:00,GHCND:USC00355593,183
610,",,7,0900",TMIN,2018-03-31T00:00:00,GHCND:USC00355593,56
611,",,7,1700",PRCP,2018-03-31T00:00:00,GHCND:USC00454679,0
612,",,7,",SNOW,2018-03-31T00:00:00,GHCND:USC00454679,0
613,",,7,1700",TMAX,2018-03-31T00:00:00,GHCND:USC00454679,161
614,",,7,1700",TMIN,2018-03-31T00:00:00,GHCND:USC00454679,11
615,",,7,1700",TOBS,2018-03-31T00:00:00,GHCND:USC00454679,117
616,",,7,0800",PRCP,2018-03-31T00:00:00,GHCND:USC00459200,0
617,",,7,0800",TMAX,2018-03-31T00:00:00,GHCND:USC00459200,189
618,",,7,0800",TMIN,2018-03-31T00:00:00,GHCND:USC00459200,6
619,",,7,0800",TOBS,2018-03-31T00:00:00,GHCND:USC00459200,6
620,",,7,",WDMV,2018-03-31T00:00:00,GHCND:USC00459200,148
621,",,W,",AWND,2018-03-31T00:00:00,GHCND:USW00024160,25
622,",,W,",PRCP,2018-03-31T00:00:00,GHCND:USW00024160,0
623,",,W,",SNOW,2018-03-31T00:00:00,GHCND:USW00024160,0
624,",,W,",SNWD,2018-03-31T00:00:00,GHCND:USW00024160,0
625,",,W,",TMAX,2018-03-31T00:00:00,GHCND:USW00024160,133
626,",,W,",TMIN,2018-03-31T00:00:00,GHCND:USW00024160,44
627,",,W,",WDF2,2018-03-31T00:00:00,GHCND:USW00024160,360
628,",,W,",WDF5,2018-03-31T00:00:00,GHCND:USW00024160,160
629,",,W,",WSF2,2018-03-31T00:00:00,GHCND:USW00024160,45
630,",,W,",WSF5,2018-03-31T00:00:00,GHCND:USW00024160,58
631,",,N,",PRCP,2018-04-01T00:00:00,GHCND:US1WAWW0009,0
632,",,N,",SNOW,2018-04-01T00:00:00,GHCND:US1WAWW0009,0
633,",,7,1700",EVAP,2018-04-01T00:00:00,GHCND:USC00454679,38
634,",,7,",MNPN,2018-04-01T00:00:00,GHCND:USC00454679,33
635,",,7,",MXPN,2018-04-01T00:00:00,GHCND:USC00454679,139
636,",,7,1700",PRCP,2018-04-01T00:00:00,GHCND:USC00454679,0
637,",,7,",SNOW,2018-04-01T00:00:00,GHCND:USC00454679,0
638,",,7,1700",TMAX,2018-04-01T00:00:00,GHCND:USC00454679,122
639,",,7,1700",TMIN,2018-04-01T00:00:00,GHCND:USC00454679,6
640,",,7,1700",TOBS,2018-04-01T00:00:00,GHCND:USC00454679,100
641,",,W,",AWND,2018-04-01T00:00:00,GHCND:USW00024160,59
642,",,W,",PRCP,2018-04-01T00:00:00,GHCND:USW00024160,8
643,",,W,",SNOW,2018-04-01T00:00:00,GHCND:USW00024160,0
644,",,W,",SNWD,2018-04-01T00:00:00,GHCND:USW00024160,0
645,",,W,",TMAX,2018-04-01T00:00:00,GHCND:USW00024160,122
646,",,W,",TMIN,2018-04-01T00:00:00,GHCND:USW00024160,39
647,",,W,",WDF2,2018-04-01T00:00:00,GHCND:USW00024160,200
648,",,W,",WDF5,2018-04-01T00:00:00,GHCND:USW00024160,200
649,",,W,",WSF2,2018-04-01T00:00:00,GHCND:USW00024160,107
650,",,W,",WSF5,2018-04-01T00:00:00,GHCND:USW00024160,134
651,",,N,",PRCP,2018-04-02T00:00:00,GHCND:US1WAWW0005,5
652,",,N,",PRCP,2018-04-02T00:00:00,GHCND:US1WAWW0006,8
653,",,N,",PRCP,2018-04-02T00:00:00,GHCND:US1WAWW0009,5
654,",,N,",PRCP,2018-04-02T00:00:00,GHCND:US1WAWW0019,5
655,",,7,1700",EVAP,2018-04-02T00:00:00,GHCND:USC00454679,38
656,",,7,",MNPN,2018-04-02T00:00:00,GHCND:USC00454679,11
657,",,7,",MXPN,2018-04-02T00:00:00,GHCND:USC00454679,117
658,",,7,1700",PRCP,2018-04-02T00:00:00,GHCND:USC00454679,0
659,",,7,",SNOW,2018-04-02T00:00:00,GHCND:USC00454679,0
660,",,7,1700",TMAX,2018-04-02T00:00:00,GHCND:USC00454679,117
661,",,7,1700",TMIN,2018-04-02T00:00:00,GHCND:USC00454679,-17
662,",,7,1700",TOBS,2018-04-02T00:00:00,GHCND:USC00454679,111
663,",,H,0800",PRCP,2018-04-02T00:00:00,GHCND:USC00455387,8
664,",,H,0800",TMAX,2018-04-02T00:00:00,GHCND:USC00459200,183
665,",,H,0800",TMIN,2018-04-02T00:00:00,GHCND:USC00459200,-11
666,",,H,0800",TOBS,2018-04-02T00:00:00,GHCND:USC00459200,6
667,",,W,",AWND,2018-04-02T00:00:00,GHCND:USW00024160,61
668,",,W,",PRCP,2018-04-02T00:00:00,GHCND:USW00024160,0
669,",,W,",SNOW,2018-04-02T00:00:00,GHCND:USW00024160,0
670,",,W,",SNWD,2018-04-02T00:00:00,GHCND:USW00024160,0
671,",,W,",TMAX,2018-04-02T00:00:00,GHCND:USW00024160,106
672,",,W,",TMIN,2018-04-02T00:00:00,GHCND:USW00024160,6
673,",,W,",WDF2,2018-04-02T00:00:00,GHCND:USW00024160,250
674,",,W,",WDF5,2018-04-02T00:00:00,GHCND:USW00024160,250
675,",,W,",WSF2,2018-04-02T00:00:00,GHCND:USW00024160,112
676,",,W,",WSF5,2018-04-02T00:00:00,GHCND:USW00024160,139
677,",,N,",PRCP,2018-04-03T00:00:00,GHCND:US1WAWW0009,0
678,",,N,",SNOW,2018-04-03T00:00:00,GHCND:US1WAWW0009,0
679,",,7,1700",EVAP,2018-04-03T00:00:00,GHCND:USC00454679,23
680,",,7,",MNPN,2018-04-03T00:00:00,GHCND:USC00454679,22
681,",,7,",MXPN,2018-04-03T00:00:00,GHCND:USC00454679,122
682,",,7,1700",PRCP,2018-04-03T00:00:00,GHCND:USC00454679,0
683,",,7,",SNOW,2018-04-03T00:00:00,GHCND:USC00454679,0
684,",,7,1700",TMAX,2018-04-03T00:00:00,GHCND:USC00454679,117
685,",,7,1700",TMIN,2018-04-03T00:00:00,GHCND:USC00454679,-28
686,",,7,1700",TOBS,2018-04-03T00:00:00,GHCND:USC00454679,94
687,",,H,0800",PRCP,2018-04-03T00:00:00,GHCND:USC00455387,0
688,",,H,0400",PRCP,2018-04-03T00:00:00,GHCND:USC00458932,0
689,",,H,",SNOW,2018-04-03T00:00:00,GHCND:USC00458932,0
690,",,H,0400",SNWD,2018-04-03T00:00:00,GHCND:USC00458932,0
691,",,H,0800",PRCP,2018-04-03T00:00:00,GHCND:USC00459200,0
692,",,H,0800",TMAX,2018-04-03T00:00:00,GHCND:USC00459200,122
693,",,H,0800",TMIN,2018-04-03T00:00:00,GHCND:USC00459200,-6
694,",,H,0800",TOBS,2018-04-03T00:00:00,GHCND:USC00459200,-6
695,",,W,",AWND,2018-04-03T00:00:00,GHCND:USW00024160,24
696,",,W,",PRCP,2018-04-03T00:00:00,GHCND:USW00024160,0
697,",,W,",SNOW,2018-04-03T00:00:00,GHCND:USW00024160,0
698,",,W,",SNWD,2018-04-03T00:00:00,GHCND:USW00024160,0
699,",,W,",TMAX,2018-04-03T00:00:00,GHCND:USW00024160,139
700,",,W,",TMIN,2018-04-03T00:00:00,GHCND:USW00024160,0
701,",,W,",WDF2,2018-04-03T00:00:00,GHCND:USW00024160,180
702,",,W,",WDF5,2018-04-03T00:00:00,GHCND:USW00024160,220
703,",,W,",WSF2,2018-04-03T00:00:00,GHCND:USW00024160,72
704,",,W,",WSF5,2018-04-03T00:00:00,GHCND:USW00024160,94
705,",,N,",PRCP,2018-04-04T00:00:00,GHCND:US1WAWW0005,20
706,",,N,",PRCP,2018-04-04T00:00:00,GHCND:US1WAWW0006,13
707,",,N,",PRCP,2018-04-04T00:00:00,GHCND:US1WAWW0009,33
708,",,N,",PRCP,2018-04-04T00:00:00,GHCND:US1WAWW0019,13
709,",,7,1700",EVAP,2018-04-04T00:00:00,GHCND:USC00454679,15
710,",,7,",MNPN,2018-04-04T00:00:00,GHCND:USC00454679,44
711,",,7,",MXPN,2018-04-04T00:00:00,GHCND:USC00454679,122
712,"T,,7,1700",PRCP,2018-04-04T00:00:00,GHCND:USC00454679,0
713,",,7,",SNOW,2018-04-04T00:00:00,GHCND:USC00454679,0
714,",,7,1700",TMAX,2018-04-04T00:00:00,GHCND:USC00454679,117
715,",,7,1700",TMIN,2018-04-04T00:00:00,GHCND:USC00454679,33
716,",,7,1700",TOBS,2018-04-04T00:00:00,GHCND:USC00454679,100
717,",,H,0800",PRCP,2018-04-04T00:00:00,GHCND:USC00455387,8
718,",,H,0400",PRCP,2018-04-04T00:00:00,GHCND:USC00458932,10
719,",,H,",SNOW,2018-04-04T00:00:00,GHCND:USC00458932,0
720,",,H,0400",SNWD,2018-04-04T00:00:00,GHCND:USC00458932,0
721,",,H,0800",PRCP,2018-04-04T00:00:00,GHCND:USC00459200,13
722,",,H,0800",TMAX,2018-04-04T00:00:00,GHCND:USC00459200,139
723,",,H,0800",TMIN,2018-04-04T00:00:00,GHCND:USC00459200,-17
724,",,H,0800",TOBS,2018-04-04T00:00:00,GHCND:USC00459200,56
725,",,W,",AWND,2018-04-04T00:00:00,GHCND:USW00024160,29
726,",,W,",PRCP,2018-04-04T00:00:00,GHCND:USW00024160,41
727,",,W,",SNOW,2018-04-04T00:00:00,GHCND:USW00024160,0
728,",,W,",SNWD,2018-04-04T00:00:00,GHCND:USW00024160,0
729,",,W,",TMAX,2018-04-04T00:00:00,GHCND:USW00024160,128
730,",,W,",TMIN,2018-04-04T00:00:00,GHCND:USW00024160,56
731,",,W,",WDF2,2018-04-04T00:00:00,GHCND:USW00024160,220
732,",,W,",WDF5,2018-04-04T00:00:00,GHCND:USW00024160,240
733,",,W,",WSF2,2018-04-04T00:00:00,GHCND:USW00024160,94
734,",,W,",WSF5,2018-04-04T00:00:00,GHCND:USW00024160,112
735,",,N,",PRCP,2018-04-05T00:00:00,GHCND:US1WAWW0005,25
736,",,N,",PRCP,2018-04-05T00:00:00,GHCND:US1WAWW0006,30
737,",,N,",PRCP,2018-04-05T00:00:00,GHCND:US1WAWW0009,23
738,",,7,1700",EVAP,2018-04-05T00:00:00,GHCND:USC00454679,0
739,",,7,",MNPN,2018-04-05T00:00:00,GHCND:USC00454679,72
740,",,7,",MXPN,2018-04-05T00:00:00,GHCND:USC00454679,122
741,",,7,1700",PRCP,2018-04-05T00:00:00,GHCND:USC00454679,41
742,",,7,",SNOW,2018-04-05T00:00:00,GHCND:USC00454679,0
743,",,7,1700",TMAX,2018-04-05T00:00:00,GHCND:USC00454679,111
744,",,7,1700",TMIN,2018-04-05T00:00:00,GHCND:USC00454679,56
745,",,7,1700",TOBS,2018-04-05T00:00:00,GHCND:USC00454679,100
746,",,H,0800",PRCP,2018-04-05T00:00:00,GHCND:USC00455387,33
747,",,H,0400",PRCP,2018-04-05T00:00:00,GHCND:USC00458932,33
748,",,H,",SNOW,2018-04-05T00:00:00,GHCND:USC00458932,0
749,",,H,0400",SNWD,2018-04-05T00:00:00,GHCND:USC00458932,0
750,",,H,0800",PRCP,2018-04-05T00:00:00,GHCND:USC00459200,30
751,",,H,0800",TMAX,2018-04-05T00:00:00,GHCND:USC00459200,133
752,",,H,0800",TMIN,2018-04-05T00:00:00,GHCND:USC00459200,56
753,",,H,0800",TOBS,2018-04-05T00:00:00,GHCND:USC00459200,78
754,",,W,",AWND,2018-04-05T00:00:00,GHCND:USW00024160,19
755,",,W,",PRCP,2018-04-05T00:00:00,GHCND:USW00024160,36
756,",,W,",SNOW,2018-04-05T00:00:00,GHCND:USW00024160,0
757,",,W,",SNWD,2018-04-05T00:00:00,GHCND:USW00024160,0
758,",,W,",TMAX,2018-04-05T00:00:00,GHCND:USW00024160,128
759,",,W,",TMIN,2018-04-05T00:00:00,GHCND:USW00024160,89
760,",,W,",WDF2,2018-04-05T00:00:00,GHCND:USW00024160,90
761,",,W,",WDF5,2018-04-05T00:00:00,GHCND:USW00024160,90
762,",,W,",WSF2,2018-04-05T00:00:00,GHCND:USW00024160,58
763,",,W,",WSF5,2018-04-05T00:00:00,GHCND:USW00024160,63
764,",,W,",WT01,2018-04-05T00:00:00,GHCND:USW00024160,1
765,",,W,",WT02,2018-04-05T00:00:00,GHCND:USW00024160,1
766,",,N,",PRCP,2018-04-06T00:00:00,GHCND:US1WAWW0005,38
767,",,N,",PRCP,2018-04-06T00:00:00,GHCND:US1WAWW0006,38
768,",,N,",PRCP,2018-04-06T00:00:00,GHCND:US1WAWW0009,36
769,",,7,1700",EVAP,2018-04-06T00:00:00,GHCND:USC00454679,23
770,",,7,",MNPN,2018-04-06T00:00:00,GHCND:USC00454679,89
771,",,7,",MXPN,2018-04-06T00:00:00,GHCND:USC00454679,156
772,",,7,1700",PRCP,2018-04-06T00:00:00,GHCND:USC00454679,18
773,",,7,",SNOW,2018-04-06T00:00:00,GHCND:USC00454679,0
774,",,7,1700",TMAX,2018-04-06T00:00:00,GHCND:USC00454679,139
775,",,7,1700",TMIN,2018-04-06T00:00:00,GHCND:USC00454679,78
776,",,7,1700",TOBS,2018-04-06T00:00:00,GHCND:USC00454679,139
777,",,H,0400",PRCP,2018-04-06T00:00:00,GHCND:USC00458932,36
778,",,H,",SNOW,2018-04-06T00:00:00,GHCND:USC00458932,0
779,",,H,0400",SNWD,2018-04-06T00:00:00,GHCND:USC00458932,0
780,",,H,0800",PRCP,2018-04-06T00:00:00,GHCND:USC00459200,25
781,",,H,0800",TMAX,2018-04-06T00:00:00,GHCND:USC00459200,122
782,",,H,0800",TMIN,2018-04-06T00:00:00,GHCND:USC00459200,72
783,",,H,0800",TOBS,2018-04-06T00:00:00,GHCND:USC00459200,89
784,",,W,",AWND,2018-04-06T00:00:00,GHCND:USW00024160,29
785,"T,,W,",PRCP,2018-04-06T00:00:00,GHCND:USW00024160,0
786,",,W,",SNOW,2018-04-06T00:00:00,GHCND:USW00024160,0
787,",,W,",SNWD,2018-04-06T00:00:00,GHCND:USW00024160,0
788,",,W,",TMAX,2018-04-06T00:00:00,GHCND:USW00024160,200
789,",,W,",TMIN,2018-04-06T00:00:00,GHCND:USW00024160,94
790,",,W,",WDF2,2018-04-06T00:00:00,GHCND:USW00024160,20
791,",,W,",WDF5,2018-04-06T00:00:00,GHCND:USW00024160,30
792,",,W,",WSF2,2018-04-06T00:00:00,GHCND:USW00024160,81
793,",,W,",WSF5,2018-04-06T00:00:00,GHCND:USW00024160,103
794,",,N,",PRCP,2018-04-07T00:00:00,GHCND:US1WAWW0009,8
795,",,7,1700",EVAP,2018-04-07T00:00:00,GHCND:USC00454679,36
796,",,7,",MNPN,2018-04-07T00:00:00,GHCND:USC00454679,56
797,",,7,",MXPN,2018-04-07T00:00:00,GHCND:USC00454679,156
798,",,7,1700",PRCP,2018-04-07T00:00:00,GHCND:USC00454679,102
799,",,7,",SNOW,2018-04-07T00:00:00,GHCND:USC00454679,0
800,",,7,1700",TMAX,2018-04-07T00:00:00,GHCND:USC00454679,150
801,",,7,1700",TMIN,2018-04-07T00:00:00,GHCND:USC00454679,61
802,",,7,1700",TOBS,2018-04-07T00:00:00,GHCND:USC00454679,144
803,",,H,0800",PRCP,2018-04-07T00:00:00,GHCND:USC00459200,8
804,",,H,0800",TMAX,2018-04-07T00:00:00,GHCND:USC00459200,211
805,",,H,0800",TMIN,2018-04-07T00:00:00,GHCND:USC00459200,72
806,",,H,0800",TOBS,2018-04-07T00:00:00,GHCND:USC00459200,72
807,",,W,",AWND,2018-04-07T00:00:00,GHCND:USW00024160,39
808,",,W,",PRCP,2018-04-07T00:00:00,GHCND:USW00024160,127
809,",,W,",SNOW,2018-04-07T00:00:00,GHCND:USW00024160,0
810,",,W,",SNWD,2018-04-07T00:00:00,GHCND:USW00024160,0
811,",,W,",TMAX,2018-04-07T00:00:00,GHCND:USW00024160,161
812,",,W,",TMIN,2018-04-07T00:00:00,GHCND:USW00024160,78
813,",,W,",WDF2,2018-04-07T00:00:00,GHCND:USW00024160,290
814,",,W,",WDF5,2018-04-07T00:00:00,GHCND:USW00024160,290
815,",,W,",WSF2,2018-04-07T00:00:00,GHCND:USW00024160,157
816,",,W,",WSF5,2018-04-07T00:00:00,GHCND:USW00024160,179
817,",,W,",WT01,2018-04-07T00:00:00,GHCND:USW00024160,1
818,",,W,",WT03,2018-04-07T00:00:00,GHCND:USW00024160,1
819,",,W,",WT08,2018-04-07T00:00:00,GHCND:USW00024160,1
820,",,N,",PRCP,2018-04-08T00:00:00,GHCND:US1WAWW0009,91
821,",,7,1700",EVAP,2018-04-08T00:00:00,GHCND:USC00454679,28
822,",,7,",MNPN,2018-04-08T00:00:00,GHCND:USC00454679,67
823,",,7,",MXPN,2018-04-08T00:00:00,GHCND:USC00454679,150
824,",,7,1700",PRCP,2018-04-08T00:00:00,GHCND:USC00454679,3
825,",,7,",SNOW,2018-04-08T00:00:00,GHCND:USC00454679,0
826,",,7,1700",TMAX,2018-04-08T00:00:00,GHCND:USC00454679,144
827,",,7,1700",TMIN,2018-04-08T00:00:00,GHCND:USC00454679,72
828,",,7,1700",TOBS,2018-04-08T00:00:00,GHCND:USC00454679,111
829,",,W,",AWND,2018-04-08T00:00:00,GHCND:USW00024160,58
830,",,W,",PRCP,2018-04-08T00:00:00,GHCND:USW00024160,3
831,",,W,",SNOW,2018-04-08T00:00:00,GHCND:USW00024160,0
832,",,W,",SNWD,2018-04-08T00:00:00,GHCND:USW00024160,0
833,",,W,",TMAX,2018-04-08T00:00:00,GHCND:USW00024160,128
834,",,W,",TMIN,2018-04-08T00:00:00,GHCND:USW00024160,83
835,",,W,",WDF2,2018-04-08T00:00:00,GHCND:USW00024160,250
836,",,W,",WDF5,2018-04-08T00:00:00,GHCND:USW00024160,250
837,",,W,",WSF2,2018-04-08T00:00:00,GHCND:USW00024160,107
838,",,W,",WSF5,2018-04-08T00:00:00,GHCND:USW00024160,130
839,"T,,N,",PRCP,2018-04-09T00:00:00,GHCND:US1WAWW0009,0
840,",,7,1700",EVAP,2018-04-09T00:00:00,GHCND:USC00454679,23
841,",,7,",MNPN,2018-04-09T00:00:00,GHCND:USC00454679,44
842,",,7,",MXPN,2018-04-09T00:00:00,GHCND:USC00454679,194
843,"T,,7,1700",PRCP,2018-04-09T00:00:00,GHCND:USC00454679,0
844,",,7,",SNOW,2018-04-09T00:00:00,GHCND:USC00454679,0
845,",,7,1700",TMAX,2018-04-09T00:00:00,GHCND:USC00454679,161
846,",,7,1700",TMIN,2018-04-09T00:00:00,GHCND:USC00454679,22
847,",,7,1700",TOBS,2018-04-09T00:00:00,GHCND:USC00454679,161
848,",,H,0800",PRCP,2018-04-09T00:00:00,GHCND:USC00455387,163
849,",,H,0400",PRCP,2018-04-09T00:00:00,GHCND:USC00458932,145
850,",,H,",SNOW,2018-04-09T00:00:00,GHCND:USC00458932,0
851,",,H,0400",SNWD,2018-04-09T00:00:00,GHCND:USC00458932,0
852,",,H,0800",TMAX,2018-04-09T00:00:00,GHCND:USC00459200,161
853,",,H,0800",TMIN,2018-04-09T00:00:00,GHCND:USC00459200,50
854,",,H,0800",TOBS,2018-04-09T00:00:00,GHCND:USC00459200,56
855,",,W,",AWND,2018-04-09T00:00:00,GHCND:USW00024160,25
856,",,W,",PRCP,2018-04-09T00:00:00,GHCND:USW00024160,0
857,",,W,",SNOW,2018-04-09T00:00:00,GHCND:USW00024160,0
858,",,W,",SNWD,2018-04-09T00:00:00,GHCND:USW00024160,0
859,",,W,",TMAX,2018-04-09T00:00:00,GHCND:USW00024160,189
860,",,W,",TMIN,2018-04-09T00:00:00,GHCND:USW00024160,39
861,",,W,",WDF2,2018-04-09T00:00:00,GHCND:USW00024160,200
862,",,W,",WDF5,2018-04-09T00:00:00,GHCND:USW00024160,200
863,",,W,",WSF2,2018-04-09T00:00:00,GHCND:USW00024160,72
864,",,W,",WSF5,2018-04-09T00:00:00,GHCND:USW00024160,85
865,"T,,N,",PRCP,2018-04-10T00:00:00,GHCND:US1WAWW0005,0
866,"T,,N,",PRCP,2018-04-10T00:00:00,GHCND:US1WAWW0006,0
867,",,N,",PRCP,2018-04-10T00:00:00,GHCND:US1WAWW0009,0
868,",,N,",SNOW,2018-04-10T00:00:00,GHCND:US1WAWW0009,0
869,",,7,1700",EVAP,2018-04-10T00:00:00,GHCND:USC00454679,25
870,",,7,",MNPN,2018-04-10T00:00:00,GHCND:USC00454679,67
871,",,7,",MXPN,2018-04-10T00:00:00,GHCND:USC00454679,194
872,"T,,7,1700",PRCP,2018-04-10T00:00:00,GHCND:USC00454679,0
873,",,7,",SNOW,2018-04-10T00:00:00,GHCND:USC00454679,0
874,",,7,1700",TMAX,2018-04-10T00:00:00,GHCND:USC00454679,161
875,",,7,1700",TMIN,2018-04-10T00:00:00,GHCND:USC00454679,72
876,",,7,1700",TOBS,2018-04-10T00:00:00,GHCND:USC00454679,150
877,",,H,0800",PRCP,2018-04-10T00:00:00,GHCND:USC00455387,0
878,",,H,0400",PRCP,2018-04-10T00:00:00,GHCND:USC00458932,0
879,",,H,",SNOW,2018-04-10T00:00:00,GHCND:USC00458932,0
880,",,H,0400",SNWD,2018-04-10T00:00:00,GHCND:USC00458932,0
881,",,H,0800",PRCP,2018-04-10T00:00:00,GHCND:USC00459200,0
882,",,H,0800",TMAX,2018-04-10T00:00:00,GHCND:USC00459200,194
883,",,H,0800",TMIN,2018-04-10T00:00:00,GHCND:USC00459200,33
884,",,H,0800",TOBS,2018-04-10T00:00:00,GHCND:USC00459200,44
885,",,W,",AWND,2018-04-10T00:00:00,GHCND:USW00024160,40
886,"T,,W,",PRCP,2018-04-10T00:00:00,GHCND:USW00024160,0
887,",,W,",SNOW,2018-04-10T00:00:00,GHCND:USW00024160,0
888,",,W,",SNWD,2018-04-10T00:00:00,GHCND:USW00024160,0
889,",,W,",TMAX,2018-04-10T00:00:00,GHCND:USW00024160,167
890,",,W,",TMIN,2018-04-10T00:00:00,GHCND:USW00024160,61
891,",,W,",WDF2,2018-04-10T00:00:00,GHCND:USW00024160,190
892,",,W,",WDF5,2018-04-10T00:00:00,GHCND:USW00024160,120
893,",,W,",WSF2,2018-04-10T00:00:00,GHCND:USW00024160,67
894,",,W,",WSF5,2018-04-10T00:00:00,GHCND:USW00024160,94
895,",,N,",PRCP,2018-04-11T00:00:00,GHCND:US1WAWW0005,15
896,",,N,",PRCP,2018-04-11T00:00:00,GHCND:US1WAWW0006,20
897,",,N,",PRCP,2018-04-11T00:00:00,GHCND:US1WAWW0019,23
898,",,7,1700",EVAP,2018-04-11T00:00:00,GHCND:USC00454679,30
899,",,7,",MNPN,2018-04-11T00:00:00,GHCND:USC00454679,67
900,",,7,",MXPN,2018-04-11T00:00:00,GHCND:USC00454679,172
901,",,7,1700",PRCP,2018-04-11T00:00:00,GHCND:USC00454679,0
902,",,7,",SNOW,2018-04-11T00:00:00,GHCND:USC00454679,0
903,",,7,1700",TMAX,2018-04-11T00:00:00,GHCND:USC00454679,156
904,",,7,1700",TMIN,2018-04-11T00:00:00,GHCND:USC00454679,44
905,",,7,1700",TOBS,2018-04-11T00:00:00,GHCND:USC00454679,139
906,",,H,0800",PRCP,2018-04-11T00:00:00,GHCND:USC00455387,15
907,",,H,0400",PRCP,2018-04-11T00:00:00,GHCND:USC00458932,15
908,",,H,",SNOW,2018-04-11T00:00:00,GHCND:USC00458932,0
909,",,H,0400",SNWD,2018-04-11T00:00:00,GHCND:USC00458932,0
910,",,H,0800",PRCP,2018-04-11T00:00:00,GHCND:USC00459200,8
911,",,H,0800",TMAX,2018-04-11T00:00:00,GHCND:USC00459200,178
912,",,H,0800",TMIN,2018-04-11T00:00:00,GHCND:USC00459200,39
913,",,H,0800",TOBS,2018-04-11T00:00:00,GHCND:USC00459200,89
914,",,W,",AWND,2018-04-11T00:00:00,GHCND:USW00024160,30
915,",,W,",PRCP,2018-04-11T00:00:00,GHCND:USW00024160,178
916,",,W,",SNOW,2018-04-11T00:00:00,GHCND:USW00024160,0
917,",,W,",SNWD,2018-04-11T00:00:00,GHCND:USW00024160,0
918,",,W,",TMAX,2018-04-11T00:00:00,GHCND:USW00024160,183
919,",,W,",TMIN,2018-04-11T00:00:00,GHCND:USW00024160,67
920,",,W,",WDF2,2018-04-11T00:00:00,GHCND:USW00024160,290
921,",,W,",WDF5,2018-04-11T00:00:00,GHCND:USW00024160,280
922,",,W,",WSF2,2018-04-11T00:00:00,GHCND:USW00024160,143
923,",,W,",WSF5,2018-04-11T00:00:00,GHCND:USW00024160,174
924,",,W,",WT03,2018-04-11T00:00:00,GHCND:USW00024160,1
925,",,N,",PRCP,2018-04-12T00:00:00,GHCND:US1WAWW0005,152
926,",,N,",PRCP,2018-04-12T00:00:00,GHCND:US1WAWW0006,203
927,",,N,",PRCP,2018-04-12T00:00:00,GHCND:US1WAWW0014,206
928,",,N,",PRCP,2018-04-12T00:00:00,GHCND:US1WAWW0019,211
929,",,7,1700",EVAP,2018-04-12T00:00:00,GHCND:USC00454679,41
930,",,7,",MNPN,2018-04-12T00:00:00,GHCND:USC00454679,50
931,",,7,",MXPN,2018-04-12T00:00:00,GHCND:USC00454679,161
932,",,7,1700",PRCP,2018-04-12T00:00:00,GHCND:USC00454679,122
933,",,7,",SNOW,2018-04-12T00:00:00,GHCND:USC00454679,0
934,",,7,1700",TMAX,2018-04-12T00:00:00,GHCND:USC00454679,139
935,",,7,1700",TMIN,2018-04-12T00:00:00,GHCND:USC00454679,39
936,",,7,1700",TOBS,2018-04-12T00:00:00,GHCND:USC00454679,89
937,",,H,0800",PRCP,2018-04-12T00:00:00,GHCND:USC00455387,264
938,",,H,0400",PRCP,2018-04-12T00:00:00,GHCND:USC00458932,239
939,",,H,",SNOW,2018-04-12T00:00:00,GHCND:USC00458932,0
940,",,H,0400",SNWD,2018-04-12T00:00:00,GHCND:USC00458932,0
941,",,H,0800",PRCP,2018-04-12T00:00:00,GHCND:USC00459200,142
942,",,H,0800",TMAX,2018-04-12T00:00:00,GHCND:USC00459200,183
943,",,H,0800",TMIN,2018-04-12T00:00:00,GHCND:USC00459200,56
944,",,H,0800",TOBS,2018-04-12T00:00:00,GHCND:USC00459200,56
945,",,W,",AWND,2018-04-12T00:00:00,GHCND:USW00024160,88
946,",,W,",PRCP,2018-04-12T00:00:00,GHCND:USW00024160,33
947,",,W,",SNOW,2018-04-12T00:00:00,GHCND:USW00024160,0
948,",,W,",SNWD,2018-04-12T00:00:00,GHCND:USW00024160,0
949,",,W,",TMAX,2018-04-12T00:00:00,GHCND:USW00024160,139
950,",,W,",TMIN,2018-04-12T00:00:00,GHCND:USW00024160,56
951,",,W,",WDF2,2018-04-12T00:00:00,GHCND:USW00024160,240
952,",,W,",WDF5,2018-04-12T00:00:00,GHCND:USW00024160,260
953,",,W,",WSF2,2018-04-12T00:00:00,GHCND:USW00024160,161
954,",,W,",WSF5,2018-04-12T00:00:00,GHCND:USW00024160,188
955,"T,,N,",PRCP,2018-04-13T00:00:00,GHCND:US1WAWW0009,0
956,",,7,1700",EVAP,2018-04-13T00:00:00,GHCND:USC00454679,18
957,",,7,",MNPN,2018-04-13T00:00:00,GHCND:USC00454679,28
958,",,7,",MXPN,2018-04-13T00:00:00,GHCND:USC00454679,122
959,",,7,1700",PRCP,2018-04-13T00:00:00,GHCND:USC00454679,3
960,",,7,",SNOW,2018-04-13T00:00:00,GHCND:USC00454679,0
961,",,7,1700",TMAX,2018-04-13T00:00:00,GHCND:USC00454679,117
962,",,7,1700",TMIN,2018-04-13T00:00:00,GHCND:USC00454679,17
963,",,7,1700",TOBS,2018-04-13T00:00:00,GHCND:USC00454679,100
964,",,H,0800",PRCP,2018-04-13T00:00:00,GHCND:USC00455387,0
965,",,H,0400",PRCP,2018-04-13T00:00:00,GHCND:USC00458932,3
966,",,H,",SNOW,2018-04-13T00:00:00,GHCND:USC00458932,0
967,",,H,0400",SNWD,2018-04-13T00:00:00,GHCND:USC00458932,0
968,",,H,0800",PRCP,2018-04-13T00:00:00,GHCND:USC00459200,0
969,",,H,0800",TMAX,2018-04-13T00:00:00,GHCND:USC00459200,144
970,",,H,0800",TMIN,2018-04-13T00:00:00,GHCND:USC00459200,28
971,",,H,0800",TOBS,2018-04-13T00:00:00,GHCND:USC00459200,39
972,",,W,",AWND,2018-04-13T00:00:00,GHCND:USW00024160,58
973,",,W,",PRCP,2018-04-13T00:00:00,GHCND:USW00024160,15
974,",,W,",SNOW,2018-04-13T00:00:00,GHCND:USW00024160,0
975,",,W,",SNWD,2018-04-13T00:00:00,GHCND:USW00024160,0
976,",,W,",TMAX,2018-04-13T00:00:00,GHCND:USW00024160,133
977,",,W,",TMIN,2018-04-13T00:00:00,GHCND:USW00024160,44
978,",,W,",WDF2,2018-04-13T00:00:00,GHCND:USW00024160,170
979,",,W,",WDF5,2018-04-13T00:00:00,GHCND:USW00024160,160
980,",,W,",WSF2,2018-04-13T00:00:00,GHCND:USW00024160,94
981,",,W,",WSF5,2018-04-13T00:00:00,GHCND:USW00024160,116
982,",,N,",PRCP,2018-04-14T00:00:00,GHCND:US1WAWW0005,38
983,",,N,",PRCP,2018-04-14T00:00:00,GHCND:US1WAWW0009,48
984,",,7,1700",EVAP,2018-04-14T00:00:00,GHCND:USC00454679,38
985,",,7,",MNPN,2018-04-14T00:00:00,GHCND:USC00454679,67
986,",,7,",MXPN,2018-04-14T00:00:00,GHCND:USC00454679,183
987,",,7,1700",PRCP,2018-04-14T00:00:00,GHCND:USC00454679,0
988,",,7,",SNOW,2018-04-14T00:00:00,GHCND:USC00454679,0
989,",,7,1700",TMAX,2018-04-14T00:00:00,GHCND:USC00454679,156
990,",,7,1700",TMIN,2018-04-14T00:00:00,GHCND:USC00454679,72
991,",,7,1700",TOBS,2018-04-14T00:00:00,GHCND:USC00454679,156
992,",,H,0800",PRCP,2018-04-14T00:00:00,GHCND:USC00455387,38
993,",,H,0800",PRCP,2018-04-14T00:00:00,GHCND:USC00459200,13
994,",,H,0800",TMAX,2018-04-14T00:00:00,GHCND:USC00459200,133
995,",,H,0800",TMIN,2018-04-14T00:00:00,GHCND:USC00459200,39
996,",,H,0800",TOBS,2018-04-14T00:00:00,GHCND:USC00459200,100
997,",,W,",AWND,2018-04-14T00:00:00,GHCND:USW00024160,34
998,",,W,",PRCP,2018-04-14T00:00:00,GHCND:USW00024160,20
999,",,W,",SNOW,2018-04-14T00:00:00,GHCND:USW00024160,0
0,",,W,",SNWD,2018-04-14T00:00:00,GHCND:USW00024160,0
1,",,W,",TMAX,2018-04-14T00:00:00,GHCND:USW00024160,183
2,",,W,",TMIN,2018-04-14T00:00:00,GHCND:USW00024160,89
3,",,W,",WDF2,2018-04-14T00:00:00,GHCND:USW00024160,210
4,",,W,",WDF5,2018-04-14T00:00:00,GHCND:USW00024160,190
5,",,W,",WSF2,2018-04-14T00:00:00,GHCND:USW00024160,67
6,",,W,",WSF5,2018-04-14T00:00:00,GHCND:USW00024160,89
7,",,N,",PRCP,2018-04-15T00:00:00,GHCND:US1WAWW0005,10
8,",,N,",PRCP,2018-04-15T00:00:00,GHCND:US1WAWW0009,20
9,",,7,1700",EVAP,2018-04-15T00:00:00,GHCND:USC00454679,15
10,",,7,",MNPN,2018-04-15T00:00:00,GHCND:USC00454679,78
11,",,7,",MXPN,2018-04-15T00:00:00,GHCND:USC00454679,183
12,",,7,1700",PRCP,2018-04-15T00:00:00,GHCND:USC00454679,15
13,",,7,",SNOW,2018-04-15T00:00:00,GHCND:USC00454679,0
14,",,7,1700",TMAX,2018-04-15T00:00:00,GHCND:USC00454679,156
15,",,7,1700",TMIN,2018-04-15T00:00:00,GHCND:USC00454679,61
16,",,7,1700",TOBS,2018-04-15T00:00:00,GHCND:USC00454679,111
17,",,H,0800",PRCP,2018-04-15T00:00:00,GHCND:USC00455387,48
18,",,W,",AWND,2018-04-15T00:00:00,GHCND:USW00024160,31
19,",,W,",PRCP,2018-04-15T00:00:00,GHCND:USW00024160,66
20,",,W,",SNOW,2018-04-15T00:00:00,GHCND:USW00024160,0
21,",,W,",SNWD,2018-04-15T00:00:00,GHCND:USW00024160,0
22,",,W,",TMAX,2018-04-15T00:00:00,GHCND:USW00024160,183
23,",,W,",TMIN,2018-04-15T00:00:00,GHCND:USW00024160,78
24,",,W,",WDF2,2018-04-15T00:00:00,GHCND:USW00024160,260
25,",,W,",WDF5,2018-04-15T00:00:00,GHCND:USW00024160,250
26,",,W,",WSF2,2018-04-15T00:00:00,GHCND:USW00024160,148
27,",,W,",WSF5,2018-04-15T00:00:00,GHCND:USW00024160,192
28,",,W,",WT03,2018-04-15T00:00:00,GHCND:USW00024160,1
29,",,N,",PRCP,2018-04-16T00:00:00,GHCND:US1WAWW0005,74
30,",,N,",PRCP,2018-04-16T00:00:00,GHCND:US1WAWW0009,66
31,",,7,1700",EVAP,2018-04-16T00:00:00,GHCND:USC00454679,41
32,",,7,",MNPN,2018-04-16T00:00:00,GHCND:USC00454679,56
33,",,7,",MXPN,2018-04-16T00:00:00,GHCND:USC00454679,150
34,",,7,1700",PRCP,2018-04-16T00:00:00,GHCND:USC00454679,94
35,",,7,",SNOW,2018-04-16T00:00:00,GHCND:USC00454679,0
36,",,7,1700",TMAX,2018-04-16T00:00:00,GHCND:USC00454679,122
37,",,7,1700",TMIN,2018-04-16T00:00:00,GHCND:USC00454679,44
38,",,7,1700",TOBS,2018-04-16T00:00:00,GHCND:USC00454679,111
39,",,H,0800",PRCP,2018-04-16T00:00:00,GHCND:USC00455387,109
40,",,H,0400",PRCP,2018-04-16T00:00:00,GHCND:USC00458932,102
41,",,H,",SNOW,2018-04-16T00:00:00,GHCND:USC00458932,0
42,",,H,0400",SNWD,2018-04-16T00:00:00,GHCND:USC00458932,0
43,",,H,0800",TMAX,2018-04-16T00:00:00,GHCND:USC00459200,189
44,",,H,0800",TMIN,2018-04-16T00:00:00,GHCND:USC00459200,61
45,",,H,0800",TOBS,2018-04-16T00:00:00,GHCND:USC00459200,67
46,",,W,",AWND,2018-04-16T00:00:00,GHCND:USW00024160,70
47,",,W,",PRCP,2018-04-16T00:00:00,GHCND:USW00024160,3
48,",,W,",SNOW,2018-04-16T00:00:00,GHCND:USW00024160,0
49,",,W,",SNWD,2018-04-16T00:00:00,GHCND:USW00024160,0
50,",,W,",TMAX,2018-04-16T00:00:00,GHCND:USW00024160,133
51,",,W,",TMIN,2018-04-16T00:00:00,GHCND:USW00024160,61
52,",,W,",WDF2,2018-04-16T00:00:00,GHCND:USW00024160,240
53,",,W,",WDF5,2018-04-16T00:00:00,GHCND:USW00024160,230
54,",,W,",WSF2,2018-04-16T00:00:00,GHCND:USW00024160,125
55,",,W,",WSF5,2018-04-16T00:00:00,GHCND:USW00024160,152
56,",,N,",PRCP,2018-04-17T00:00:00,GHCND:US1WAWW0009,0
57,",,N,",SNOW,2018-04-17T00:00:00,GHCND:US1WAWW0009,0
58,",,7,1700",EVAP,2018-04-17T00:00:00,GHCND:USC00454679,61
59,",,7,",MNPN,2018-04-17T00:00:00,GHCND:USC00454679,39
60,",,7,",MXPN,2018-04-17T00:00:00,GHCND:USC00454679,156
61,",,7,1700",PRCP,2018-04-17T00:00:00,GHCND:USC00454679,0
62,",,7,",SNOW,2018-04-17T00:00:00,GHCND:USC00454679,0
63,",,7,1700",TMAX,2018-04-17T00:00:00,GHCND:USC00454679,133
64,",,7,1700",TMIN,2018-04-17T00:00:00,GHCND:USC00454679,28
65,",,7,1700",TOBS,2018-04-17T00:00:00,GHCND:USC00454679,122
66,",,H,0800",PRCP,2018-04-17T00:00:00,GHCND:USC00455387,5
67,",,H,0400",PRCP,2018-04-17T00:00:00,GHCND:USC00458932,3
68,",,H,",SNOW,2018-04-17T00:00:00,GHCND:USC00458932,0
69,",,H,0400",SNWD,2018-04-17T00:00:00,GHCND:USC00458932,0
70,",,H,0800",PRCP,2018-04-17T00:00:00,GHCND:USC00459200,0
71,",,H,0800",TMAX,2018-04-17T00:00:00,GHCND:USC00459200,139
72,",,H,0800",TMIN,2018-04-17T00:00:00,GHCND:USC00459200,56
73,",,H,0800",TOBS,2018-04-17T00:00:00,GHCND:USC00459200,67
74,",,W,",AWND,2018-04-17T00:00:00,GHCND:USW00024160,69
75,",,W,",PRCP,2018-04-17T00:00:00,GHCND:USW00024160,0
76,",,W,",SNOW,2018-04-17T00:00:00,GHCND:USW00024160,0
77,",,W,",SNWD,2018-04-17T00:00:00,GHCND:USW00024160,0
78,",,W,",TMAX,2018-04-17T00:00:00,GHCND:USW00024160,133
79,",,W,",TMIN,2018-04-17T00:00:00,GHCND:USW00024160,61
80,",,W,",WDF2,2018-04-17T00:00:00,GHCND:USW00024160,250
81,",,W,",WDF5,2018-04-17T00:00:00,GHCND:USW00024160,240
82,",,W,",WSF2,2018-04-17T00:00:00,GHCND:USW00024160,125
83,",,W,",WSF5,2018-04-17T00:00:00,GHCND:USW00024160,157
84,",,N,",PRCP,2018-04-18T00:00:00,GHCND:US1WAWW0005,0
85,",,N,",PRCP,2018-04-18T00:00:00,GHCND:US1WAWW0009,0
86,",,N,",SNOW,2018-04-18T00:00:00,GHCND:US1WAWW0009,0
87,",,7,1700",EVAP,2018-04-18T00:00:00,GHCND:USC00454679,43
88,",,7,",MNPN,2018-04-18T00:00:00,GHCND:USC00454679,39
89,",,7,",MXPN,2018-04-18T00:00:00,GHCND:USC00454679,183
90,",,7,1700",PRCP,2018-04-18T00:00:00,GHCND:USC00454679,0
91,",,7,",SNOW,2018-04-18T00:00:00,GHCND:USC00454679,0
92,",,7,1700",TMAX,2018-04-18T00:00:00,GHCND:USC00454679,156
93,",,7,1700",TMIN,2018-04-18T00:00:00,GHCND:USC00454679,6
94,",,7,1700",TOBS,2018-04-18T00:00:00,GHCND:USC00454679,150
95,",,H,0800",PRCP,2018-04-18T00:00:00,GHCND:USC00455387,0
96,",,H,0400",PRCP,2018-04-18T00:00:00,GHCND:USC00458932,0
97,",,H,",SNOW,2018-04-18T00:00:00,GHCND:USC00458932,0
98,",,H,0400",SNWD,2018-04-18T00:00:00,GHCND:USC00458932,0
99,",,W,",AWND,2018-04-18T00:00:00,GHCND:USW00024160,45
100,",,W,",PRCP,2018-04-18T00:00:00,GHCND:USW00024160,0
101,",,W,",SNOW,2018-04-18T00:00:00,GHCND:USW00024160,0
102,",,W,",SNWD,2018-04-18T00:00:00,GHCND:USW00024160,0
103,",,W,",TMAX,2018-04-18T00:00:00,GHCND:USW00024160,172
104,",,W,",TMIN,2018-04-18T00:00:00,GHCND:USW00024160,17
105,",,W,",WDF2,2018-04-18T00:00:00,GHCND:USW00024160,40
106,",,W,",WDF5,2018-04-18T00:00:00,GHCND:USW00024160,40
107,",,W,",WSF2,2018-04-18T00:00:00,GHCND:USW00024160,98
108,",,W,",WSF5,2018-04-18T00:00:00,GHCND:USW00024160,121
109,",,N,",PRCP,2018-04-19T00:00:00,GHCND:US1WAWW0005,0
110,",,N,",PRCP,2018-04-19T00:00:00,GHCND:US1WAWW0009,0
111,",,N,",SNOW,2018-04-19T00:00:00,GHCND:US1WAWW0009,0
112,",,7,1700",EVAP,2018-04-19T00:00:00,GHCND:USC00454679,53
113,",,7,",MNPN,2018-04-19T00:00:00,GHCND:USC00454679,39
114,",,7,",MXPN,2018-04-19T00:00:00,GHCND:USC00454679,217
115,",,7,1700",PRCP,2018-04-19T00:00:00,GHCND:USC00454679,0
116,",,7,",SNOW,2018-04-19T00:00:00,GHCND:USC00454679,0
117,",,7,1700",TMAX,2018-04-19T00:00:00,GHCND:USC00454679,183
118,",,7,1700",TMIN,2018-04-19T00:00:00,GHCND:USC00454679,39
119,",,7,1700",TOBS,2018-04-19T00:00:00,GHCND:USC00454679,178
120,",,H,0800",PRCP,2018-04-19T00:00:00,GHCND:USC00455387,0
121,",,H,0400",PRCP,2018-04-19T00:00:00,GHCND:USC00458932,0
122,",,H,",SNOW,2018-04-19T00:00:00,GHCND:USC00458932,0
123,",,H,0400",SNWD,2018-04-19T00:00:00,GHCND:USC00458932,0
124,",,H,0800",PRCP,2018-04-19T00:00:00,GHCND:USC00459200,0
125,",,H,0800",TMAX,2018-04-19T00:00:00,GHCND:USC00459200,183
126,",,H,0800",TMIN,2018-04-19T00:00:00,GHCND:USC00459200,0
127,",,H,0800",TOBS,2018-04-19T00:00:00,GHCND:USC00459200,39
128,",,W,",AWND,2018-04-19T00:00:00,GHCND:USW00024160,22
129,",,W,",PRCP,2018-04-19T00:00:00,GHCND:USW00024160,0
130,",,W,",SNOW,2018-04-19T00:00:00,GHCND:USW00024160,0
131,",,W,",SNWD,2018-04-19T00:00:00,GHCND:USW00024160,0
132,",,W,",TMAX,2018-04-19T00:00:00,GHCND:USW00024160,189
133,",,W,",TMIN,2018-04-19T00:00:00,GHCND:USW00024160,39
134,",,W,",WDF2,2018-04-19T00:00:00,GHCND:USW00024160,170
135,",,W,",WDF5,2018-04-19T00:00:00,GHCND:USW00024160,210
136,",,W,",WSF2,2018-04-19T00:00:00,GHCND:USW00024160,54
137,",,W,",WSF5,2018-04-19T00:00:00,GHCND:USW00024160,63
138,",,N,",PRCP,2018-04-20T00:00:00,GHCND:US1WAWW0005,0
139,",,N,",PRCP,2018-04-20T00:00:00,GHCND:US1WAWW0009,0
140,",,N,",SNOW,2018-04-20T00:00:00,GHCND:US1WAWW0009,0
141,",,7,1700",EVAP,2018-04-20T00:00:00,GHCND:USC00454679,51
142,",,7,",MNPN,2018-04-20T00:00:00,GHCND:USC00454679,67
143,",,7,",MXPN,2018-04-20T00:00:00,GHCND:USC00454679,228
144,",,7,1700",PRCP,2018-04-20T00:00:00,GHCND:USC00454679,0
145,",,7,",SNOW,2018-04-20T00:00:00,GHCND:USC00454679,0
146,",,7,1700",TMAX,2018-04-20T00:00:00,GHCND:USC00454679,183
147,",,7,1700",TMIN,2018-04-20T00:00:00,GHCND:USC00454679,28
148,",,7,1700",TOBS,2018-04-20T00:00:00,GHCND:USC00454679,183
149,",,H,0800",PRCP,2018-04-20T00:00:00,GHCND:USC00455387,0
150,",,H,0400",PRCP,2018-04-20T00:00:00,GHCND:USC00458932,0
151,",,H,",SNOW,2018-04-20T00:00:00,GHCND:USC00458932,0
152,",,H,0400",SNWD,2018-04-20T00:00:00,GHCND:USC00458932,0
153,",,H,0800",PRCP,2018-04-20T00:00:00,GHCND:USC00459200,0
154,",,H,0800",TMAX,2018-04-20T00:00:00,GHCND:USC00459200,200
155,",,H,0800",TMIN,2018-04-20T00:00:00,GHCND:USC00459200,17
156,",,H,0800",TOBS,2018-04-20T00:00:00,GHCND:USC00459200,22
157,",,W,",AWND,2018-04-20T00:00:00,GHCND:USW00024160,32
158,",,W,",PRCP,2018-04-20T00:00:00,GHCND:USW00024160,0
159,",,W,",SNOW,2018-04-20T00:00:00,GHCND:USW00024160,0
160,",,W,",SNWD,2018-04-20T00:00:00,GHCND:USW00024160,0
161,",,W,",TMAX,2018-04-20T00:00:00,GHCND:USW00024160,200
162,",,W,",TMIN,2018-04-20T00:00:00,GHCND:USW00024160,61
163,",,W,",WDF2,2018-04-20T00:00:00,GHCND:USW00024160,270
164,",,W,",WDF5,2018-04-20T00:00:00,GHCND:USW00024160,250
165,",,W,",WSF2,2018-04-20T00:00:00,GHCND:USW00024160,67
166,",,W,",WSF5,2018-04-20T00:00:00,GHCND:USW00024160,85
167,",,N,",PRCP,2018-04-21T00:00:00,GHCND:US1WAWW0009,0
168,",,N,",SNOW,2018-04-21T00:00:00,GHCND:US1WAWW0009,0
169,",,7,1700",EVAP,2018-04-21T00:00:00,GHCND:USC00454679,81
170,",,7,",MNPN,2018-04-21T00:00:00,GHCND:USC00454679,94
171,",,7,",MXPN,2018-04-21T00:00:00,GHCND:USC00454679,228
172,",,7,1700",PRCP,2018-04-21T00:00:00,GHCND:USC00454679,0
173,",,7,",SNOW,2018-04-21T00:00:00,GHCND:USC00454679,0
174,",,7,1700",TMAX,2018-04-21T00:00:00,GHCND:USC00454679,189
175,",,7,1700",TMIN,2018-04-21T00:00:00,GHCND:USC00454679,72
176,",,7,1700",TOBS,2018-04-21T00:00:00,GHCND:USC00454679,133
177,",,H,0800",PRCP,2018-04-21T00:00:00,GHCND:USC00459200,0
178,",,H,0800",TMAX,2018-04-21T00:00:00,GHCND:USC00459200,211
179,",,H,0800",TMIN,2018-04-21T00:00:00,GHCND:USC00459200,22
180,",,H,0800",TOBS,2018-04-21T00:00:00,GHCND:USC00459200,133
181,",,W,",AWND,2018-04-21T00:00:00,GHCND:USW00024160,51
182,"T,,W,",PRCP,2018-04-21T00:00:00,GHCND:USW00024160,0
183,",,W,",SNOW,2018-04-21T00:00:00,GHCND:USW00024160,0
184,",,W,",SNWD,2018-04-21T00:00:00,GHCND:USW00024160,0
185,",,W,",TMAX,2018-04-21T00:00:00,GHCND:USW00024160,172
186,",,W,",TMIN,2018-04-21T00:00:00,GHCND:USW00024160,50
187,",,W,",WDF2,2018-04-21T00:00:00,GHCND:USW00024160,240
188,",,W,",WDF5,2018-04-21T00:00:00,GHCND:USW00024160,230
189,",,W,",WSF2,2018-04-21T00:00:00,GHCND:USW00024160,103
190,",,W,",WSF5,2018-04-21T00:00:00,GHCND:USW00024160,148
191,",,N,",PRCP,2018-04-22T00:00:00,GHCND:US1WAWW0009,0
192,",,N,",SNOW,2018-04-22T00:00:00,GHCND:US1WAWW0009,0
193,",,7,1700",EVAP,2018-04-22T00:00:00,GHCND:USC00454679,51
194,",,7,",MNPN,2018-04-22T00:00:00,GHCND:USC00454679,39
195,",,7,",MXPN,2018-04-22T00:00:00,GHCND:USC00454679,200
196,",,7,1700",PRCP,2018-04-22T00:00:00,GHCND:USC00454679,0
197,",,7,",SNOW,2018-04-22T00:00:00,GHCND:USC00454679,0
198,",,7,1700",TMAX,2018-04-22T00:00:00,GHCND:USC00454679,156
199,",,7,1700",TMIN,2018-04-22T00:00:00,GHCND:USC00454679,0
200,",,7,1700",TOBS,2018-04-22T00:00:00,GHCND:USC00454679,150
201,",,W,",AWND,2018-04-22T00:00:00,GHCND:USW00024160,22
202,",,W,",PRCP,2018-04-22T00:00:00,GHCND:USW00024160,0
203,",,W,",SNOW,2018-04-22T00:00:00,GHCND:USW00024160,0
204,",,W,",SNWD,2018-04-22T00:00:00,GHCND:USW00024160,0
205,",,W,",TMAX,2018-04-22T00:00:00,GHCND:USW00024160,156
206,",,W,",TMIN,2018-04-22T00:00:00,GHCND:USW00024160,11
207,",,W,",WDF2,2018-04-22T00:00:00,GHCND:USW00024160,10
208,",,W,",WDF5,2018-04-22T00:00:00,GHCND:USW00024160,310
209,",,W,",WSF2,2018-04-22T00:00:00,GHCND:USW00024160,54
210,",,W,",WSF5,2018-04-22T00:00:00,GHCND:USW00024160,67
211,",,N,",PRCP,2018-04-23T00:00:00,GHCND:US1WAWW0009,0
212,",,N,",SNOW,2018-04-23T00:00:00,GHCND:US1WAWW0009,0
213,",,7,1700",EVAP,2018-04-23T00:00:00,GHCND:USC00454679,51
214,",,7,",MNPN,2018-04-23T00:00:00,GHCND:USC00454679,50
215,",,7,",MXPN,2018-04-23T00:00:00,GHCND:USC00454679,228
216,",,7,1700",PRCP,2018-04-23T00:00:00,GHCND:USC00454679,0
217,",,7,",SNOW,2018-04-23T00:00:00,GHCND:USC00454679,0
218,",,7,1700",TMAX,2018-04-23T00:00:00,GHCND:USC00454679,189
219,",,7,1700",TMIN,2018-04-23T00:00:00,GHCND:USC00454679,28
220,",,7,1700",TOBS,2018-04-23T00:00:00,GHCND:USC00454679,183
221,",,H,0400",PRCP,2018-04-23T00:00:00,GHCND:USC00458932,0
222,",,H,",SNOW,2018-04-23T00:00:00,GHCND:USC00458932,0
223,",,H,0400",SNWD,2018-04-23T00:00:00,GHCND:USC00458932,0
224,",,H,0800",TMAX,2018-04-23T00:00:00,GHCND:USC00459200,183
225,",,H,0800",TMIN,2018-04-23T00:00:00,GHCND:USC00459200,-11
226,",,H,0800",TOBS,2018-04-23T00:00:00,GHCND:USC00459200,-11
227,",,W,",AWND,2018-04-23T00:00:00,GHCND:USW00024160,30
228,",,W,",PRCP,2018-04-23T00:00:00,GHCND:USW00024160,0
229,",,W,",SNOW,2018-04-23T00:00:00,GHCND:USW00024160,0
230,",,W,",SNWD,2018-04-23T00:00:00,GHCND:USW00024160,0
231,",,W,",TMAX,2018-04-23T00:00:00,GHCND:USW00024160,189
232,",,W,",TMIN,2018-04-23T00:00:00,GHCND:USW00024160,22
233,",,W,",WDF2,2018-04-23T00:00:00,GHCND:USW00024160,50
234,",,W,",WDF5,2018-04-23T00:00:00,GHCND:USW00024160,50
235,",,W,",WSF2,2018-04-23T00:00:00,GHCND:USW00024160,72
236,",,W,",WSF5,2018-04-23T00:00:00,GHCND:USW00024160,85
237,",,N,",PRCP,2018-04-24T00:00:00,GHCND:US1WAWW0009,0
238,",,N,",SNOW,2018-04-24T00:00:00,GHCND:US1WAWW0009,0
239,",,7,1700",EVAP,2018-04-24T00:00:00,GHCND:USC00454679,64
240,",,7,",MNPN,2018-04-24T00:00:00,GHCND:USC00454679,61
241,",,7,",MXPN,2018-04-24T00:00:00,GHCND:USC00454679,244
242,",,7,1700",PRCP,2018-04-24T00:00:00,GHCND:USC00454679,0
243,",,7,",SNOW,2018-04-24T00:00:00,GHCND:USC00454679,0
244,",,7,1700",TMAX,2018-04-24T00:00:00,GHCND:USC00454679,217
245,",,7,1700",TMIN,2018-04-24T00:00:00,GHCND:USC00454679,33
246,",,7,1700",TOBS,2018-04-24T00:00:00,GHCND:USC00454679,211
247,",,H,0800",PRCP,2018-04-24T00:00:00,GHCND:USC00455387,0
248,",,H,0800",PRCP,2018-04-24T00:00:00,GHCND:USC00459200,0
249,",,H,0800",TMAX,2018-04-24T00:00:00,GHCND:USC00459200,200
250,",,H,0800",TMIN,2018-04-24T00:00:00,GHCND:USC00459200,-11
251,",,H,0800",TOBS,2018-04-24T00:00:00,GHCND:USC00459200,11
252,",,W,",AWND,2018-04-24T00:00:00,GHCND:USW00024160,28
253,",,W,",PRCP,2018-04-24T00:00:00,GHCND:USW00024160,0
254,",,W,",SNOW,2018-04-24T00:00:00,GHCND:USW00024160,0
255,",,W,",SNWD,2018-04-24T00:00:00,GHCND:USW00024160,0
256,",,W,",TMAX,2018-04-24T00:00:00,GHCND:USW00024160,233
257,",,W,",TMIN,2018-04-24T00:00:00,GHCND:USW00024160,39
258,",,W,",WDF2,2018-04-24T00:00:00,GHCND:USW00024160,30
259,",,W,",WDF5,2018-04-24T00:00:00,GHCND:USW00024160,10
260,",,W,",WSF2,2018-04-24T00:00:00,GHCND:USW00024160,72
261,",,W,",WSF5,2018-04-24T00:00:00,GHCND:USW00024160,89
262,",,N,",PRCP,2018-04-25T00:00:00,GHCND:US1WAWW0009,0
263,",,N,",SNOW,2018-04-25T00:00:00,GHCND:US1WAWW0009,0
264,",,7,1700",EVAP,2018-04-25T00:00:00,GHCND:USC00454679,61
265,",,7,",MNPN,2018-04-25T00:00:00,GHCND:USC00454679,89
266,",,7,",MXPN,2018-04-25T00:00:00,GHCND:USC00454679,267
267,",,7,1700",PRCP,2018-04-25T00:00:00,GHCND:USC00454679,0
268,",,7,",SNOW,2018-04-25T00:00:00,GHCND:USC00454679,0
269,",,7,1700",TMAX,2018-04-25T00:00:00,GHCND:USC00454679,250
270,",,7,1700",TMIN,2018-04-25T00:00:00,GHCND:USC00454679,39
271,",,7,1700",TOBS,2018-04-25T00:00:00,GHCND:USC00454679,244
272,",,H,0800",PRCP,2018-04-25T00:00:00,GHCND:USC00455387,0
273,",,H,0400",PRCP,2018-04-25T00:00:00,GHCND:USC00458932,0
274,",,H,",SNOW,2018-04-25T00:00:00,GHCND:USC00458932,0
275,",,H,0800",PRCP,2018-04-25T00:00:00,GHCND:USC00459200,0
276,",,H,0800",TMAX,2018-04-25T00:00:00,GHCND:USC00459200,250
277,",,H,0800",TMIN,2018-04-25T00:00:00,GHCND:USC00459200,-6
278,",,H,0800",TOBS,2018-04-25T00:00:00,GHCND:USC00459200,39
279,",,W,",AWND,2018-04-25T00:00:00,GHCND:USW00024160,18
280,",,W,",PRCP,2018-04-25T00:00:00,GHCND:USW00024160,0
281,",,W,",SNOW,2018-04-25T00:00:00,GHCND:USW00024160,0
282,",,W,",SNWD,2018-04-25T00:00:00,GHCND:USW00024160,0
283,",,W,",TMAX,2018-04-25T00:00:00,GHCND:USW00024160,250
284,",,W,",TMIN,2018-04-25T00:00:00,GHCND:USW00024160,100
285,",,W,",WDF2,2018-04-25T00:00:00,GHCND:USW00024160,110
286,",,W,",WDF5,2018-04-25T00:00:00,GHCND:USW00024160,290
287,",,W,",WSF2,2018-04-25T00:00:00,GHCND:USW00024160,40
288,",,W,",WSF5,2018-04-25T00:00:00,GHCND:USW00024160,49
289,",,N,",PRCP,2018-04-26T00:00:00,GHCND:US1WAWW0009,0
290,",,N,",SNOW,2018-04-26T00:00:00,GHCND:US1WAWW0009,0
291,",,7,1700",EVAP,2018-04-26T00:00:00,GHCND:USC00454679,71
292,",,7,",MNPN,2018-04-26T00:00:00,GHCND:USC00454679,89
293,",,7,",MXPN,2018-04-26T00:00:00,GHCND:USC00454679,278
294,",,7,1700",PRCP,2018-04-26T00:00:00,GHCND:USC00454679,0
295,",,7,",SNOW,2018-04-26T00:00:00,GHCND:USC00454679,0
296,",,7,1700",TMAX,2018-04-26T00:00:00,GHCND:USC00454679,267
297,",,7,1700",TMIN,2018-04-26T00:00:00,GHCND:USC00454679,39
298,",,7,1700",TOBS,2018-04-26T00:00:00,GHCND:USC00454679,256
299,",,H,0800",PRCP,2018-04-26T00:00:00,GHCND:USC00455387,0
300,",,H,0400",PRCP,2018-04-26T00:00:00,GHCND:USC00458932,0
301,",,H,",SNOW,2018-04-26T00:00:00,GHCND:USC00458932,0
302,",,H,0400",SNWD,2018-04-26T00:00:00,GHCND:USC00458932,0
303,",,H,0800",PRCP,2018-04-26T00:00:00,GHCND:USC00459200,0
304,",,H,0800",TMAX,2018-04-26T00:00:00,GHCND:USC00459200,256
305,",,H,0800",TMIN,2018-04-26T00:00:00,GHCND:USC00459200,39
306,",,H,0800",TOBS,2018-04-26T00:00:00,GHCND:USC00459200,39
307,",,W,",AWND,2018-04-26T00:00:00,GHCND:USW00024160,21
308,",,W,",PRCP,2018-04-26T00:00:00,GHCND:USW00024160,0
309,",,W,",SNOW,2018-04-26T00:00:00,GHCND:USW00024160,0
310,",,W,",SNWD,2018-04-26T00:00:00,GHCND:USW00024160,0
311,",,W,",TMAX,2018-04-26T00:00:00,GHCND:USW00024160,272
312,",,W,",TMIN,2018-04-26T00:00:00,GHCND:USW00024160,89
313,",,W,",WDF2,2018-04-26T00:00:00,GHCND:USW00024160,340
314,",,W,",WDF5,2018-04-26T00:00:00,GHCND:USW00024160,310
315,",,W,",WSF2,2018-04-26T00:00:00,GHCND:USW00024160,45
316,",,W,",WSF5,2018-04-26T00:00:00,GHCND:USW00024160,54
317,",,N,",PRCP,2018-04-27T00:00:00,GHCND:US1WAWW0009,0
318,",,N,",SNOW,2018-04-27T00:00:00,GHCND:US1WAWW0009,0
319,",,7,1700",EVAP,2018-04-27T00:00:00,GHCND:USC00454679,76
320,",,7,",MNPN,2018-04-27T00:00:00,GHCND:USC00454679,106
321,",,7,",MXPN,2018-04-27T00:00:00,GHCND:USC00454679,317
322,",,7,1700",PRCP,2018-04-27T00:00:00,GHCND:USC00454679,0
323,",,7,",SNOW,2018-04-27T00:00:00,GHCND:USC00454679,0
324,",,7,1700",TMAX,2018-04-27T00:00:00,GHCND:USC00454679,300
325,",,7,1700",TMIN,2018-04-27T00:00:00,GHCND:USC00454679,100
326,",,7,1700",TOBS,2018-04-27T00:00:00,GHCND:USC00454679,294
327,",,H,0800",PRCP,2018-04-27T00:00:00,GHCND:USC00455387,0
328,",,H,0400",PRCP,2018-04-27T00:00:00,GHCND:USC00458932,0
329,",,H,",SNOW,2018-04-27T00:00:00,GHCND:USC00458932,0
330,",,H,0400",SNWD,2018-04-27T00:00:00,GHCND:USC00458932,0
331,",,H,0800",PRCP,2018-04-27T00:00:00,GHCND:USC00459200,0
332,",,H,0800",TMAX,2018-04-27T00:00:00,GHCND:USC00459200,278
333,",,H,0800",TMIN,2018-04-27T00:00:00,GHCND:USC00459200,28
334,",,H,0800",TOBS,2018-04-27T00:00:00,GHCND:USC00459200,67
335,",,W,",AWND,2018-04-27T00:00:00,GHCND:USW00024160,45
336,",,W,",PRCP,2018-04-27T00:00:00,GHCND:USW00024160,30
337,",,W,",SNOW,2018-04-27T00:00:00,GHCND:USW00024160,0
338,",,W,",SNWD,2018-04-27T00:00:00,GHCND:USW00024160,0
339,",,W,",TMAX,2018-04-27T00:00:00,GHCND:USW00024160,267
340,",,W,",TMIN,2018-04-27T00:00:00,GHCND:USW00024160,106
341,",,W,",WDF2,2018-04-27T00:00:00,GHCND:USW00024160,220
342,",,W,",WDF5,2018-04-27T00:00:00,GHCND:USW00024160,200
343,",,W,",WSF2,2018-04-27T00:00:00,GHCND:USW00024160,134
344,",,W,",WSF5,2018-04-27T00:00:00,GHCND:USW00024160,188
345,",,W,",WT03,2018-04-27T00:00:00,GHCND:USW00024160,1
346,",,N,",PRCP,2018-04-28T00:00:00,GHCND:US1WAWW0005,97
347,",,N,",PRCP,2018-04-28T00:00:00,GHCND:US1WAWW0009,97
348,",,7,1700",EVAP,2018-04-28T00:00:00,GHCND:USC00454679,79
349,",,7,",MNPN,2018-04-28T00:00:00,GHCND:USC00454679,89
350,",,7,",MXPN,2018-04-28T00:00:00,GHCND:USC00454679,283
351,",,7,1700",PRCP,2018-04-28T00:00:00,GHCND:USC00454679,41
352,",,7,",SNOW,2018-04-28T00:00:00,GHCND:USC00454679,0
353,",,7,1700",TMAX,2018-04-28T00:00:00,GHCND:USC00454679,294
354,",,7,1700",TMIN,2018-04-28T00:00:00,GHCND:USC00454679,89
355,",,7,1700",TOBS,2018-04-28T00:00:00,GHCND:USC00454679,167
356,",,H,0800",PRCP,2018-04-28T00:00:00,GHCND:USC00455387,89
357,",,H,0800",PRCP,2018-04-28T00:00:00,GHCND:USC00459200,109
358,",,H,0800",TMAX,2018-04-28T00:00:00,GHCND:USC00459200,261
359,",,H,0800",TMIN,2018-04-28T00:00:00,GHCND:USC00459200,56
360,",,H,0800",TOBS,2018-04-28T00:00:00,GHCND:USC00459200,94
361,",,W,",AWND,2018-04-28T00:00:00,GHCND:USW00024160,55
362,",,W,",PRCP,2018-04-28T00:00:00,GHCND:USW00024160,38
363,",,W,",SNOW,2018-04-28T00:00:00,GHCND:USW00024160,0
364,",,W,",SNWD,2018-04-28T00:00:00,GHCND:USW00024160,0
365,",,W,",TMAX,2018-04-28T00:00:00,GHCND:USW00024160,178
366,",,W,",TMIN,2018-04-28T00:00:00,GHCND:USW00024160,94
367,",,W,",WDF2,2018-04-28T00:00:00,GHCND:USW00024160,220
368,",,W,",WDF5,2018-04-28T00:00:00,GHCND:USW00024160,200
369,",,W,",WSF2,2018-04-28T00:00:00,GHCND:USW00024160,98
370,",,W,",WSF5,2018-04-28T00:00:00,GHCND:USW00024160,121
371,",,N,",PRCP,2018-04-29T00:00:00,GHCND:US1WAWW0009,0
372,",,N,",SNOW,2018-04-29T00:00:00,GHCND:US1WAWW0009,0
373,",,7,1700",EVAP,2018-04-29T00:00:00,GHCND:USC00454679,69
374,",,7,",MNPN,2018-04-29T00:00:00,GHCND:USC00454679,89
375,",,7,",MXPN,2018-04-29T00:00:00,GHCND:USC00454679,233
376,",,7,1700",PRCP,2018-04-29T00:00:00,GHCND:USC00454679,0
377,",,7,",SNOW,2018-04-29T00:00:00,GHCND:USC00454679,0
378,",,7,1700",TMAX,2018-04-29T00:00:00,GHCND:USC00454679,183
379,",,7,1700",TMIN,2018-04-29T00:00:00,GHCND:USC00454679,33
380,",,7,1700",TOBS,2018-04-29T00:00:00,GHCND:USC00454679,167
381,",,H,0800",PRCP,2018-04-29T00:00:00,GHCND:USC00455387,0
382,",,W,",AWND,2018-04-29T00:00:00,GHCND:USW00024160,51
383,",,W,",PRCP,2018-04-29T00:00:00,GHCND:USW00024160,3
384,",,W,",SNOW,2018-04-29T00:00:00,GHCND:USW00024160,0
385,",,W,",SNWD,2018-04-29T00:00:00,GHCND:USW00024160,0
386,",,W,",TMAX,2018-04-29T00:00:00,GHCND:USW00024160,183
387,",,W,",TMIN,2018-04-29T00:00:00,GHCND:USW00024160,94
388,",,W,",WDF2,2018-04-29T00:00:00,GHCND:USW00024160,180
389,",,W,",WDF5,2018-04-29T00:00:00,GHCND:USW00024160,180
390,",,W,",WSF2,2018-04-29T00:00:00,GHCND:USW00024160,89
391,",,W,",WSF5,2018-04-29T00:00:00,GHCND:USW00024160,107
392,"T,,N,",PRCP,2018-04-30T00:00:00,GHCND:US1WAWW0005,0
393,",,N,",PRCP,2018-04-30T00:00:00,GHCND:US1WAWW0009,3
394,",,7,1700",EVAP,2018-04-30T00:00:00,GHCND:USC00454679,46
395,",,7,",MNPN,2018-04-30T00:00:00,GHCND:USC00454679,78
396,",,7,",MXPN,2018-04-30T00:00:00,GHCND:USC00454679,217
397,",,7,1700",PRCP,2018-04-30T00:00:00,GHCND:USC00454679,0
398,",,7,",SNOW,2018-04-30T00:00:00,GHCND:USC00454679,0
399,",,7,1700",TMAX,2018-04-30T00:00:00,GHCND:USC00454679,178
400,",,7,1700",TMIN,2018-04-30T00:00:00,GHCND:USC00454679,44
401,",,7,1700",TOBS,2018-04-30T00:00:00,GHCND:USC00454679,172
402,",,H,0800",PRCP,2018-04-30T00:00:00,GHCND:USC00455387,5
403,",,H,0400",SNWD,2018-04-30T00:00:00,GHCND:USC00458932,0
404,",,H,0800",TMAX,2018-04-30T00:00:00,GHCND:USC00459200,194
405,",,H,0800",TMIN,2018-04-30T00:00:00,GHCND:USC00459200,78
406,",,H,0800",TOBS,2018-04-30T00:00:00,GHCND:USC00459200,78
407,",,W,",AWND,2018-04-30T00:00:00,GHCND:USW00024160,53
408,",,W,",PRCP,2018-04-30T00:00:00,GHCND:USW00024160,3
409,",,W,",SNOW,2018-04-30T00:00:00,GHCND:USW00024160,0
410,",,W,",SNWD,2018-04-30T00:00:00,GHCND:USW00024160,0
411,",,W,",TMAX,2018-04-30T00:00:00,GHCND:USW00024160,172
412,",,W,",TMIN,2018-04-30T00:00:00,GHCND:USW00024160,83
413,",,W,",WDF2,2018-04-30T00:00:00,GHCND:USW00024160,190
414,",,W,",WDF5,2018-04-30T00:00:00,GHCND:USW00024160,250
415,",,W,",WSF2,2018-04-30T00:00:00,GHCND:USW00024160,89
416,",,W,",WSF5,2018-04-30T00:00:00,GHCND:USW00024160,125
417,",,N,",PRCP,2018-05-01T00:00:00,GHCND:US1WAWW0009,0
418,",,N,",SNOW,2018-05-01T00:00:00,GHCND:US1WAWW0009,0
419,",,N,",PRCP,2018-05-01T00:00:00,GHCND:US1WAWW0014,0
420,",,7,0900",PRCP,2018-05-01T00:00:00,GHCND:USC00355593,0
421,",,7,0900",TMAX,2018-05-01T00:00:00,GHCND:USC00355593,183
422,",,7,0900",TMIN,2018-05-01T00:00:00,GHCND:USC00355593,72
423,",,7,0900",TOBS,2018-05-01T00:00:00,GHCND:USC00355593,111
424,",,7,1700",EVAP,2018-05-01T00:00:00,GHCND:USC00454679,41
425,",,7,",MNPN,2018-05-01T00:00:00,GHCND:USC00454679,89
426,",,7,",MXPN,2018-05-01T00:00:00,GHCND:USC00454679,228
427,",,7,1700",PRCP,2018-05-01T00:00:00,GHCND:USC00454679,0
428,",,7,",SNOW,2018-05-01T00:00:00,GHCND:USC00454679,0
429,",,7,1700",TMAX,2018-05-01T00:00:00,GHCND:USC00454679,194
430,",,7,1700",TMIN,2018-05-01T00:00:00,GHCND:USC00454679,56
431,",,7,1700",TOBS,2018-05-01T00:00:00,GHCND:USC00454679,183
432,",,7,0800",PRCP,2018-05-01T00:00:00,GHCND:USC00455387,0
433,",,H,0400",PRCP,2018-05-01T00:00:00,GHCND:USC00458932,0
434,",,H,",SNOW,2018-05-01T00:00:00,GHCND:USC00458932,0
435,",,H,0400",SNWD,2018-05-01T00:00:00,GHCND:USC00458932,0
436,",,7,0800",EVAP,2018-05-01T00:00:00,GHCND:USC00459200,58
437,",,7,",MNPN,2018-05-01T00:00:00,GHCND:USC00459200,117
438,",,7,",MXPN,2018-05-01T00:00:00,GHCND:USC00459200,261
439,",,7,0800",PRCP,2018-05-01T00:00:00,GHCND:USC00459200,0
440,",,7,0800",TMAX,2018-05-01T00:00:00,GHCND:USC00459200,183
441,",,7,0800",TMIN,2018-05-01T00:00:00,GHCND:USC00459200,78
442,",,7,0800",TOBS,2018-05-01T00:00:00,GHCND:USC00459200,83
443,",,7,",WDMV,2018-05-01T00:00:00,GHCND:USC00459200,80
444,",,W,",AWND,2018-05-01T00:00:00,GHCND:USW00024160,40
445,",,W,",PRCP,2018-05-01T00:00:00,GHCND:USW00024160,0
446,",,W,",SNOW,2018-05-01T00:00:00,GHCND:USW00024160,0
447,",,W,",SNWD,2018-05-01T00:00:00,GHCND:USW00024160,0
448,",,W,",TMAX,2018-05-01T00:00:00,GHCND:USW00024160,189
449,",,W,",TMIN,2018-05-01T00:00:00,GHCND:USW00024160,83
450,",,W,",WDF2,2018-05-01T00:00:00,GHCND:USW00024160,200
451,",,W,",WDF5,2018-05-01T00:00:00,GHCND:USW00024160,210
452,",,W,",WSF2,2018-05-01T00:00:00,GHCND:USW00024160,89
453,",,W,",WSF5,2018-05-01T00:00:00,GHCND:USW00024160,107
454,",,N,",PRCP,2018-05-02T00:00:00,GHCND:US1WAWW0009,0
455,",,N,",SNOW,2018-05-02T00:00:00,GHCND:US1WAWW0009,0
456,",,N,",PRCP,2018-05-02T00:00:00,GHCND:US1WAWW0014,0
457,",,7,0900",PRCP,2018-05-02T00:00:00,GHCND:USC00355593,0
458,",,7,0900",TMAX,2018-05-02T00:00:00,GHCND:USC00355593,222
459,",,7,0900",TMIN,2018-05-02T00:00:00,GHCND:USC00355593,89
460,",,7,0900",TOBS,2018-05-02T00:00:00,GHCND:USC00355593,133
461,",,7,1700",EVAP,2018-05-02T00:00:00,GHCND:USC00454679,51
462,",,7,",MNPN,2018-05-02T00:00:00,GHCND:USC00454679,78
463,",,7,",MXPN,2018-05-02T00:00:00,GHCND:USC00454679,256
464,",,7,1700",PRCP,2018-05-02T00:00:00,GHCND:USC00454679,0
465,",,7,",SNOW,2018-05-02T00:00:00,GHCND:USC00454679,0
466,",,7,1700",TMAX,2018-05-02T00:00:00,GHCND:USC00454679,222
467,",,7,1700",TMIN,2018-05-02T00:00:00,GHCND:USC00454679,17
468,",,7,1700",TOBS,2018-05-02T00:00:00,GHCND:USC00454679,217
469,",,7,0800",PRCP,2018-05-02T00:00:00,GHCND:USC00455387,0
470,",,H,0400",PRCP,2018-05-02T00:00:00,GHCND:USC00458932,0
471,",,H,",SNOW,2018-05-02T00:00:00,GHCND:USC00458932,0
472,",,H,0400",SNWD,2018-05-02T00:00:00,GHCND:USC00458932,0
473,",,7,0800",EVAP,2018-05-02T00:00:00,GHCND:USC00459200,56
474,",,7,",MNPN,2018-05-02T00:00:00,GHCND:USC00459200,117
475,",,7,",MXPN,2018-05-02T00:00:00,GHCND:USC00459200,272
476,",,7,0800",PRCP,2018-05-02T00:00:00,GHCND:USC00459200,0
477,",,7,0800",TMAX,2018-05-02T00:00:00,GHCND:USC00459200,200
478,",,7,0800",TMIN,2018-05-02T00:00:00,GHCND:USC00459200,44
479,",,7,0800",TOBS,2018-05-02T00:00:00,GHCND:USC00459200,44
480,",,7,",WDMV,2018-05-02T00:00:00,GHCND:USC00459200,45
481,",,W,",AWND,2018-05-02T00:00:00,GHCND:USW00024160,28
482,",,W,",PRCP,2018-05-02T00:00:00,GHCND:USW00024160,0
483,",,W,",SNOW,2018-05-02T00:00:00,GHCND:USW00024160,0
484,",,W,",SNWD,2018-05-02T00:00:00,GHCND:USW00024160,0
485,",,W,",TMAX,2018-05-02T00:00:00,GHCND:USW00024160,222
486,",,W,",TMIN,2018-05-02T00:00:00,GHCND:USW00024160,83
487,",,W,",WDF2,2018-05-02T00:00:00,GHCND:USW00024160,110
488,",,W,",WDF5,2018-05-02T00:00:00,GHCND:USW00024160,270
489,",,W,",WSF2,2018-05-02T00:00:00,GHCND:USW00024160,54
490,",,W,",WSF5,2018-05-02T00:00:00,GHCND:USW00024160,63
491,",,N,",PRCP,2018-05-03T00:00:00,GHCND:US1WAWW0005,0
492,",,N,",PRCP,2018-05-03T00:00:00,GHCND:US1WAWW0009,0
493,",,N,",PRCP,2018-05-03T00:00:00,GHCND:US1WAWW0014,0
494,",,7,0900",PRCP,2018-05-03T00:00:00,GHCND:USC00355593,0
495,",,7,0900",TMAX,2018-05-03T00:00:00,GHCND:USC00355593,261
496,",,7,0900",TMIN,2018-05-03T00:00:00,GHCND:USC00355593,111
497,",,7,0900",TOBS,2018-05-03T00:00:00,GHCND:USC00355593,161
498,",,7,1700",EVAP,2018-05-03T00:00:00,GHCND:USC00454679,69
499,",,7,",MNPN,2018-05-03T00:00:00,GHCND:USC00454679,111
500,",,7,",MXPN,2018-05-03T00:00:00,GHCND:USC00454679,267
501,",,7,1700",PRCP,2018-05-03T00:00:00,GHCND:USC00454679,0
502,",,7,",SNOW,2018-05-03T00:00:00,GHCND:USC00454679,0
503,",,7,1700",TMAX,2018-05-03T00:00:00,GHCND:USC00454679,244
504,",,7,1700",TMIN,2018-05-03T00:00:00,GHCND:USC00454679,67
505,",,7,1700",TOBS,2018-05-03T00:00:00,GHCND:USC00454679,244
506,",,7,0800",PRCP,2018-05-03T00:00:00,GHCND:USC00455387,0
507,",,H,0400",PRCP,2018-05-03T00:00:00,GHCND:USC00458932,0
508,",,H,",SNOW,2018-05-03T00:00:00,GHCND:USC00458932,0
509,",,H,0400",SNWD,2018-05-03T00:00:00,GHCND:USC00458932,0
510,",,7,0800",EVAP,2018-05-03T00:00:00,GHCND:USC00459200,76
511,",,7,",MNPN,2018-05-03T00:00:00,GHCND:USC00459200,117
512,",,7,",MXPN,2018-05-03T00:00:00,GHCND:USC00459200,283
513,",,7,0800",PRCP,2018-05-03T00:00:00,GHCND:USC00459200,0
514,",,7,0800",TMAX,2018-05-03T00:00:00,GHCND:USC00459200,233
515,",,7,0800",TMIN,2018-05-03T00:00:00,GHCND:USC00459200,33
516,",,7,0800",TOBS,2018-05-03T00:00:00,GHCND:USC00459200,67
517,",,7,",WDMV,2018-05-03T00:00:00,GHCND:USC00459200,39
518,",,W,",AWND,2018-05-03T00:00:00,GHCND:USW00024160,26
519,",,W,",PRCP,2018-05-03T00:00:00,GHCND:USW00024160,0
520,",,W,",SNOW,2018-05-03T00:00:00,GHCND:USW00024160,0
521,",,W,",SNWD,2018-05-03T00:00:00,GHCND:USW00024160,0
522,",,W,",TMAX,2018-05-03T00:00:00,GHCND:USW00024160,267
523,",,W,",TMIN,2018-05-03T00:00:00,GHCND:USW00024160,94
524,",,W,",WDF2,2018-05-03T00:00:00,GHCND:USW00024160,180
525,",,W,",WDF5,2018-05-03T00:00:00,GHCND:USW00024160,180
526,",,W,",WSF2,2018-05-03T00:00:00,GHCND:USW00024160,63
527,",,W,",WSF5,2018-05-03T00:00:00,GHCND:USW00024160,76
528,",,N,",PRCP,2018-05-04T00:00:00,GHCND:US1WAWW0005,0
529,",,N,",PRCP,2018-05-04T00:00:00,GHCND:US1WAWW0014,0
530,",,7,0900",PRCP,2018-05-04T00:00:00,GHCND:USC00355593,0
531,",,7,0900",TMAX,2018-05-04T00:00:00,GHCND:USC00355593,272
532,",,7,0900",TMIN,2018-05-04T00:00:00,GHCND:USC00355593,150
533,",,7,0900",TOBS,2018-05-04T00:00:00,GHCND:USC00355593,200
534,",,7,1700",EVAP,2018-05-04T00:00:00,GHCND:USC00454679,53
535,",,7,",MNPN,2018-05-04T00:00:00,GHCND:USC00454679,139
536,",,7,",MXPN,2018-05-04T00:00:00,GHCND:USC00454679,272
537,",,7,1700",PRCP,2018-05-04T00:00:00,GHCND:USC00454679,0
538,",,7,",SNOW,2018-05-04T00:00:00,GHCND:USC00454679,0
539,",,7,1700",TMAX,2018-05-04T00:00:00,GHCND:USC00454679,250
540,",,7,1700",TMIN,2018-05-04T00:00:00,GHCND:USC00454679,111
541,",,7,1700",TOBS,2018-05-04T00:00:00,GHCND:USC00454679,233
542,",,7,0800",PRCP,2018-05-04T00:00:00,GHCND:USC00455387,0
543,",,H,0400",PRCP,2018-05-04T00:00:00,GHCND:USC00458932,0
544,",,H,",SNOW,2018-05-04T00:00:00,GHCND:USC00458932,0
545,",,H,0400",SNWD,2018-05-04T00:00:00,GHCND:USC00458932,0
546,",,7,0800",EVAP,2018-05-04T00:00:00,GHCND:USC00459200,20
547,",,7,",MNPN,2018-05-04T00:00:00,GHCND:USC00459200,117
548,",,7,",MXPN,2018-05-04T00:00:00,GHCND:USC00459200,306
549,",,7,0800",PRCP,2018-05-04T00:00:00,GHCND:USC00459200,0
550,",,7,0800",TMAX,2018-05-04T00:00:00,GHCND:USC00459200,272
551,",,7,0800",TMIN,2018-05-04T00:00:00,GHCND:USC00459200,56
552,",,7,0800",TOBS,2018-05-04T00:00:00,GHCND:USC00459200,144
553,",,7,",WDMV,2018-05-04T00:00:00,GHCND:USC00459200,37
554,",,W,",AWND,2018-05-04T00:00:00,GHCND:USW00024160,33
555,",,W,",PRCP,2018-05-04T00:00:00,GHCND:USW00024160,0
556,",,W,",SNOW,2018-05-04T00:00:00,GHCND:USW00024160,0
557,",,W,",SNWD,2018-05-04T00:00:00,GHCND:USW00024160,0
558,",,W,",TMAX,2018-05-04T00:00:00,GHCND:USW00024160,250
559,",,W,",TMIN,2018-05-04T00:00:00,GHCND:USW00024160,150
560,",,W,",WDF2,2018-05-04T00:00:00,GHCND:USW00024160,200
561,",,W,",WDF5,2018-05-04T00:00:00,GHCND:USW00024160,200
562,",,W,",WSF2,2018-05-04T00:00:00,GHCND:USW00024160,67
563,",,W,",WSF5,2018-05-04T00:00:00,GHCND:USW00024160,81
564,",,N,",PRCP,2018-05-05T00:00:00,GHCND:US1WAWW0014,0
565,",,7,0900",PRCP,2018-05-05T00:00:00,GHCND:USC00355593,0
566,",,7,1700",EVAP,2018-05-05T00:00:00,GHCND:USC00454679,61
567,",,7,",MNPN,2018-05-05T00:00:00,GHCND:USC00454679,139
568,",,7,",MXPN,2018-05-05T00:00:00,GHCND:USC00454679,267
569,",,7,1700",PRCP,2018-05-05T00:00:00,GHCND:USC00454679,0
570,",,7,",SNOW,2018-05-05T00:00:00,GHCND:USC00454679,0
571,",,7,1700",TMAX,2018-05-05T00:00:00,GHCND:USC00454679,239
572,",,7,1700",TMIN,2018-05-05T00:00:00,GHCND:USC00454679,106
573,",,7,1700",TOBS,2018-05-05T00:00:00,GHCND:USC00454679,228
574,",,7,0800",PRCP,2018-05-05T00:00:00,GHCND:USC00455387,0
575,",,7,0800",EVAP,2018-05-05T00:00:00,GHCND:USC00459200,43
576,",,7,",MNPN,2018-05-05T00:00:00,GHCND:USC00459200,111
577,",,7,",MXPN,2018-05-05T00:00:00,GHCND:USC00459200,300
578,",,7,0800",PRCP,2018-05-05T00:00:00,GHCND:USC00459200,0
579,",,7,0800",TMAX,2018-05-05T00:00:00,GHCND:USC00459200,256
580,",,7,0800",TMIN,2018-05-05T00:00:00,GHCND:USC00459200,106
581,",,7,0800",TOBS,2018-05-05T00:00:00,GHCND:USC00459200,106
582,",,7,",WDMV,2018-05-05T00:00:00,GHCND:USC00459200,48
583,",,W,",AWND,2018-05-05T00:00:00,GHCND:USW00024160,13
584,"T,,W,",PRCP,2018-05-05T00:00:00,GHCND:USW00024160,0
585,",,W,",SNOW,2018-05-05T00:00:00,GHCND:USW00024160,0
586,",,W,",SNWD,2018-05-05T00:00:00,GHCND:USW00024160,0
587,",,W,",TMAX,2018-05-05T00:00:00,GHCND:USW00024160,233
588,",,W,",TMIN,2018-05-05T00:00:00,GHCND:USW00024160,122
589,",,W,",WDF2,2018-05-05T00:00:00,GHCND:USW00024160,170
590,",,W,",WDF5,2018-05-05T00:00:00,GHCND:USW00024160,180
591,",,W,",WSF2,2018-05-05T00:00:00,GHCND:USW00024160,40
592,",,W,",WSF5,2018-05-05T00:00:00,GHCND:USW00024160,54
593,"T,,N,",PRCP,2018-05-06T00:00:00,GHCND:US1WAWW0005,0
594,",,N,",PRCP,2018-05-06T00:00:00,GHCND:US1WAWW0014,0
595,",,7,0900",PRCP,2018-05-06T00:00:00,GHCND:USC00355593,0
596,",,7,0900",TMAX,2018-05-06T00:00:00,GHCND:USC00355593,228
597,",,7,0900",TMIN,2018-05-06T00:00:00,GHCND:USC00355593,117
598,",,7,1700",EVAP,2018-05-06T00:00:00,GHCND:USC00454679,53
599,",,7,",MNPN,2018-05-06T00:00:00,GHCND:USC00454679,128
600,",,7,",MXPN,2018-05-06T00:00:00,GHCND:USC00454679,239
601,",,7,1700",PRCP,2018-05-06T00:00:00,GHCND:USC00454679,15
602,",,7,",SNOW,2018-05-06T00:00:00,GHCND:USC00454679,0
603,",,7,1700",TMAX,2018-05-06T00:00:00,GHCND:USC00454679,267
604,",,7,1700",TMIN,2018-05-06T00:00:00,GHCND:USC00454679,122
605,",,7,1700",TOBS,2018-05-06T00:00:00,GHCND:USC00454679,139
606,",,7,0800",PRCP,2018-05-06T00:00:00,GHCND:USC00455387,0
607,",,W,",AWND,2018-05-06T00:00:00,GHCND:USW00024160,31
608,"T,,W,",PRCP,2018-05-06T00:00:00,GHCND:USW00024160,0
609,",,W,",SNOW,2018-05-06T00:00:00,GHCND:USW00024160,0
610,",,W,",SNWD,2018-05-06T00:00:00,GHCND:USW00024160,0
611,",,W,",TMAX,2018-05-06T00:00:00,GHCND:USW00024160,217
612,",,W,",TMIN,2018-05-06T00:00:00,GHCND:USW00024160,133
613,",,W,",WDF2,2018-05-06T00:00:00,GHCND:USW00024160,20
614,",,W,",WDF5,2018-05-06T00:00:00,GHCND:USW00024160,20
615,",,W,",WSF2,2018-05-06T00:00:00,GHCND:USW00024160,116
616,",,W,",WSF5,2018-05-06T00:00:00,GHCND:USW00024160,134
617,",,N,",PRCP,2018-05-07T00:00:00,GHCND:US1WAWW0005,33
618,",,N,",PRCP,2018-05-07T00:00:00,GHCND:US1WAWW0014,20
619,",,7,0900",PRCP,2018-05-07T00:00:00,GHCND:USC00355593,13
620,",,7,0900",TMAX,2018-05-07T00:00:00,GHCND:USC00355593,250
621,",,7,0900",TMIN,2018-05-07T00:00:00,GHCND:USC00355593,150
622,",,7,0900",TOBS,2018-05-07T00:00:00,GHCND:USC00355593,172
623,",,7,1700",EVAP,2018-05-07T00:00:00,GHCND:USC00454679,20
624,",,7,",MNPN,2018-05-07T00:00:00,GHCND:USC00454679,139
625,",,7,",MXPN,2018-05-07T00:00:00,GHCND:USC00454679,278
626,",,7,1700",PRCP,2018-05-07T00:00:00,GHCND:USC00454679,20
627,",,7,",SNOW,2018-05-07T00:00:00,GHCND:USC00454679,0
628,",,7,1700",TMAX,2018-05-07T00:00:00,GHCND:USC00454679,239
629,",,7,1700",TMIN,2018-05-07T00:00:00,GHCND:USC00454679,111
630,",,7,1700",TOBS,2018-05-07T00:00:00,GHCND:USC00454679,233
631,",,7,0800",PRCP,2018-05-07T00:00:00,GHCND:USC00455387,25
632,",,H,0400",SNWD,2018-05-07T00:00:00,GHCND:USC00458932,0
633,",,7,",DAPR,2018-05-07T00:00:00,GHCND:USC00459200,2
634,",,7,0800",EVAP,2018-05-07T00:00:00,GHCND:USC00459200,74
635,",,7,",MDPR,2018-05-07T00:00:00,GHCND:USC00459200,23
636,",,7,",MNPN,2018-05-07T00:00:00,GHCND:USC00459200,122
637,",,7,",MXPN,2018-05-07T00:00:00,GHCND:USC00459200,283
638,",,7,0800",TMAX,2018-05-07T00:00:00,GHCND:USC00459200,239
639,",,7,0800",TMIN,2018-05-07T00:00:00,GHCND:USC00459200,78
640,",,7,0800",TOBS,2018-05-07T00:00:00,GHCND:USC00459200,139
641,",,7,",WDMV,2018-05-07T00:00:00,GHCND:USC00459200,56
642,",,W,",AWND,2018-05-07T00:00:00,GHCND:USW00024160,32
643,",,W,",PRCP,2018-05-07T00:00:00,GHCND:USW00024160,18
644,",,W,",SNOW,2018-05-07T00:00:00,GHCND:USW00024160,0
645,",,W,",SNWD,2018-05-07T00:00:00,GHCND:USW00024160,0
646,",,W,",TMAX,2018-05-07T00:00:00,GHCND:USW00024160,256
647,",,W,",TMIN,2018-05-07T00:00:00,GHCND:USW00024160,150
648,",,W,",WDF2,2018-05-07T00:00:00,GHCND:USW00024160,190
649,",,W,",WDF5,2018-05-07T00:00:00,GHCND:USW00024160,210
650,",,W,",WSF2,2018-05-07T00:00:00,GHCND:USW00024160,81
651,",,W,",WSF5,2018-05-07T00:00:00,GHCND:USW00024160,98
652,",,N,",PRCP,2018-05-08T00:00:00,GHCND:US1WAWW0009,0
653,",,N,",SNOW,2018-05-08T00:00:00,GHCND:US1WAWW0009,0
654,",,N,",PRCP,2018-05-08T00:00:00,GHCND:US1WAWW0014,0
655,",,7,0900",PRCP,2018-05-08T00:00:00,GHCND:USC00355593,0
656,",,7,0900",TMAX,2018-05-08T00:00:00,GHCND:USC00355593,283
657,",,7,0900",TMIN,2018-05-08T00:00:00,GHCND:USC00355593,128
658,",,7,0900",TOBS,2018-05-08T00:00:00,GHCND:USC00355593,211
659,",,7,1700",EVAP,2018-05-08T00:00:00,GHCND:USC00454679,61
660,",,7,",MNPN,2018-05-08T00:00:00,GHCND:USC00454679,144
661,",,7,",MXPN,2018-05-08T00:00:00,GHCND:USC00454679,283
662,",,7,1700",PRCP,2018-05-08T00:00:00,GHCND:USC00454679,0
663,",,7,",SNOW,2018-05-08T00:00:00,GHCND:USC00454679,0
664,",,7,1700",TMAX,2018-05-08T00:00:00,GHCND:USC00454679,272
665,",,7,1700",TMIN,2018-05-08T00:00:00,GHCND:USC00454679,111
666,",,7,1700",TOBS,2018-05-08T00:00:00,GHCND:USC00454679,261
667,",,7,0800",PRCP,2018-05-08T00:00:00,GHCND:USC00455387,0
668,",,H,0400",PRCP,2018-05-08T00:00:00,GHCND:USC00458932,0
669,",,H,",SNOW,2018-05-08T00:00:00,GHCND:USC00458932,0
670,",,H,0400",SNWD,2018-05-08T00:00:00,GHCND:USC00458932,0
671,",,7,0800",EVAP,2018-05-08T00:00:00,GHCND:USC00459200,51
672,",,7,",MNPN,2018-05-08T00:00:00,GHCND:USC00459200,161
673,",,7,",MXPN,2018-05-08T00:00:00,GHCND:USC00459200,322
674,"T,,7,0800",PRCP,2018-05-08T00:00:00,GHCND:USC00459200,0
675,",,7,0800",TMAX,2018-05-08T00:00:00,GHCND:USC00459200,261
676,",,7,0800",TMIN,2018-05-08T00:00:00,GHCND:USC00459200,94
677,",,7,0800",TOBS,2018-05-08T00:00:00,GHCND:USC00459200,94
678,",,7,",WDMV,2018-05-08T00:00:00,GHCND:USC00459200,31
679,",,W,",AWND,2018-05-08T00:00:00,GHCND:USW00024160,43
680,",,W,",PRCP,2018-05-08T00:00:00,GHCND:USW00024160,91
681,",,W,",SNOW,2018-05-08T00:00:00,GHCND:USW00024160,0
682,",,W,",SNWD,2018-05-08T00:00:00,GHCND:USW00024160,0
683,",,W,",TMAX,2018-05-08T00:00:00,GHCND:USW00024160,289
684,",,W,",TMIN,2018-05-08T00:00:00,GHCND:USW00024160,133
685,",,W,",WDF2,2018-05-08T00:00:00,GHCND:USW00024160,180
686,",,W,",WDF5,2018-05-08T00:00:00,GHCND:USW00024160,170
687,",,W,",WSF2,2018-05-08T00:00:00,GHCND:USW00024160,157
688,",,W,",WSF5,2018-05-08T00:00:00,GHCND:USW00024160,197
689,",,W,",WT03,2018-05-08T00:00:00,GHCND:USW00024160,1
690,",,N,",PRCP,2018-05-09T00:00:00,GHCND:US1WAWW0005,81
691,",,N,",PRCP,2018-05-09T00:00:00,GHCND:US1WAWW0006,104
692,",,N,",PRCP,2018-05-09T00:00:00,GHCND:US1WAWW0009,213
693,",,N,",PRCP,2018-05-09T00:00:00,GHCND:US1WAWW0014,102
694,",,7,0900",PRCP,2018-05-09T00:00:00,GHCND:USC00355593,71
695,",,7,0900",TMAX,2018-05-09T00:00:00,GHCND:USC00355593,289
696,",,7,0900",TMIN,2018-05-09T00:00:00,GHCND:USC00355593,128
697,",,7,0900",TOBS,2018-05-09T00:00:00,GHCND:USC00355593,150
698,",,7,1700",EVAP,2018-05-09T00:00:00,GHCND:USC00454679,41
699,",,7,",MNPN,2018-05-09T00:00:00,GHCND:USC00454679,156
700,",,7,",MXPN,2018-05-09T00:00:00,GHCND:USC00454679,272
701,",,7,1700",PRCP,2018-05-09T00:00:00,GHCND:USC00454679,53
702,",,7,",SNOW,2018-05-09T00:00:00,GHCND:USC00454679,0
703,",,7,1700",TMAX,2018-05-09T00:00:00,GHCND:USC00454679,261
704,",,7,1700",TMIN,2018-05-09T00:00:00,GHCND:USC00454679,128
705,",,7,1700",TOBS,2018-05-09T00:00:00,GHCND:USC00454679,200
706,",,7,0800",PRCP,2018-05-09T00:00:00,GHCND:USC00455387,114
707,",,H,0400",PRCP,2018-05-09T00:00:00,GHCND:USC00458932,102
708,",,H,",SNOW,2018-05-09T00:00:00,GHCND:USC00458932,0
709,",,H,0400",SNWD,2018-05-09T00:00:00,GHCND:USC00458932,0
710,",,7,0800",EVAP,2018-05-09T00:00:00,GHCND:USC00459200,71
711,",,7,",MNPN,2018-05-09T00:00:00,GHCND:USC00459200,156
712,",,7,",MXPN,2018-05-09T00:00:00,GHCND:USC00459200,300
713,",,7,0800",PRCP,2018-05-09T00:00:00,GHCND:USC00459200,132
714,",,7,0800",TMAX,2018-05-09T00:00:00,GHCND:USC00459200,294
715,",,7,0800",TMIN,2018-05-09T00:00:00,GHCND:USC00459200,83
716,",,7,0800",TOBS,2018-05-09T00:00:00,GHCND:USC00459200,122
717,",,7,",WDMV,2018-05-09T00:00:00,GHCND:USC00459200,80
718,",,W,",AWND,2018-05-09T00:00:00,GHCND:USW00024160,50
719,",,W,",PRCP,2018-05-09T00:00:00,GHCND:USW00024160,3
720,",,W,",SNOW,2018-05-09T00:00:00,GHCND:USW00024160,0
721,",,W,",SNWD,2018-05-09T00:00:00,GHCND:USW00024160,0
722,",,W,",TMAX,2018-05-09T00:00:00,GHCND:USW00024160,211
723,",,W,",TMIN,2018-05-09T00:00:00,GHCND:USW00024160,128
724,",,W,",WDF2,2018-05-09T00:00:00,GHCND:USW00024160,220
725,",,W,",WDF5,2018-05-09T00:00:00,GHCND:USW00024160,230
726,",,W,",WSF2,2018-05-09T00:00:00,GHCND:USW00024160,81
727,",,W,",WSF5,2018-05-09T00:00:00,GHCND:USW00024160,103
728,"T,,N,",PRCP,2018-05-10T00:00:00,GHCND:US1WAWW0005,0
729,"T,,N,",PRCP,2018-05-10T00:00:00,GHCND:US1WAWW0006,0
730,",,N,",PRCP,2018-05-10T00:00:00,GHCND:US1WAWW0009,0
731,",,N,",SNOW,2018-05-10T00:00:00,GHCND:US1WAWW0009,0
732,",,N,",PRCP,2018-05-10T00:00:00,GHCND:US1WAWW0014,3
733,",,7,0900",PRCP,2018-05-10T00:00:00,GHCND:USC00355593,0
734,",,7,0900",TMAX,2018-05-10T00:00:00,GHCND:USC00355593,211
735,",,7,0900",TMIN,2018-05-10T00:00:00,GHCND:USC00355593,122
736,",,7,0900",TOBS,2018-05-10T00:00:00,GHCND:USC00355593,122
737,",,7,1700",EVAP,2018-05-10T00:00:00,GHCND:USC00454679,53
738,",,7,",MNPN,2018-05-10T00:00:00,GHCND:USC00454679,117
739,",,7,",MXPN,2018-05-10T00:00:00,GHCND:USC00454679,228
740,",,7,1700",PRCP,2018-05-10T00:00:00,GHCND:USC00454679,20
741,",,7,",SNOW,2018-05-10T00:00:00,GHCND:USC00454679,0
742,",,7,1700",TMAX,2018-05-10T00:00:00,GHCND:USC00454679,206
743,",,7,1700",TMIN,2018-05-10T00:00:00,GHCND:USC00454679,83
744,",,7,1700",TOBS,2018-05-10T00:00:00,GHCND:USC00454679,117
745,",,7,0800",PRCP,2018-05-10T00:00:00,GHCND:USC00455387,0
746,",,H,0400",PRCP,2018-05-10T00:00:00,GHCND:USC00458932,0
747,",,H,",SNOW,2018-05-10T00:00:00,GHCND:USC00458932,0
748,",,H,0400",SNWD,2018-05-10T00:00:00,GHCND:USC00458932,0
749,",,7,0800",EVAP,2018-05-10T00:00:00,GHCND:USC00459200,38
750,",,7,",MNPN,2018-05-10T00:00:00,GHCND:USC00459200,150
751,",,7,",MXPN,2018-05-10T00:00:00,GHCND:USC00459200,250
752,",,7,0800",PRCP,2018-05-10T00:00:00,GHCND:USC00459200,10
753,",,7,0800",TMAX,2018-05-10T00:00:00,GHCND:USC00459200,211
754,",,7,0800",TMIN,2018-05-10T00:00:00,GHCND:USC00459200,100
755,",,7,0800",TOBS,2018-05-10T00:00:00,GHCND:USC00459200,111
756,",,7,",WDMV,2018-05-10T00:00:00,GHCND:USC00459200,51
757,",,W,",AWND,2018-05-10T00:00:00,GHCND:USW00024160,50
758,",,W,",PRCP,2018-05-10T00:00:00,GHCND:USW00024160,10
759,",,W,",SNOW,2018-05-10T00:00:00,GHCND:USW00024160,0
760,",,W,",SNWD,2018-05-10T00:00:00,GHCND:USW00024160,0
761,",,W,",TMAX,2018-05-10T00:00:00,GHCND:USW00024160,183
762,",,W,",TMIN,2018-05-10T00:00:00,GHCND:USW00024160,106
763,",,W,",WDF2,2018-05-10T00:00:00,GHCND:USW00024160,310
764,",,W,",WDF5,2018-05-10T00:00:00,GHCND:USW00024160,290
765,",,W,",WSF2,2018-05-10T00:00:00,GHCND:USW00024160,98
766,",,W,",WSF5,2018-05-10T00:00:00,GHCND:USW00024160,130
767,",,N,",PRCP,2018-05-11T00:00:00,GHCND:US1WAWW0005,56
768,",,N,",PRCP,2018-05-11T00:00:00,GHCND:US1WAWW0006,71
769,",,N,",PRCP,2018-05-11T00:00:00,GHCND:US1WAWW0009,43
770,",,N,",PRCP,2018-05-11T00:00:00,GHCND:US1WAWW0014,64
771,",,7,0900",PRCP,2018-05-11T00:00:00,GHCND:USC00355593,64
772,",,7,0900",TMAX,2018-05-11T00:00:00,GHCND:USC00355593,194
773,",,7,0900",TMIN,2018-05-11T00:00:00,GHCND:USC00355593,78
774,",,7,0900",TOBS,2018-05-11T00:00:00,GHCND:USC00355593,106
775,",,7,1700",EVAP,2018-05-11T00:00:00,GHCND:USC00454679,30
776,",,7,",MNPN,2018-05-11T00:00:00,GHCND:USC00454679,111
777,",,7,",MXPN,2018-05-11T00:00:00,GHCND:USC00454679,239
778,",,7,1700",PRCP,2018-05-11T00:00:00,GHCND:USC00454679,30
779,",,7,",SNOW,2018-05-11T00:00:00,GHCND:USC00454679,0
780,",,7,1700",TMAX,2018-05-11T00:00:00,GHCND:USC00454679,200
781,",,7,1700",TMIN,2018-05-11T00:00:00,GHCND:USC00454679,78
782,",,7,1700",TOBS,2018-05-11T00:00:00,GHCND:USC00454679,183
783,",,7,0800",PRCP,2018-05-11T00:00:00,GHCND:USC00455387,58
784,",,H,0400",PRCP,2018-05-11T00:00:00,GHCND:USC00458932,51
785,",,H,",SNOW,2018-05-11T00:00:00,GHCND:USC00458932,0
786,",,H,0400",SNWD,2018-05-11T00:00:00,GHCND:USC00458932,0
787,",,7,0800",EVAP,2018-05-11T00:00:00,GHCND:USC00459200,61
788,",,7,",MNPN,2018-05-11T00:00:00,GHCND:USC00459200,139
789,",,7,",MXPN,2018-05-11T00:00:00,GHCND:USC00459200,256
790,",,7,0800",PRCP,2018-05-11T00:00:00,GHCND:USC00459200,25
791,",,7,0800",TMAX,2018-05-11T00:00:00,GHCND:USC00459200,194
792,",,7,0800",TMIN,2018-05-11T00:00:00,GHCND:USC00459200,83
793,",,7,0800",TOBS,2018-05-11T00:00:00,GHCND:USC00459200,83
794,",,7,",WDMV,2018-05-11T00:00:00,GHCND:USC00459200,82
795,",,W,",AWND,2018-05-11T00:00:00,GHCND:USW00024160,30
796,",,W,",PRCP,2018-05-11T00:00:00,GHCND:USW00024160,36
797,",,W,",SNOW,2018-05-11T00:00:00,GHCND:USW00024160,0
798,",,W,",SNWD,2018-05-11T00:00:00,GHCND:USW00024160,0
799,",,W,",TMAX,2018-05-11T00:00:00,GHCND:USW00024160,172
800,",,W,",TMIN,2018-05-11T00:00:00,GHCND:USW00024160,83
801,",,W,",WDF2,2018-05-11T00:00:00,GHCND:USW00024160,190
802,",,W,",WDF5,2018-05-11T00:00:00,GHCND:USW00024160,190
803,",,W,",WSF2,2018-05-11T00:00:00,GHCND:USW00024160,67
804,",,W,",WSF5,2018-05-11T00:00:00,GHCND:USW00024160,85
805,",,W,",WT01,2018-05-11T00:00:00,GHCND:USW00024160,1
806,",,N,",PRCP,2018-05-12T00:00:00,GHCND:US1WAWW0005,3
807,",,N,",PRCP,2018-05-12T00:00:00,GHCND:US1WAWW0009,5
808,",,7,0900",PRCP,2018-05-12T00:00:00,GHCND:USC00355593,0
809,",,7,0900",TMAX,2018-05-12T00:00:00,GHCND:USC00355593,233
810,",,7,0900",TMIN,2018-05-12T00:00:00,GHCND:USC00355593,106
811,",,7,1700",EVAP,2018-05-12T00:00:00,GHCND:USC00454679,64
812,",,7,",MNPN,2018-05-12T00:00:00,GHCND:USC00454679,106
813,",,7,",MXPN,2018-05-12T00:00:00,GHCND:USC00454679,272
814,"T,,7,1700",PRCP,2018-05-12T00:00:00,GHCND:USC00454679,0
815,",,7,",SNOW,2018-05-12T00:00:00,GHCND:USC00454679,0
816,",,7,1700",TMAX,2018-05-12T00:00:00,GHCND:USC00454679,261
817,",,7,1700",TMIN,2018-05-12T00:00:00,GHCND:USC00454679,56
818,",,7,1700",TOBS,2018-05-12T00:00:00,GHCND:USC00454679,256
819,",,7,0800",EVAP,2018-05-12T00:00:00,GHCND:USC00459200,71
820,",,7,",MNPN,2018-05-12T00:00:00,GHCND:USC00459200,128
821,",,7,",MXPN,2018-05-12T00:00:00,GHCND:USC00459200,244
822,",,7,0800",PRCP,2018-05-12T00:00:00,GHCND:USC00459200,33
823,",,7,0800",TMAX,2018-05-12T00:00:00,GHCND:USC00459200,172
824,",,7,0800",TMIN,2018-05-12T00:00:00,GHCND:USC00459200,50
825,",,7,0800",TOBS,2018-05-12T00:00:00,GHCND:USC00459200,56
826,",,7,",WDMV,2018-05-12T00:00:00,GHCND:USC00459200,26
827,",,W,",AWND,2018-05-12T00:00:00,GHCND:USW00024160,25
828,",,W,",PRCP,2018-05-12T00:00:00,GHCND:USW00024160,0
829,",,W,",SNOW,2018-05-12T00:00:00,GHCND:USW00024160,0
830,",,W,",SNWD,2018-05-12T00:00:00,GHCND:USW00024160,0
831,",,W,",TMAX,2018-05-12T00:00:00,GHCND:USW00024160,250
832,",,W,",TMIN,2018-05-12T00:00:00,GHCND:USW00024160,72
833,",,W,",WDF2,2018-05-12T00:00:00,GHCND:USW00024160,360
834,",,W,",WDF5,2018-05-12T00:00:00,GHCND:USW00024160,10
835,",,W,",WSF2,2018-05-12T00:00:00,GHCND:USW00024160,76
836,",,W,",WSF5,2018-05-12T00:00:00,GHCND:USW00024160,98
837,",,N,",PRCP,2018-05-13T00:00:00,GHCND:US1WAWW0009,0
838,",,N,",SNOW,2018-05-13T00:00:00,GHCND:US1WAWW0009,0
839,",,N,",PRCP,2018-05-13T00:00:00,GHCND:US1WAWW0014,0
840,",,7,0900",PRCP,2018-05-13T00:00:00,GHCND:USC00355593,0
841,",,7,0900",TMAX,2018-05-13T00:00:00,GHCND:USC00355593,261
842,",,7,0900",TMIN,2018-05-13T00:00:00,GHCND:USC00355593,128
843,",,7,1700",EVAP,2018-05-13T00:00:00,GHCND:USC00454679,84
844,",,7,",MNPN,2018-05-13T00:00:00,GHCND:USC00454679,128
845,",,7,",MXPN,2018-05-13T00:00:00,GHCND:USC00454679,300
846,",,7,1700",PRCP,2018-05-13T00:00:00,GHCND:USC00454679,0
847,",,7,",SNOW,2018-05-13T00:00:00,GHCND:USC00454679,0
848,",,7,1700",TMAX,2018-05-13T00:00:00,GHCND:USC00454679,289
849,",,7,1700",TMIN,2018-05-13T00:00:00,GHCND:USC00454679,78
850,",,7,1700",TOBS,2018-05-13T00:00:00,GHCND:USC00454679,283
851,",,W,",AWND,2018-05-13T00:00:00,GHCND:USW00024160,34
852,",,W,",PRCP,2018-05-13T00:00:00,GHCND:USW00024160,0
853,",,W,",SNOW,2018-05-13T00:00:00,GHCND:USW00024160,0
854,",,W,",SNWD,2018-05-13T00:00:00,GHCND:USW00024160,0
855,",,W,",TMAX,2018-05-13T00:00:00,GHCND:USW00024160,278
856,",,W,",TMIN,2018-05-13T00:00:00,GHCND:USW00024160,106
857,",,W,",WDF2,2018-05-13T00:00:00,GHCND:USW00024160,40
858,",,W,",WDF5,2018-05-13T00:00:00,GHCND:USW00024160,10
859,",,W,",WSF2,2018-05-13T00:00:00,GHCND:USW00024160,94
860,",,W,",WSF5,2018-05-13T00:00:00,GHCND:USW00024160,121
861,",,N,",PRCP,2018-05-14T00:00:00,GHCND:US1WAWW0009,0
862,",,N,",SNOW,2018-05-14T00:00:00,GHCND:US1WAWW0009,0
863,",,N,",PRCP,2018-05-14T00:00:00,GHCND:US1WAWW0014,0
864,",,7,0900",PRCP,2018-05-14T00:00:00,GHCND:USC00355593,0
865,",,7,0900",TMAX,2018-05-14T00:00:00,GHCND:USC00355593,294
866,",,7,0900",TMIN,2018-05-14T00:00:00,GHCND:USC00355593,156
867,",,7,0900",TOBS,2018-05-14T00:00:00,GHCND:USC00355593,189
868,",,7,1700",EVAP,2018-05-14T00:00:00,GHCND:USC00454679,84
869,",,7,",MNPN,2018-05-14T00:00:00,GHCND:USC00454679,144
870,",,7,",MXPN,2018-05-14T00:00:00,GHCND:USC00454679,317
871,",,7,1700",PRCP,2018-05-14T00:00:00,GHCND:USC00454679,0
872,",,7,",SNOW,2018-05-14T00:00:00,GHCND:USC00454679,0
873,",,7,1700",TMAX,2018-05-14T00:00:00,GHCND:USC00454679,300
874,",,7,1700",TMIN,2018-05-14T00:00:00,GHCND:USC00454679,100
875,",,7,1700",TOBS,2018-05-14T00:00:00,GHCND:USC00454679,289
876,",,7,0800",PRCP,2018-05-14T00:00:00,GHCND:USC00455387,0
877,",,7,",DAPR,2018-05-14T00:00:00,GHCND:USC00459200,2
878,",,7,0800",EVAP,2018-05-14T00:00:00,GHCND:USC00459200,84
879,",,7,",MDPR,2018-05-14T00:00:00,GHCND:USC00459200,0
880,",,7,",MNPN,2018-05-14T00:00:00,GHCND:USC00459200,117
881,",,7,",MXPN,2018-05-14T00:00:00,GHCND:USC00459200,322
882,",,7,0800",TMAX,2018-05-14T00:00:00,GHCND:USC00459200,289
883,",,7,0800",TMIN,2018-05-14T00:00:00,GHCND:USC00459200,44
884,",,7,0800",TOBS,2018-05-14T00:00:00,GHCND:USC00459200,78
885,",,7,",WDMV,2018-05-14T00:00:00,GHCND:USC00459200,77
886,",,W,",AWND,2018-05-14T00:00:00,GHCND:USW00024160,28
887,",,W,",PRCP,2018-05-14T00:00:00,GHCND:USW00024160,0
888,",,W,",SNOW,2018-05-14T00:00:00,GHCND:USW00024160,0
889,",,W,",SNWD,2018-05-14T00:00:00,GHCND:USW00024160,0
890,",,W,",TMAX,2018-05-14T00:00:00,GHCND:USW00024160,311
891,",,W,",TMIN,2018-05-14T00:00:00,GHCND:USW00024160,122
892,",,W,",WDF2,2018-05-14T00:00:00,GHCND:USW00024160,20
893,",,W,",WDF5,2018-05-14T00:00:00,GHCND:USW00024160,10
894,",,W,",WSF2,2018-05-14T00:00:00,GHCND:USW00024160,63
895,",,W,",WSF5,2018-05-14T00:00:00,GHCND:USW00024160,81
896,",,N,",PRCP,2018-05-15T00:00:00,GHCND:US1WAWW0009,0
897,",,N,",SNOW,2018-05-15T00:00:00,GHCND:US1WAWW0009,0
898,",,N,",PRCP,2018-05-15T00:00:00,GHCND:US1WAWW0014,0
899,",,7,0900",PRCP,2018-05-15T00:00:00,GHCND:USC00355593,0
900,",,7,0900",TMAX,2018-05-15T00:00:00,GHCND:USC00355593,306
901,",,7,0900",TMIN,2018-05-15T00:00:00,GHCND:USC00355593,139
902,",,7,0900",TOBS,2018-05-15T00:00:00,GHCND:USC00355593,211
903,",,7,1700",EVAP,2018-05-15T00:00:00,GHCND:USC00454679,79
904,",,7,",MNPN,2018-05-15T00:00:00,GHCND:USC00454679,150
905,",,7,",MXPN,2018-05-15T00:00:00,GHCND:USC00454679,333
906,",,7,1700",PRCP,2018-05-15T00:00:00,GHCND:USC00454679,0
907,",,7,",SNOW,2018-05-15T00:00:00,GHCND:USC00454679,0
908,",,7,1700",TMAX,2018-05-15T00:00:00,GHCND:USC00454679,311
909,",,7,1700",TMIN,2018-05-15T00:00:00,GHCND:USC00454679,100
910,",,7,1700",TOBS,2018-05-15T00:00:00,GHCND:USC00454679,306
911,",,7,0800",PRCP,2018-05-15T00:00:00,GHCND:USC00455387,0
912,",,H,0400",PRCP,2018-05-15T00:00:00,GHCND:USC00458932,0
913,",,H,",SNOW,2018-05-15T00:00:00,GHCND:USC00458932,0
914,",,H,0400",SNWD,2018-05-15T00:00:00,GHCND:USC00458932,0
915,",,7,0800",EVAP,2018-05-15T00:00:00,GHCND:USC00459200,30
916,",,7,",MNPN,2018-05-15T00:00:00,GHCND:USC00459200,139
917,",,7,",MXPN,2018-05-15T00:00:00,GHCND:USC00459200,339
918,",,7,0800",PRCP,2018-05-15T00:00:00,GHCND:USC00459200,0
919,",,7,0800",TMAX,2018-05-15T00:00:00,GHCND:USC00459200,311
920,",,7,0800",TMIN,2018-05-15T00:00:00,GHCND:USC00459200,78
921,",,7,0800",TOBS,2018-05-15T00:00:00,GHCND:USC00459200,89
922,",,7,",WDMV,2018-05-15T00:00:00,GHCND:USC00459200,39
923,",,W,",AWND,2018-05-15T00:00:00,GHCND:USW00024160,19
924,",,W,",PRCP,2018-05-15T00:00:00,GHCND:USW00024160,0
925,",,W,",SNOW,2018-05-15T00:00:00,GHCND:USW00024160,0
926,",,W,",SNWD,2018-05-15T00:00:00,GHCND:USW00024160,0
927,",,W,",TMAX,2018-05-15T00:00:00,GHCND:USW00024160,311
928,",,W,",TMIN,2018-05-15T00:00:00,GHCND:USW00024160,139
929,",,W,",WDF2,2018-05-15T00:00:00,GHCND:USW00024160,180
930,",,W,",WDF5,2018-05-15T00:00:00,GHCND:USW00024160,170
931,",,W,",WSF2,2018-05-15T00:00:00,GHCND:USW00024160,63
932,",,W,",WSF5,2018-05-15T00:00:00,GHCND:USW00024160,72
933,",,W,",WT08,2018-05-15T00:00:00,GHCND:USW00024160,1
934,"T,,N,",PRCP,2018-05-16T00:00:00,GHCND:US1WAWW0005,0
935,"T,,N,",PRCP,2018-05-16T00:00:00,GHCND:US1WAWW0006,0
936,",,N,",PRCP,2018-05-16T00:00:00,GHCND:US1WAWW0009,0
937,",,N,",SNOW,2018-05-16T00:00:00,GHCND:US1WAWW0009,0
938,",,N,",PRCP,2018-05-16T00:00:00,GHCND:US1WAWW0014,0
939,",,7,0900",PRCP,2018-05-16T00:00:00,GHCND:USC00355593,30
940,",,7,0900",TMAX,2018-05-16T00:00:00,GHCND:USC00355593,317
941,",,7,0900",TMIN,2018-05-16T00:00:00,GHCND:USC00355593,156
942,",,7,0900",TOBS,2018-05-16T00:00:00,GHCND:USC00355593,161
943,",,7,1700",EVAP,2018-05-16T00:00:00,GHCND:USC00454679,79
944,",,7,",MNPN,2018-05-16T00:00:00,GHCND:USC00454679,167
945,",,7,",MXPN,2018-05-16T00:00:00,GHCND:USC00454679,328
946,",,7,1700",PRCP,2018-05-16T00:00:00,GHCND:USC00454679,0
947,",,7,",SNOW,2018-05-16T00:00:00,GHCND:USC00454679,0
948,",,7,1700",TMAX,2018-05-16T00:00:00,GHCND:USC00454679,306
949,",,7,1700",TMIN,2018-05-16T00:00:00,GHCND:USC00454679,144
950,",,7,1700",TOBS,2018-05-16T00:00:00,GHCND:USC00454679,228
951,",,7,0800",PRCP,2018-05-16T00:00:00,GHCND:USC00455387,0
952,",,H,0400",PRCP,2018-05-16T00:00:00,GHCND:USC00458932,0
953,",,H,",SNOW,2018-05-16T00:00:00,GHCND:USC00458932,0
954,",,H,0400",SNWD,2018-05-16T00:00:00,GHCND:USC00458932,0
955,",,7,0800",EVAP,2018-05-16T00:00:00,GHCND:USC00459200,53
956,",,7,",MNPN,2018-05-16T00:00:00,GHCND:USC00459200,144
957,",,7,",MXPN,2018-05-16T00:00:00,GHCND:USC00459200,350
958,",,7,0800",PRCP,2018-05-16T00:00:00,GHCND:USC00459200,0
959,",,7,0800",TMAX,2018-05-16T00:00:00,GHCND:USC00459200,322
960,",,7,0800",TMIN,2018-05-16T00:00:00,GHCND:USC00459200,89
961,",,7,0800",TOBS,2018-05-16T00:00:00,GHCND:USC00459200,183
962,",,7,",WDMV,2018-05-16T00:00:00,GHCND:USC00459200,37
963,",,W,",AWND,2018-05-16T00:00:00,GHCND:USW00024160,34
964,",,W,",PRCP,2018-05-16T00:00:00,GHCND:USW00024160,25
965,",,W,",SNOW,2018-05-16T00:00:00,GHCND:USW00024160,0
966,",,W,",SNWD,2018-05-16T00:00:00,GHCND:USW00024160,0
967,",,W,",TMAX,2018-05-16T00:00:00,GHCND:USW00024160,239
968,",,W,",TMIN,2018-05-16T00:00:00,GHCND:USW00024160,161
969,",,W,",WDF2,2018-05-16T00:00:00,GHCND:USW00024160,220
970,",,W,",WDF5,2018-05-16T00:00:00,GHCND:USW00024160,220
971,",,W,",WSF2,2018-05-16T00:00:00,GHCND:USW00024160,76
972,",,W,",WSF5,2018-05-16T00:00:00,GHCND:USW00024160,98
973,",,W,",WT01,2018-05-16T00:00:00,GHCND:USW00024160,1
974,",,W,",WT08,2018-05-16T00:00:00,GHCND:USW00024160,1
975,",,N,",PRCP,2018-05-17T00:00:00,GHCND:US1WAWW0005,18
976,",,N,",PRCP,2018-05-17T00:00:00,GHCND:US1WAWW0006,25
977,",,N,",PRCP,2018-05-17T00:00:00,GHCND:US1WAWW0009,13
978,",,N,",PRCP,2018-05-17T00:00:00,GHCND:US1WAWW0014,28
979,",,7,0900",PRCP,2018-05-17T00:00:00,GHCND:USC00355593,0
980,",,7,0900",TMAX,2018-05-17T00:00:00,GHCND:USC00355593,233
981,",,7,0900",TMIN,2018-05-17T00:00:00,GHCND:USC00355593,144
982,",,7,0900",TOBS,2018-05-17T00:00:00,GHCND:USC00355593,167
983,",,7,1700",EVAP,2018-05-17T00:00:00,GHCND:USC00454679,71
984,",,7,",MNPN,2018-05-17T00:00:00,GHCND:USC00454679,161
985,",,7,",MXPN,2018-05-17T00:00:00,GHCND:USC00454679,283
986,",,7,1700",PRCP,2018-05-17T00:00:00,GHCND:USC00454679,145
987,",,7,",SNOW,2018-05-17T00:00:00,GHCND:USC00454679,0
988,",,7,1700",TMAX,2018-05-17T00:00:00,GHCND:USC00454679,239
989,",,7,1700",TMIN,2018-05-17T00:00:00,GHCND:USC00454679,133
990,",,7,1700",TOBS,2018-05-17T00:00:00,GHCND:USC00454679,206
991,",,7,0800",PRCP,2018-05-17T00:00:00,GHCND:USC00455387,38
992,",,H,0400",PRCP,2018-05-17T00:00:00,GHCND:USC00458932,33
993,",,H,",SNOW,2018-05-17T00:00:00,GHCND:USC00458932,0
994,",,H,0400",SNWD,2018-05-17T00:00:00,GHCND:USC00458932,0
995,",,7,0800",EVAP,2018-05-17T00:00:00,GHCND:USC00459200,58
996,",,7,",MNPN,2018-05-17T00:00:00,GHCND:USC00459200,144
997,",,7,",MXPN,2018-05-17T00:00:00,GHCND:USC00459200,350
998,",,7,0800",PRCP,2018-05-17T00:00:00,GHCND:USC00459200,15
999,",,7,0800",TMAX,2018-05-17T00:00:00,GHCND:USC00459200,244
0,",,7,0800",TMIN,2018-05-17T00:00:00,GHCND:USC00459200,139
1,",,7,0800",TOBS,2018-05-17T00:00:00,GHCND:USC00459200,144
2,",,7,",WDMV,2018-05-17T00:00:00,GHCND:USC00459200,42
3,",,W,",AWND,2018-05-17T00:00:00,GHCND:USW00024160,41
4,",,W,",PRCP,2018-05-17T00:00:00,GHCND:USW00024160,3
5,",,W,",SNOW,2018-05-17T00:00:00,GHCND:USW00024160,0
6,",,W,",SNWD,2018-05-17T00:00:00,GHCND:USW00024160,0
7,",,W,",TMAX,2018-05-17T00:00:00,GHCND:USW00024160,239
8,",,W,",TMIN,2018-05-17T00:00:00,GHCND:USW00024160,144
9,",,W,",WDF2,2018-05-17T00:00:00,GHCND:USW00024160,180
10,",,W,",WDF5,2018-05-17T00:00:00,GHCND:USW00024160,180
11,",,W,",WSF2,2018-05-17T00:00:00,GHCND:USW00024160,72
12,",,W,",WSF5,2018-05-17T00:00:00,GHCND:USW00024160,94
13,",,N,",PRCP,2018-05-18T00:00:00,GHCND:US1WAWW0009,0
14,",,N,",SNOW,2018-05-18T00:00:00,GHCND:US1WAWW0009,0
15,",,N,",PRCP,2018-05-18T00:00:00,GHCND:US1WAWW0014,3
16,",,7,0900",PRCP,2018-05-18T00:00:00,GHCND:USC00355593,0
17,",,7,0900",TMAX,2018-05-18T00:00:00,GHCND:USC00355593,239
18,",,7,0900",TMIN,2018-05-18T00:00:00,GHCND:USC00355593,128
19,",,7,0900",TOBS,2018-05-18T00:00:00,GHCND:USC00355593,156
20,",,7,1700",EVAP,2018-05-18T00:00:00,GHCND:USC00454679,23
21,",,7,",MNPN,2018-05-18T00:00:00,GHCND:USC00454679,139
22,",,7,",MXPN,2018-05-18T00:00:00,GHCND:USC00454679,250
23,"T,,7,1700",PRCP,2018-05-18T00:00:00,GHCND:USC00454679,0
24,",,7,",SNOW,2018-05-18T00:00:00,GHCND:USC00454679,0
25,",,7,1700",TMAX,2018-05-18T00:00:00,GHCND:USC00454679,211
26,",,7,1700",TMIN,2018-05-18T00:00:00,GHCND:USC00454679,122
27,",,7,1700",TOBS,2018-05-18T00:00:00,GHCND:USC00454679,172
28,",,7,0800",PRCP,2018-05-18T00:00:00,GHCND:USC00455387,0
29,",,H,0400",PRCP,2018-05-18T00:00:00,GHCND:USC00458932,0
30,",,H,",SNOW,2018-05-18T00:00:00,GHCND:USC00458932,0
31,",,H,0400",SNWD,2018-05-18T00:00:00,GHCND:USC00458932,0
32,",,7,0800",EVAP,2018-05-18T00:00:00,GHCND:USC00459200,38
33,",,7,",MNPN,2018-05-18T00:00:00,GHCND:USC00459200,172
34,",,7,",MXPN,2018-05-18T00:00:00,GHCND:USC00459200,256
35,",,7,0800",PRCP,2018-05-18T00:00:00,GHCND:USC00459200,0
36,",,7,0800",TMAX,2018-05-18T00:00:00,GHCND:USC00459200,233
37,",,7,0800",TMIN,2018-05-18T00:00:00,GHCND:USC00459200,117
38,",,7,0800",TOBS,2018-05-18T00:00:00,GHCND:USC00459200,117
39,",,7,",WDMV,2018-05-18T00:00:00,GHCND:USC00459200,48
40,",,W,",AWND,2018-05-18T00:00:00,GHCND:USW00024160,37
41,",,W,",PRCP,2018-05-18T00:00:00,GHCND:USW00024160,0
42,",,W,",SNOW,2018-05-18T00:00:00,GHCND:USW00024160,0
43,",,W,",SNWD,2018-05-18T00:00:00,GHCND:USW00024160,0
44,",,W,",TMAX,2018-05-18T00:00:00,GHCND:USW00024160,222
45,",,W,",TMIN,2018-05-18T00:00:00,GHCND:USW00024160,133
46,",,W,",WDF2,2018-05-18T00:00:00,GHCND:USW00024160,30
47,",,W,",WDF5,2018-05-18T00:00:00,GHCND:USW00024160,30
48,",,W,",WSF2,2018-05-18T00:00:00,GHCND:USW00024160,81
49,",,W,",WSF5,2018-05-18T00:00:00,GHCND:USW00024160,94
50,",,N,",PRCP,2018-05-19T00:00:00,GHCND:US1WAWW0009,0
51,",,N,",SNOW,2018-05-19T00:00:00,GHCND:US1WAWW0009,0
52,",,N,",PRCP,2018-05-19T00:00:00,GHCND:US1WAWW0014,0
53,",,7,0900",PRCP,2018-05-19T00:00:00,GHCND:USC00355593,0
54,",,7,0900",TMAX,2018-05-19T00:00:00,GHCND:USC00355593,228
55,",,7,0900",TMIN,2018-05-19T00:00:00,GHCND:USC00355593,117
56,",,7,1700",EVAP,2018-05-19T00:00:00,GHCND:USC00454679,53
57,",,7,",MNPN,2018-05-19T00:00:00,GHCND:USC00454679,122
58,",,7,",MXPN,2018-05-19T00:00:00,GHCND:USC00454679,300
59,",,7,1700",PRCP,2018-05-19T00:00:00,GHCND:USC00454679,0
60,",,7,",SNOW,2018-05-19T00:00:00,GHCND:USC00454679,0
61,",,7,1700",TMAX,2018-05-19T00:00:00,GHCND:USC00454679,233
62,",,7,1700",TMIN,2018-05-19T00:00:00,GHCND:USC00454679,106
63,",,7,1700",TOBS,2018-05-19T00:00:00,GHCND:USC00454679,233
64,",,7,0800",EVAP,2018-05-19T00:00:00,GHCND:USC00459200,36
65,",,7,",MNPN,2018-05-19T00:00:00,GHCND:USC00459200,167
66,",,7,",MXPN,2018-05-19T00:00:00,GHCND:USC00459200,294
67,",,7,0800",PRCP,2018-05-19T00:00:00,GHCND:USC00459200,0
68,",,7,0800",TMAX,2018-05-19T00:00:00,GHCND:USC00459200,233
69,",,7,0800",TMIN,2018-05-19T00:00:00,GHCND:USC00459200,89
70,",,7,0800",TOBS,2018-05-19T00:00:00,GHCND:USC00459200,94
71,",,7,",WDMV,2018-05-19T00:00:00,GHCND:USC00459200,37
72,",,W,",AWND,2018-05-19T00:00:00,GHCND:USW00024160,22
73,",,W,",PRCP,2018-05-19T00:00:00,GHCND:USW00024160,0
74,",,W,",SNOW,2018-05-19T00:00:00,GHCND:USW00024160,0
75,",,W,",SNWD,2018-05-19T00:00:00,GHCND:USW00024160,0
76,",,W,",TMAX,2018-05-19T00:00:00,GHCND:USW00024160,250
77,",,W,",TMIN,2018-05-19T00:00:00,GHCND:USW00024160,122
78,",,W,",WDF2,2018-05-19T00:00:00,GHCND:USW00024160,180
79,",,W,",WDF5,2018-05-19T00:00:00,GHCND:USW00024160,170
80,",,W,",WSF2,2018-05-19T00:00:00,GHCND:USW00024160,54
81,",,W,",WSF5,2018-05-19T00:00:00,GHCND:USW00024160,63
82,",,N,",PRCP,2018-05-20T00:00:00,GHCND:US1WAWW0005,10
83,",,N,",PRCP,2018-05-20T00:00:00,GHCND:US1WAWW0009,13
84,",,7,0900",PRCP,2018-05-20T00:00:00,GHCND:USC00355593,0
85,",,7,0900",TMAX,2018-05-20T00:00:00,GHCND:USC00355593,244
86,",,7,0900",TMIN,2018-05-20T00:00:00,GHCND:USC00355593,150
87,",,7,1700",EVAP,2018-05-20T00:00:00,GHCND:USC00454679,56
88,",,7,",MNPN,2018-05-20T00:00:00,GHCND:USC00454679,139
89,",,7,",MXPN,2018-05-20T00:00:00,GHCND:USC00454679,294
90,",,7,1700",PRCP,2018-05-20T00:00:00,GHCND:USC00454679,53
91,",,7,",SNOW,2018-05-20T00:00:00,GHCND:USC00454679,0
92,",,7,1700",TMAX,2018-05-20T00:00:00,GHCND:USC00454679,239
93,",,7,1700",TMIN,2018-05-20T00:00:00,GHCND:USC00454679,83
94,",,7,1700",TOBS,2018-05-20T00:00:00,GHCND:USC00454679,167
95,",,W,",AWND,2018-05-20T00:00:00,GHCND:USW00024160,23
96,",,W,",PRCP,2018-05-20T00:00:00,GHCND:USW00024160,10
97,",,W,",SNOW,2018-05-20T00:00:00,GHCND:USW00024160,0
98,",,W,",SNWD,2018-05-20T00:00:00,GHCND:USW00024160,0
99,",,W,",TMAX,2018-05-20T00:00:00,GHCND:USW00024160,228
100,",,W,",TMIN,2018-05-20T00:00:00,GHCND:USW00024160,150
101,",,W,",WDF2,2018-05-20T00:00:00,GHCND:USW00024160,190
102,",,W,",WDF5,2018-05-20T00:00:00,GHCND:USW00024160,180
103,",,W,",WSF2,2018-05-20T00:00:00,GHCND:USW00024160,58
104,",,W,",WSF5,2018-05-20T00:00:00,GHCND:USW00024160,67
105,",,N,",PRCP,2018-05-21T00:00:00,GHCND:US1WAWW0005,25
106,",,N,",PRCP,2018-05-21T00:00:00,GHCND:US1WAWW0009,5
107,",,7,0900",PRCP,2018-05-21T00:00:00,GHCND:USC00355593,43
108,",,7,0900",TMAX,2018-05-21T00:00:00,GHCND:USC00355593,244
109,",,7,0900",TMIN,2018-05-21T00:00:00,GHCND:USC00355593,150
110,",,7,0900",TOBS,2018-05-21T00:00:00,GHCND:USC00355593,183
111,",,7,1700",EVAP,2018-05-21T00:00:00,GHCND:USC00454679,43
112,",,7,",MNPN,2018-05-21T00:00:00,GHCND:USC00454679,156
113,",,7,",MXPN,2018-05-21T00:00:00,GHCND:USC00454679,306
114,",,7,1700",PRCP,2018-05-21T00:00:00,GHCND:USC00454679,5
115,",,7,",SNOW,2018-05-21T00:00:00,GHCND:USC00454679,0
116,",,7,1700",TMAX,2018-05-21T00:00:00,GHCND:USC00454679,261
117,",,7,1700",TMIN,2018-05-21T00:00:00,GHCND:USC00454679,106
118,",,7,1700",TOBS,2018-05-21T00:00:00,GHCND:USC00454679,256
119,"T,,7,0800",PRCP,2018-05-21T00:00:00,GHCND:USC00455387,0
120,",,H,0400",SNWD,2018-05-21T00:00:00,GHCND:USC00458932,0
121,",,7,",DAPR,2018-05-21T00:00:00,GHCND:USC00459200,2
122,",,7,0800",EVAP,2018-05-21T00:00:00,GHCND:USC00459200,97
123,",,7,",MDPR,2018-05-21T00:00:00,GHCND:USC00459200,8
124,",,7,",MNPN,2018-05-21T00:00:00,GHCND:USC00459200,167
125,",,7,",MXPN,2018-05-21T00:00:00,GHCND:USC00459200,322
126,",,7,0800",TMAX,2018-05-21T00:00:00,GHCND:USC00459200,250
127,",,7,0800",TMIN,2018-05-21T00:00:00,GHCND:USC00459200,94
128,",,7,0800",TOBS,2018-05-21T00:00:00,GHCND:USC00459200,150
129,",,7,",WDMV,2018-05-21T00:00:00,GHCND:USC00459200,60
130,",,W,",AWND,2018-05-21T00:00:00,GHCND:USW00024160,32
131,",,W,",PRCP,2018-05-21T00:00:00,GHCND:USW00024160,0
132,",,W,",SNOW,2018-05-21T00:00:00,GHCND:USW00024160,0
133,",,W,",SNWD,2018-05-21T00:00:00,GHCND:USW00024160,0
134,",,W,",TMAX,2018-05-21T00:00:00,GHCND:USW00024160,261
135,",,W,",TMIN,2018-05-21T00:00:00,GHCND:USW00024160,156
136,",,W,",WDF2,2018-05-21T00:00:00,GHCND:USW00024160,210
137,",,W,",WDF5,2018-05-21T00:00:00,GHCND:USW00024160,190
138,",,W,",WSF2,2018-05-21T00:00:00,GHCND:USW00024160,63
139,",,W,",WSF5,2018-05-21T00:00:00,GHCND:USW00024160,76
140,",,N,",PRCP,2018-05-22T00:00:00,GHCND:US1WAWW0009,0
141,",,N,",SNOW,2018-05-22T00:00:00,GHCND:US1WAWW0009,0
142,",,N,",PRCP,2018-05-22T00:00:00,GHCND:US1WAWW0014,0
143,",,7,0900",PRCP,2018-05-22T00:00:00,GHCND:USC00355593,0
144,",,7,0900",TMAX,2018-05-22T00:00:00,GHCND:USC00355593,294
145,",,7,0900",TMIN,2018-05-22T00:00:00,GHCND:USC00355593,144
146,",,7,0900",TOBS,2018-05-22T00:00:00,GHCND:USC00355593,194
147,",,7,1700",EVAP,2018-05-22T00:00:00,GHCND:USC00454679,71
148,",,7,",MNPN,2018-05-22T00:00:00,GHCND:USC00454679,161
149,",,7,",MXPN,2018-05-22T00:00:00,GHCND:USC00454679,317
150,",,7,1700",PRCP,2018-05-22T00:00:00,GHCND:USC00454679,0
151,",,7,",SNOW,2018-05-22T00:00:00,GHCND:USC00454679,0
152,",,7,1700",TMAX,2018-05-22T00:00:00,GHCND:USC00454679,300
153,",,7,1700",TMIN,2018-05-22T00:00:00,GHCND:USC00454679,106
154,",,7,1700",TOBS,2018-05-22T00:00:00,GHCND:USC00454679,283
155,",,7,0800",PRCP,2018-05-22T00:00:00,GHCND:USC00455387,0
156,",,H,0400",PRCP,2018-05-22T00:00:00,GHCND:USC00458932,0
157,",,H,",SNOW,2018-05-22T00:00:00,GHCND:USC00458932,0
158,",,H,0400",SNWD,2018-05-22T00:00:00,GHCND:USC00458932,0
159,",,7,0800",EVAP,2018-05-22T00:00:00,GHCND:USC00459200,56
160,",,7,",MNPN,2018-05-22T00:00:00,GHCND:USC00459200,183
161,",,7,",MXPN,2018-05-22T00:00:00,GHCND:USC00459200,294
162,",,7,0800",PRCP,2018-05-22T00:00:00,GHCND:USC00459200,0
163,",,7,0800",TMAX,2018-05-22T00:00:00,GHCND:USC00459200,267
164,",,7,0800",TMIN,2018-05-22T00:00:00,GHCND:USC00459200,100
165,",,7,0800",TOBS,2018-05-22T00:00:00,GHCND:USC00459200,106
166,",,7,",WDMV,2018-05-22T00:00:00,GHCND:USC00459200,29
167,",,W,",AWND,2018-05-22T00:00:00,GHCND:USW00024160,22
168,",,W,",PRCP,2018-05-22T00:00:00,GHCND:USW00024160,0
169,",,W,",SNOW,2018-05-22T00:00:00,GHCND:USW00024160,0
170,",,W,",TMAX,2018-05-22T00:00:00,GHCND:USW00024160,306
171,",,W,",TMIN,2018-05-22T00:00:00,GHCND:USW00024160,128
172,",,W,",WDF2,2018-05-22T00:00:00,GHCND:USW00024160,40
173,",,W,",WDF5,2018-05-22T00:00:00,GHCND:USW00024160,40
174,",,W,",WSF2,2018-05-22T00:00:00,GHCND:USW00024160,58
175,",,W,",WSF5,2018-05-22T00:00:00,GHCND:USW00024160,76
176,",,N,",PRCP,2018-05-23T00:00:00,GHCND:US1WAWW0009,0
177,",,N,",SNOW,2018-05-23T00:00:00,GHCND:US1WAWW0009,0
178,",,N,",PRCP,2018-05-23T00:00:00,GHCND:US1WAWW0014,0
179,",,7,0900",PRCP,2018-05-23T00:00:00,GHCND:USC00355593,0
180,",,7,0900",TMAX,2018-05-23T00:00:00,GHCND:USC00355593,306
181,",,7,0900",TMIN,2018-05-23T00:00:00,GHCND:USC00355593,172
182,",,7,0900",TOBS,2018-05-23T00:00:00,GHCND:USC00355593,200
183,",,7,1700",EVAP,2018-05-23T00:00:00,GHCND:USC00454679,91
184,",,7,",MNPN,2018-05-23T00:00:00,GHCND:USC00454679,161
185,",,7,",MXPN,2018-05-23T00:00:00,GHCND:USC00454679,333
186,",,7,1700",PRCP,2018-05-23T00:00:00,GHCND:USC00454679,0
187,",,7,",SNOW,2018-05-23T00:00:00,GHCND:USC00454679,0
188,",,7,1700",TMAX,2018-05-23T00:00:00,GHCND:USC00454679,300
189,",,7,1700",TMIN,2018-05-23T00:00:00,GHCND:USC00454679,144
190,",,7,1700",TOBS,2018-05-23T00:00:00,GHCND:USC00454679,300
191,",,7,0800",PRCP,2018-05-23T00:00:00,GHCND:USC00455387,0
192,",,7,0800",EVAP,2018-05-23T00:00:00,GHCND:USC00459200,58
193,",,7,",MNPN,2018-05-23T00:00:00,GHCND:USC00459200,178
194,",,7,",MXPN,2018-05-23T00:00:00,GHCND:USC00459200,344
195,",,7,0800",PRCP,2018-05-23T00:00:00,GHCND:USC00459200,0
196,",,7,0800",TMAX,2018-05-23T00:00:00,GHCND:USC00459200,311
197,",,7,0800",TMIN,2018-05-23T00:00:00,GHCND:USC00459200,100
198,",,7,0800",TOBS,2018-05-23T00:00:00,GHCND:USC00459200,139
199,",,7,",WDMV,2018-05-23T00:00:00,GHCND:USC00459200,35
200,",,W,",AWND,2018-05-23T00:00:00,GHCND:USW00024160,30
201,"T,,W,",PRCP,2018-05-23T00:00:00,GHCND:USW00024160,0
202,",,W,",SNOW,2018-05-23T00:00:00,GHCND:USW00024160,0
203,",,W,",SNWD,2018-05-23T00:00:00,GHCND:USW00024160,0
204,",,W,",TMAX,2018-05-23T00:00:00,GHCND:USW00024160,300
205,",,W,",TMIN,2018-05-23T00:00:00,GHCND:USW00024160,150
206,",,W,",WDF2,2018-05-23T00:00:00,GHCND:USW00024160,190
207,",,W,",WDF5,2018-05-23T00:00:00,GHCND:USW00024160,180
208,",,W,",WSF2,2018-05-23T00:00:00,GHCND:USW00024160,81
209,",,W,",WSF5,2018-05-23T00:00:00,GHCND:USW00024160,112
210,",,W,",WT03,2018-05-23T00:00:00,GHCND:USW00024160,1
211,"T,,N,",PRCP,2018-05-24T00:00:00,GHCND:US1WAWW0009,0
212,",,N,",PRCP,2018-05-24T00:00:00,GHCND:US1WAWW0014,0
213,",,7,0900",PRCP,2018-05-24T00:00:00,GHCND:USC00355593,0
214,",,7,0900",TMAX,2018-05-24T00:00:00,GHCND:USC00355593,306
215,",,7,0900",TMIN,2018-05-24T00:00:00,GHCND:USC00355593,200
216,",,7,0900",TOBS,2018-05-24T00:00:00,GHCND:USC00355593,206
217,",,7,1700",EVAP,2018-05-24T00:00:00,GHCND:USC00454679,86
218,",,7,",MNPN,2018-05-24T00:00:00,GHCND:USC00454679,161
219,",,7,",MXPN,2018-05-24T00:00:00,GHCND:USC00454679,328
220,",,7,1700",PRCP,2018-05-24T00:00:00,GHCND:USC00454679,0
221,",,7,",SNOW,2018-05-24T00:00:00,GHCND:USC00454679,0
222,",,7,1700",TMAX,2018-05-24T00:00:00,GHCND:USC00454679,306
223,",,7,1700",TMIN,2018-05-24T00:00:00,GHCND:USC00454679,111
224,",,7,1700",TOBS,2018-05-24T00:00:00,GHCND:USC00454679,278
225,",,7,0800",PRCP,2018-05-24T00:00:00,GHCND:USC00455387,0
226,",,7,0800",EVAP,2018-05-24T00:00:00,GHCND:USC00459200,76
227,",,7,",MNPN,2018-05-24T00:00:00,GHCND:USC00459200,172
228,",,7,",MXPN,2018-05-24T00:00:00,GHCND:USC00459200,356
229,",,7,0800",PRCP,2018-05-24T00:00:00,GHCND:USC00459200,0
230,",,7,0800",TMAX,2018-05-24T00:00:00,GHCND:USC00459200,306
231,",,7,0800",TMIN,2018-05-24T00:00:00,GHCND:USC00459200,122
232,",,7,0800",TOBS,2018-05-24T00:00:00,GHCND:USC00459200,183
233,",,7,",WDMV,2018-05-24T00:00:00,GHCND:USC00459200,37
234,",,W,",AWND,2018-05-24T00:00:00,GHCND:USW00024160,38
235,",,W,",PRCP,2018-05-24T00:00:00,GHCND:USW00024160,0
236,",,W,",SNOW,2018-05-24T00:00:00,GHCND:USW00024160,0
237,",,W,",SNWD,2018-05-24T00:00:00,GHCND:USW00024160,0
238,",,W,",TMAX,2018-05-24T00:00:00,GHCND:USW00024160,294
239,",,W,",TMIN,2018-05-24T00:00:00,GHCND:USW00024160,189
240,",,W,",WDF2,2018-05-24T00:00:00,GHCND:USW00024160,230
241,",,W,",WDF5,2018-05-24T00:00:00,GHCND:USW00024160,230
242,",,W,",WSF2,2018-05-24T00:00:00,GHCND:USW00024160,72
243,",,W,",WSF5,2018-05-24T00:00:00,GHCND:USW00024160,85
244,",,N,",PRCP,2018-05-25T00:00:00,GHCND:US1WAWW0009,0
245,",,N,",SNOW,2018-05-25T00:00:00,GHCND:US1WAWW0009,0
246,",,7,0900",PRCP,2018-05-25T00:00:00,GHCND:USC00355593,0
247,",,7,0900",TMAX,2018-05-25T00:00:00,GHCND:USC00355593,306
248,",,7,0900",TMIN,2018-05-25T00:00:00,GHCND:USC00355593,167
249,",,7,0900",TOBS,2018-05-25T00:00:00,GHCND:USC00355593,200
250,",,7,1700",EVAP,2018-05-25T00:00:00,GHCND:USC00454679,91
251,",,7,",MNPN,2018-05-25T00:00:00,GHCND:USC00454679,156
252,",,7,",MXPN,2018-05-25T00:00:00,GHCND:USC00454679,311
253,",,7,1700",PRCP,2018-05-25T00:00:00,GHCND:USC00454679,0
254,",,7,1700",TMAX,2018-05-25T00:00:00,GHCND:USC00454679,283
255,",,7,1700",TMIN,2018-05-25T00:00:00,GHCND:USC00454679,100
256,",,7,1700",TOBS,2018-05-25T00:00:00,GHCND:USC00454679,250
257,",,7,0800",PRCP,2018-05-25T00:00:00,GHCND:USC00455387,0
258,",,H,0400",PRCP,2018-05-25T00:00:00,GHCND:USC00458932,0
259,",,H,",SNOW,2018-05-25T00:00:00,GHCND:USC00458932,0
260,",,H,0400",SNWD,2018-05-25T00:00:00,GHCND:USC00458932,0
261,",,7,0800",EVAP,2018-05-25T00:00:00,GHCND:USC00459200,81
262,",,7,",MNPN,2018-05-25T00:00:00,GHCND:USC00459200,183
263,",,7,",MXPN,2018-05-25T00:00:00,GHCND:USC00459200,356
264,",,7,0800",PRCP,2018-05-25T00:00:00,GHCND:USC00459200,0
265,",,7,0800",TMAX,2018-05-25T00:00:00,GHCND:USC00459200,306
266,",,7,0800",TMIN,2018-05-25T00:00:00,GHCND:USC00459200,122
267,",,7,0800",TOBS,2018-05-25T00:00:00,GHCND:USC00459200,122
268,",,7,",WDMV,2018-05-25T00:00:00,GHCND:USC00459200,53
269,",,W,",AWND,2018-05-25T00:00:00,GHCND:USW00024160,33
270,"T,,W,",PRCP,2018-05-25T00:00:00,GHCND:USW00024160,0
271,",,W,",SNOW,2018-05-25T00:00:00,GHCND:USW00024160,0
272,",,W,",SNWD,2018-05-25T00:00:00,GHCND:USW00024160,0
273,",,W,",TMAX,2018-05-25T00:00:00,GHCND:USW00024160,278
274,",,W,",TMIN,2018-05-25T00:00:00,GHCND:USW00024160,172
275,",,W,",WDF2,2018-05-25T00:00:00,GHCND:USW00024160,250
276,",,W,",WDF5,2018-05-25T00:00:00,GHCND:USW00024160,250
277,",,W,",WSF2,2018-05-25T00:00:00,GHCND:USW00024160,103
278,",,W,",WSF5,2018-05-25T00:00:00,GHCND:USW00024160,130
279,",,N,",PRCP,2018-05-26T00:00:00,GHCND:US1WAWW0005,13
280,",,N,",PRCP,2018-05-26T00:00:00,GHCND:US1WAWW0009,0
281,",,N,",SNOW,2018-05-26T00:00:00,GHCND:US1WAWW0009,0
282,",,N,",PRCP,2018-05-26T00:00:00,GHCND:US1WAWW0014,8
283,",,7,0900",PRCP,2018-05-26T00:00:00,GHCND:USC00355593,0
284,",,7,0900",TMAX,2018-05-26T00:00:00,GHCND:USC00355593,272
285,",,7,0900",TMIN,2018-05-26T00:00:00,GHCND:USC00355593,133
286,",,7,1700",EVAP,2018-05-26T00:00:00,GHCND:USC00454679,99
287,",,7,",MNPN,2018-05-26T00:00:00,GHCND:USC00454679,133
288,",,7,",MXPN,2018-05-26T00:00:00,GHCND:USC00454679,278
289,",,7,1700",PRCP,2018-05-26T00:00:00,GHCND:USC00454679,0
290,",,7,",SNOW,2018-05-26T00:00:00,GHCND:USC00454679,0
291,",,7,1700",TMAX,2018-05-26T00:00:00,GHCND:USC00454679,261
292,",,7,1700",TMIN,2018-05-26T00:00:00,GHCND:USC00454679,94
293,",,7,1700",TOBS,2018-05-26T00:00:00,GHCND:USC00454679,233
294,",,7,0800",PRCP,2018-05-26T00:00:00,GHCND:USC00459200,0
295,",,7,0800",TMAX,2018-05-26T00:00:00,GHCND:USC00459200,272
296,",,7,0800",TMIN,2018-05-26T00:00:00,GHCND:USC00459200,117
297,",,7,0800",TOBS,2018-05-26T00:00:00,GHCND:USC00459200,133
298,",,W,",AWND,2018-05-26T00:00:00,GHCND:USW00024160,51
299,"T,,W,",PRCP,2018-05-26T00:00:00,GHCND:USW00024160,0
300,",,W,",SNOW,2018-05-26T00:00:00,GHCND:USW00024160,0
301,",,W,",SNWD,2018-05-26T00:00:00,GHCND:USW00024160,0
302,",,W,",TMAX,2018-05-26T00:00:00,GHCND:USW00024160,228
303,",,W,",TMIN,2018-05-26T00:00:00,GHCND:USW00024160,139
304,",,W,",WDF2,2018-05-26T00:00:00,GHCND:USW00024160,200
305,",,W,",WDF5,2018-05-26T00:00:00,GHCND:USW00024160,200
306,",,W,",WSF2,2018-05-26T00:00:00,GHCND:USW00024160,94
307,",,W,",WSF5,2018-05-26T00:00:00,GHCND:USW00024160,121
308,",,N,",PRCP,2018-05-27T00:00:00,GHCND:US1WAWW0009,0
309,",,N,",SNOW,2018-05-27T00:00:00,GHCND:US1WAWW0009,0
310,",,N,",PRCP,2018-05-27T00:00:00,GHCND:US1WAWW0014,0
311,",,7,0900",PRCP,2018-05-27T00:00:00,GHCND:USC00355593,0
312,",,7,0900",TMAX,2018-05-27T00:00:00,GHCND:USC00355593,244
313,",,7,0900",TMIN,2018-05-27T00:00:00,GHCND:USC00355593,117
314,",,7,1700",EVAP,2018-05-27T00:00:00,GHCND:USC00454679,79
315,",,7,",MNPN,2018-05-27T00:00:00,GHCND:USC00454679,128
316,",,7,",MXPN,2018-05-27T00:00:00,GHCND:USC00454679,306
317,",,7,1700",PRCP,2018-05-27T00:00:00,GHCND:USC00454679,0
318,",,7,",SNOW,2018-05-27T00:00:00,GHCND:USC00454679,0
319,",,7,1700",TMAX,2018-05-27T00:00:00,GHCND:USC00454679,267
320,",,7,1700",TMIN,2018-05-27T00:00:00,GHCND:USC00454679,78
321,",,7,1700",TOBS,2018-05-27T00:00:00,GHCND:USC00454679,261
322,",,7,0800",PRCP,2018-05-27T00:00:00,GHCND:USC00459200,0
323,",,7,0800",TMAX,2018-05-27T00:00:00,GHCND:USC00459200,239
324,",,7,0800",TMIN,2018-05-27T00:00:00,GHCND:USC00459200,78
325,",,7,0800",TOBS,2018-05-27T00:00:00,GHCND:USC00459200,89
326,",,W,",AWND,2018-05-27T00:00:00,GHCND:USW00024160,25
327,",,W,",PRCP,2018-05-27T00:00:00,GHCND:USW00024160,0
328,",,W,",SNOW,2018-05-27T00:00:00,GHCND:USW00024160,0
329,",,W,",SNWD,2018-05-27T00:00:00,GHCND:USW00024160,0
330,",,W,",TMAX,2018-05-27T00:00:00,GHCND:USW00024160,261
331,",,W,",TMIN,2018-05-27T00:00:00,GHCND:USW00024160,111
332,",,W,",WDF2,2018-05-27T00:00:00,GHCND:USW00024160,200
333,",,W,",WDF5,2018-05-27T00:00:00,GHCND:USW00024160,190
334,",,W,",WSF2,2018-05-27T00:00:00,GHCND:USW00024160,63
335,",,W,",WSF5,2018-05-27T00:00:00,GHCND:USW00024160,76
336,",,N,",PRCP,2018-05-28T00:00:00,GHCND:US1WAWW0009,0
337,",,N,",SNOW,2018-05-28T00:00:00,GHCND:US1WAWW0009,0
338,",,N,",PRCP,2018-05-28T00:00:00,GHCND:US1WAWW0014,0
339,",,7,0900",PRCP,2018-05-28T00:00:00,GHCND:USC00355593,0
340,",,7,0900",TMAX,2018-05-28T00:00:00,GHCND:USC00355593,289
341,",,7,0900",TMIN,2018-05-28T00:00:00,GHCND:USC00355593,139
342,",,7,1700",EVAP,2018-05-28T00:00:00,GHCND:USC00454679,86
343,",,7,",MNPN,2018-05-28T00:00:00,GHCND:USC00454679,150
344,",,7,",MXPN,2018-05-28T00:00:00,GHCND:USC00454679,306
345,",,7,1700",PRCP,2018-05-28T00:00:00,GHCND:USC00454679,0
346,",,7,",SNOW,2018-05-28T00:00:00,GHCND:USC00454679,0
347,",,7,1700",TMAX,2018-05-28T00:00:00,GHCND:USC00454679,289
348,",,7,1700",TMIN,2018-05-28T00:00:00,GHCND:USC00454679,94
349,",,7,1700",TOBS,2018-05-28T00:00:00,GHCND:USC00454679,283
350,",,H,0400",SNWD,2018-05-28T00:00:00,GHCND:USC00458932,0
351,",,7,0800",EVAP,2018-05-28T00:00:00,GHCND:USC00459200,69
352,",,7,",MNPN,2018-05-28T00:00:00,GHCND:USC00459200,144
353,",,7,",MXPN,2018-05-28T00:00:00,GHCND:USC00459200,322
354,",,7,0800",PRCP,2018-05-28T00:00:00,GHCND:USC00459200,0
355,",,7,0800",TMAX,2018-05-28T00:00:00,GHCND:USC00459200,261
356,",,7,0800",TMIN,2018-05-28T00:00:00,GHCND:USC00459200,78
357,",,7,0800",TOBS,2018-05-28T00:00:00,GHCND:USC00459200,111
358,",,7,",WDMV,2018-05-28T00:00:00,GHCND:USC00459200,34
359,",,W,",AWND,2018-05-28T00:00:00,GHCND:USW00024160,41
360,",,W,",PRCP,2018-05-28T00:00:00,GHCND:USW00024160,0
361,",,W,",SNOW,2018-05-28T00:00:00,GHCND:USW00024160,0
362,",,W,",SNWD,2018-05-28T00:00:00,GHCND:USW00024160,0
363,",,W,",TMAX,2018-05-28T00:00:00,GHCND:USW00024160,300
364,",,W,",TMIN,2018-05-28T00:00:00,GHCND:USW00024160,144
365,",,W,",WDF2,2018-05-28T00:00:00,GHCND:USW00024160,200
366,",,W,",WDF5,2018-05-28T00:00:00,GHCND:USW00024160,200
367,",,W,",WSF2,2018-05-28T00:00:00,GHCND:USW00024160,81
368,",,W,",WSF5,2018-05-28T00:00:00,GHCND:USW00024160,94
369,",,N,",PRCP,2018-05-29T00:00:00,GHCND:US1WAWW0009,0
370,",,N,",PRCP,2018-05-29T00:00:00,GHCND:US1WAWW0014,0
371,",,7,0900",PRCP,2018-05-29T00:00:00,GHCND:USC00355593,0
372,",,7,0900",TMAX,2018-05-29T00:00:00,GHCND:USC00355593,300
373,",,7,0900",TMIN,2018-05-29T00:00:00,GHCND:USC00355593,117
374,",,7,0900",TOBS,2018-05-29T00:00:00,GHCND:USC00355593,167
375,",,7,1700",EVAP,2018-05-29T00:00:00,GHCND:USC00454679,94
376,",,7,",MNPN,2018-05-29T00:00:00,GHCND:USC00454679,122
377,",,7,",MXPN,2018-05-29T00:00:00,GHCND:USC00454679,300
378,",,7,1700",PRCP,2018-05-29T00:00:00,GHCND:USC00454679,0
379,",,7,",SNOW,2018-05-29T00:00:00,GHCND:USC00454679,0
380,",,7,1700",TMAX,2018-05-29T00:00:00,GHCND:USC00454679,289
381,",,7,1700",TMIN,2018-05-29T00:00:00,GHCND:USC00454679,78
382,",,7,1700",TOBS,2018-05-29T00:00:00,GHCND:USC00454679,211
383,",,7,0800",PRCP,2018-05-29T00:00:00,GHCND:USC00455387,0
384,",,H,0400",PRCP,2018-05-29T00:00:00,GHCND:USC00458932,0
385,",,H,",SNOW,2018-05-29T00:00:00,GHCND:USC00458932,0
386,",,H,0400",SNWD,2018-05-29T00:00:00,GHCND:USC00458932,0
387,",,7,0800",EVAP,2018-05-29T00:00:00,GHCND:USC00459200,76
388,",,7,",MNPN,2018-05-29T00:00:00,GHCND:USC00459200,172
389,",,7,",MXPN,2018-05-29T00:00:00,GHCND:USC00459200,344
390,",,7,0800",PRCP,2018-05-29T00:00:00,GHCND:USC00459200,0
391,",,7,0800",TMAX,2018-05-29T00:00:00,GHCND:USC00459200,300
392,",,7,0800",TMIN,2018-05-29T00:00:00,GHCND:USC00459200,106
393,",,7,0800",TOBS,2018-05-29T00:00:00,GHCND:USC00459200,133
394,",,7,",WDMV,2018-05-29T00:00:00,GHCND:USC00459200,63
395,",,W,",AWND,2018-05-29T00:00:00,GHCND:USW00024160,53
396,",,W,",PRCP,2018-05-29T00:00:00,GHCND:USW00024160,0
397,",,W,",SNOW,2018-05-29T00:00:00,GHCND:USW00024160,0
398,",,W,",SNWD,2018-05-29T00:00:00,GHCND:USW00024160,0
399,",,W,",TMAX,2018-05-29T00:00:00,GHCND:USW00024160,239
400,",,W,",TMIN,2018-05-29T00:00:00,GHCND:USW00024160,122
401,",,W,",WDF2,2018-05-29T00:00:00,GHCND:USW00024160,240
402,",,W,",WDF5,2018-05-29T00:00:00,GHCND:USW00024160,220
403,",,W,",WSF2,2018-05-29T00:00:00,GHCND:USW00024160,89
404,",,W,",WSF5,2018-05-29T00:00:00,GHCND:USW00024160,107
405,",,W,",WT08,2018-05-29T00:00:00,GHCND:USW00024160,1
406,",,N,",PRCP,2018-05-30T00:00:00,GHCND:US1WAWW0009,0
407,",,N,",SNOW,2018-05-30T00:00:00,GHCND:US1WAWW0009,0
408,",,7,0900",PRCP,2018-05-30T00:00:00,GHCND:USC00355593,0
409,",,7,0900",TMAX,2018-05-30T00:00:00,GHCND:USC00355593,250
410,",,7,0900",TMIN,2018-05-30T00:00:00,GHCND:USC00355593,89
411,",,7,0900",TOBS,2018-05-30T00:00:00,GHCND:USC00355593,139
412,",,7,1700",EVAP,2018-05-30T00:00:00,GHCND:USC00454679,71
413,",,7,",MNPN,2018-05-30T00:00:00,GHCND:USC00454679,100
414,",,7,",MXPN,2018-05-30T00:00:00,GHCND:USC00454679,272
415,",,7,1700",PRCP,2018-05-30T00:00:00,GHCND:USC00454679,0
416,",,7,",SNOW,2018-05-30T00:00:00,GHCND:USC00454679,0
417,",,7,1700",TMAX,2018-05-30T00:00:00,GHCND:USC00454679,217
418,",,7,1700",TMIN,2018-05-30T00:00:00,GHCND:USC00454679,39
419,",,7,1700",TOBS,2018-05-30T00:00:00,GHCND:USC00454679,206
420,",,7,0800",PRCP,2018-05-30T00:00:00,GHCND:USC00455387,0
421,",,H,0400",PRCP,2018-05-30T00:00:00,GHCND:USC00458932,0
422,",,H,",SNOW,2018-05-30T00:00:00,GHCND:USC00458932,0
423,",,H,0400",SNWD,2018-05-30T00:00:00,GHCND:USC00458932,0
424,",,7,0800",EVAP,2018-05-30T00:00:00,GHCND:USC00459200,84
425,",,7,",MNPN,2018-05-30T00:00:00,GHCND:USC00459200,144
426,",,7,",MXPN,2018-05-30T00:00:00,GHCND:USC00459200,306
427,",,7,0800",PRCP,2018-05-30T00:00:00,GHCND:USC00459200,0
428,",,7,0800",TMAX,2018-05-30T00:00:00,GHCND:USC00459200,239
429,",,7,0800",TMIN,2018-05-30T00:00:00,GHCND:USC00459200,56
430,",,7,0800",TOBS,2018-05-30T00:00:00,GHCND:USC00459200,56
431,",,7,",WDMV,2018-05-30T00:00:00,GHCND:USC00459200,100
432,",,W,",AWND,2018-05-30T00:00:00,GHCND:USW00024160,30
433,",,W,",PRCP,2018-05-30T00:00:00,GHCND:USW00024160,0
434,",,W,",SNOW,2018-05-30T00:00:00,GHCND:USW00024160,0
435,",,W,",SNWD,2018-05-30T00:00:00,GHCND:USW00024160,0
436,",,W,",TMAX,2018-05-30T00:00:00,GHCND:USW00024160,217
437,",,W,",TMIN,2018-05-30T00:00:00,GHCND:USW00024160,94
438,",,W,",WDF2,2018-05-30T00:00:00,GHCND:USW00024160,210
439,",,W,",WDF5,2018-05-30T00:00:00,GHCND:USW00024160,220
440,",,W,",WSF2,2018-05-30T00:00:00,GHCND:USW00024160,63
441,",,W,",WSF5,2018-05-30T00:00:00,GHCND:USW00024160,81
442,"T,,N,",PRCP,2018-05-31T00:00:00,GHCND:US1WAWW0005,0
443,"T,,N,",PRCP,2018-05-31T00:00:00,GHCND:US1WAWW0006,0
444,"T,,N,",PRCP,2018-05-31T00:00:00,GHCND:US1WAWW0009,0
445,",,7,0900",PRCP,2018-05-31T00:00:00,GHCND:USC00355593,0
446,",,7,0900",TMAX,2018-05-31T00:00:00,GHCND:USC00355593,211
447,",,7,0900",TMIN,2018-05-31T00:00:00,GHCND:USC00355593,122
448,",,7,0900",TOBS,2018-05-31T00:00:00,GHCND:USC00355593,144
449,",,7,1700",EVAP,2018-05-31T00:00:00,GHCND:USC00454679,64
450,",,7,",MNPN,2018-05-31T00:00:00,GHCND:USC00454679,111
451,",,7,",MXPN,2018-05-31T00:00:00,GHCND:USC00454679,267
452,",,7,1700",PRCP,2018-05-31T00:00:00,GHCND:USC00454679,0
453,",,7,",SNOW,2018-05-31T00:00:00,GHCND:USC00454679,0
454,",,7,1700",TMAX,2018-05-31T00:00:00,GHCND:USC00454679,217
455,",,7,1700",TMIN,2018-05-31T00:00:00,GHCND:USC00454679,50
456,",,7,1700",TOBS,2018-05-31T00:00:00,GHCND:USC00454679,178
457,",,7,0800",PRCP,2018-05-31T00:00:00,GHCND:USC00455387,0
458,",,H,0400",PRCP,2018-05-31T00:00:00,GHCND:USC00458932,0
459,",,H,",SNOW,2018-05-31T00:00:00,GHCND:USC00458932,0
460,",,H,0400",SNWD,2018-05-31T00:00:00,GHCND:USC00458932,0
461,",,7,0800",EVAP,2018-05-31T00:00:00,GHCND:USC00459200,64
462,",,7,",MNPN,2018-05-31T00:00:00,GHCND:USC00459200,122
463,",,7,",MXPN,2018-05-31T00:00:00,GHCND:USC00459200,300
464,",,7,0800",PRCP,2018-05-31T00:00:00,GHCND:USC00459200,0
465,",,7,0800",TMAX,2018-05-31T00:00:00,GHCND:USC00459200,217
466,",,7,0800",TMIN,2018-05-31T00:00:00,GHCND:USC00459200,56
467,",,7,0800",TOBS,2018-05-31T00:00:00,GHCND:USC00459200,72
468,",,7,",WDMV,2018-05-31T00:00:00,GHCND:USC00459200,42
469,",,W,",AWND,2018-05-31T00:00:00,GHCND:USW00024160,43
470,",,W,",PRCP,2018-05-31T00:00:00,GHCND:USW00024160,0
471,",,W,",SNOW,2018-05-31T00:00:00,GHCND:USW00024160,0
472,",,W,",SNWD,2018-05-31T00:00:00,GHCND:USW00024160,0
473,",,W,",TMAX,2018-05-31T00:00:00,GHCND:USW00024160,183
474,",,W,",TMIN,2018-05-31T00:00:00,GHCND:USW00024160,106
475,",,W,",WDF2,2018-05-31T00:00:00,GHCND:USW00024160,190
476,",,W,",WDF5,2018-05-31T00:00:00,GHCND:USW00024160,200
477,",,W,",WSF2,2018-05-31T00:00:00,GHCND:USW00024160,89
478,",,W,",WSF5,2018-05-31T00:00:00,GHCND:USW00024160,112
479,"T,,N,",PRCP,2018-06-01T00:00:00,GHCND:US1WAWW0009,0
480,",,7,0900",PRCP,2018-06-01T00:00:00,GHCND:USC00355593,0
481,",,7,0900",TMAX,2018-06-01T00:00:00,GHCND:USC00355593,217
482,",,7,0900",TMIN,2018-06-01T00:00:00,GHCND:USC00355593,111
483,",,7,0900",TOBS,2018-06-01T00:00:00,GHCND:USC00355593,150
484,",,7,1700",EVAP,2018-06-01T00:00:00,GHCND:USC00454679,76
485,",,7,",MNPN,2018-06-01T00:00:00,GHCND:USC00454679,83
486,",,7,",MXPN,2018-06-01T00:00:00,GHCND:USC00454679,239
487,",,7,1700",PRCP,2018-06-01T00:00:00,GHCND:USC00454679,0
488,",,7,",SNOW,2018-06-01T00:00:00,GHCND:USC00454679,0
489,",,7,1700",TMAX,2018-06-01T00:00:00,GHCND:USC00454679,206
490,",,7,1700",TMIN,2018-06-01T00:00:00,GHCND:USC00454679,67
491,",,7,1700",TOBS,2018-06-01T00:00:00,GHCND:USC00454679,200
492,"T,,7,0800",PRCP,2018-06-01T00:00:00,GHCND:USC00455387,0
493,",,7,0800",EVAP,2018-06-01T00:00:00,GHCND:USC00459200,33
494,",,7,",MNPN,2018-06-01T00:00:00,GHCND:USC00459200,83
495,",,7,",MXPN,2018-06-01T00:00:00,GHCND:USC00459200,200
496,"T,,7,0800",PRCP,2018-06-01T00:00:00,GHCND:USC00459200,0
497,",,7,0800",TMAX,2018-06-01T00:00:00,GHCND:USC00459200,183
498,",,7,0800",TMIN,2018-06-01T00:00:00,GHCND:USC00459200,72
499,",,7,0800",TOBS,2018-06-01T00:00:00,GHCND:USC00459200,106
500,",,7,",WDMV,2018-06-01T00:00:00,GHCND:USC00459200,89
501,",,W,",AWND,2018-06-01T00:00:00,GHCND:USW00024160,47
502,",,W,",PRCP,2018-06-01T00:00:00,GHCND:USW00024160,0
503,",,W,",SNOW,2018-06-01T00:00:00,GHCND:USW00024160,0
504,",,W,",SNWD,2018-06-01T00:00:00,GHCND:USW00024160,0
505,",,W,",TMAX,2018-06-01T00:00:00,GHCND:USW00024160,228
506,",,W,",TMIN,2018-06-01T00:00:00,GHCND:USW00024160,111
507,",,W,",WDF2,2018-06-01T00:00:00,GHCND:USW00024160,220
508,",,W,",WDF5,2018-06-01T00:00:00,GHCND:USW00024160,210
509,",,W,",WSF2,2018-06-01T00:00:00,GHCND:USW00024160,94
510,",,W,",WSF5,2018-06-01T00:00:00,GHCND:USW00024160,125
511,",,N,",PRCP,2018-06-02T00:00:00,GHCND:US1WAWW0009,0
512,",,N,",PRCP,2018-06-02T00:00:00,GHCND:US1WAWW0014,0
513,",,7,0900",PRCP,2018-06-02T00:00:00,GHCND:USC00355593,0
514,",,7,0900",TMAX,2018-06-02T00:00:00,GHCND:USC00355593,267
515,",,7,0900",TMIN,2018-06-02T00:00:00,GHCND:USC00355593,106
516,",,7,1700",EVAP,2018-06-02T00:00:00,GHCND:USC00454679,69
517,",,7,",MNPN,2018-06-02T00:00:00,GHCND:USC00454679,89
518,",,7,",MXPN,2018-06-02T00:00:00,GHCND:USC00454679,283
519,",,7,1700",PRCP,2018-06-02T00:00:00,GHCND:USC00454679,0
520,",,7,",SNOW,2018-06-02T00:00:00,GHCND:USC00454679,0
521,",,7,1700",TMAX,2018-06-02T00:00:00,GHCND:USC00454679,278
522,",,7,1700",TMIN,2018-06-02T00:00:00,GHCND:USC00454679,61
523,",,7,1700",TOBS,2018-06-02T00:00:00,GHCND:USC00454679,261
524,"T,,7,0800",PRCP,2018-06-02T00:00:00,GHCND:USC00455387,0
525,",,7,0800",EVAP,2018-06-02T00:00:00,GHCND:USC00459200,58
526,",,7,",MNPN,2018-06-02T00:00:00,GHCND:USC00459200,89
527,",,7,",MXPN,2018-06-02T00:00:00,GHCND:USC00459200,289
528,",,7,0800",PRCP,2018-06-02T00:00:00,GHCND:USC00459200,0
529,",,7,0800",TMAX,2018-06-02T00:00:00,GHCND:USC00459200,233
530,",,7,0800",TMIN,2018-06-02T00:00:00,GHCND:USC00459200,56
531,",,7,0800",TOBS,2018-06-02T00:00:00,GHCND:USC00459200,67
532,",,7,",WDMV,2018-06-02T00:00:00,GHCND:USC00459200,87
533,",,W,",AWND,2018-06-02T00:00:00,GHCND:USW00024160,22
534,",,W,",PRCP,2018-06-02T00:00:00,GHCND:USW00024160,0
535,",,W,",SNOW,2018-06-02T00:00:00,GHCND:USW00024160,0
536,",,W,",SNWD,2018-06-02T00:00:00,GHCND:USW00024160,0
537,",,W,",TMAX,2018-06-02T00:00:00,GHCND:USW00024160,289
538,",,W,",TMIN,2018-06-02T00:00:00,GHCND:USW00024160,89
539,",,W,",WDF2,2018-06-02T00:00:00,GHCND:USW00024160,30
540,",,W,",WDF5,2018-06-02T00:00:00,GHCND:USW00024160,20
541,",,W,",WSF2,2018-06-02T00:00:00,GHCND:USW00024160,54
542,",,W,",WSF5,2018-06-02T00:00:00,GHCND:USW00024160,72
543,",,N,",PRCP,2018-06-03T00:00:00,GHCND:US1WAWW0009,0
544,",,N,",PRCP,2018-06-03T00:00:00,GHCND:US1WAWW0014,0
545,",,7,0900",PRCP,2018-06-03T00:00:00,GHCND:USC00355593,0
546,",,7,0900",TMAX,2018-06-03T00:00:00,GHCND:USC00355593,300
547,",,7,0900",TMIN,2018-06-03T00:00:00,GHCND:USC00355593,161
548,",,7,1700",EVAP,2018-06-03T00:00:00,GHCND:USC00454679,81
549,",,7,",MNPN,2018-06-03T00:00:00,GHCND:USC00454679,128
550,",,7,",MXPN,2018-06-03T00:00:00,GHCND:USC00454679,294
551,",,7,1700",PRCP,2018-06-03T00:00:00,GHCND:USC00454679,0
552,",,7,",SNOW,2018-06-03T00:00:00,GHCND:USC00454679,0
553,",,7,1700",TMAX,2018-06-03T00:00:00,GHCND:USC00454679,300
554,",,7,1700",TMIN,2018-06-03T00:00:00,GHCND:USC00454679,94
555,",,7,1700",TOBS,2018-06-03T00:00:00,GHCND:USC00454679,278
556,",,7,0800",EVAP,2018-06-03T00:00:00,GHCND:USC00459200,38
557,",,7,",MNPN,2018-06-03T00:00:00,GHCND:USC00459200,83
558,",,7,",MXPN,2018-06-03T00:00:00,GHCND:USC00459200,322
559,",,7,0800",PRCP,2018-06-03T00:00:00,GHCND:USC00459200,0
560,",,7,0800",TMAX,2018-06-03T00:00:00,GHCND:USC00459200,294
561,",,7,0800",TMIN,2018-06-03T00:00:00,GHCND:USC00459200,67
562,",,7,0800",TOBS,2018-06-03T00:00:00,GHCND:USC00459200,94
563,",,7,",WDMV,2018-06-03T00:00:00,GHCND:USC00459200,29
564,",,W,",AWND,2018-06-03T00:00:00,GHCND:USW00024160,27
565,",,W,",PRCP,2018-06-03T00:00:00,GHCND:USW00024160,0
566,",,W,",SNOW,2018-06-03T00:00:00,GHCND:USW00024160,0
567,",,W,",SNWD,2018-06-03T00:00:00,GHCND:USW00024160,0
568,",,W,",TMAX,2018-06-03T00:00:00,GHCND:USW00024160,311
569,",,W,",TMIN,2018-06-03T00:00:00,GHCND:USW00024160,139
570,",,W,",WDF2,2018-06-03T00:00:00,GHCND:USW00024160,230
571,",,W,",WDF5,2018-06-03T00:00:00,GHCND:USW00024160,220
572,",,W,",WSF2,2018-06-03T00:00:00,GHCND:USW00024160,72
573,",,W,",WSF5,2018-06-03T00:00:00,GHCND:USW00024160,130
574,",,W,",WT03,2018-06-03T00:00:00,GHCND:USW00024160,1
575,"T,,N,",PRCP,2018-06-04T00:00:00,GHCND:US1WAWW0005,0
576,"T,,N,",PRCP,2018-06-04T00:00:00,GHCND:US1WAWW0009,0
577,",,7,0900",PRCP,2018-06-04T00:00:00,GHCND:USC00355593,0
578,",,7,0900",TMAX,2018-06-04T00:00:00,GHCND:USC00355593,306
579,",,7,0900",TMIN,2018-06-04T00:00:00,GHCND:USC00355593,144
580,",,7,0900",TOBS,2018-06-04T00:00:00,GHCND:USC00355593,167
581,",,7,1700",EVAP,2018-06-04T00:00:00,GHCND:USC00454679,89
582,",,7,",MNPN,2018-06-04T00:00:00,GHCND:USC00454679,122
583,",,7,",MXPN,2018-06-04T00:00:00,GHCND:USC00454679,289
584,",,7,1700",PRCP,2018-06-04T00:00:00,GHCND:USC00454679,0
585,",,7,",SNOW,2018-06-04T00:00:00,GHCND:USC00454679,0
586,",,7,1700",TMAX,2018-06-04T00:00:00,GHCND:USC00454679,278
587,",,7,1700",TMIN,2018-06-04T00:00:00,GHCND:USC00454679,106
588,",,7,1700",TOBS,2018-06-04T00:00:00,GHCND:USC00454679,217
589,",,7,0800",PRCP,2018-06-04T00:00:00,GHCND:USC00455387,0
590,",,H,0400",SNWD,2018-06-04T00:00:00,GHCND:USC00458932,0
591,",,7,0800",EVAP,2018-06-04T00:00:00,GHCND:USC00459200,71
592,",,7,",MNPN,2018-06-04T00:00:00,GHCND:USC00459200,83
593,",,7,",MXPN,2018-06-04T00:00:00,GHCND:USC00459200,333
594,",,7,0800",PRCP,2018-06-04T00:00:00,GHCND:USC00459200,0
595,",,7,0800",TMAX,2018-06-04T00:00:00,GHCND:USC00459200,306
596,",,7,0800",TMIN,2018-06-04T00:00:00,GHCND:USC00459200,89
597,",,7,0800",TOBS,2018-06-04T00:00:00,GHCND:USC00459200,139
598,",,7,",WDMV,2018-06-04T00:00:00,GHCND:USC00459200,42
599,",,W,",AWND,2018-06-04T00:00:00,GHCND:USW00024160,46
600,",,W,",PRCP,2018-06-04T00:00:00,GHCND:USW00024160,0
601,",,W,",SNOW,2018-06-04T00:00:00,GHCND:USW00024160,0
602,",,W,",SNWD,2018-06-04T00:00:00,GHCND:USW00024160,0
603,",,W,",TMAX,2018-06-04T00:00:00,GHCND:USW00024160,233
604,",,W,",TMIN,2018-06-04T00:00:00,GHCND:USW00024160,128
605,",,W,",WDF2,2018-06-04T00:00:00,GHCND:USW00024160,250
606,",,W,",WDF5,2018-06-04T00:00:00,GHCND:USW00024160,230
607,",,W,",WSF2,2018-06-04T00:00:00,GHCND:USW00024160,89
608,",,W,",WSF5,2018-06-04T00:00:00,GHCND:USW00024160,107
609,",,N,",PRCP,2018-06-05T00:00:00,GHCND:US1WAWW0005,0
610,",,N,",PRCP,2018-06-05T00:00:00,GHCND:US1WAWW0009,0
611,",,N,",SNOW,2018-06-05T00:00:00,GHCND:US1WAWW0009,0
612,",,N,",PRCP,2018-06-05T00:00:00,GHCND:US1WAWW0014,0
613,",,7,0900",PRCP,2018-06-05T00:00:00,GHCND:USC00355593,0
614,",,7,0900",TMAX,2018-06-05T00:00:00,GHCND:USC00355593,244
615,",,7,0900",TMIN,2018-06-05T00:00:00,GHCND:USC00355593,100
616,",,7,0900",TOBS,2018-06-05T00:00:00,GHCND:USC00355593,161
617,",,7,1700",EVAP,2018-06-05T00:00:00,GHCND:USC00454679,89
618,",,7,",MNPN,2018-06-05T00:00:00,GHCND:USC00454679,89
619,",,7,",MXPN,2018-06-05T00:00:00,GHCND:USC00454679,244
620,",,7,1700",PRCP,2018-06-05T00:00:00,GHCND:USC00454679,0
621,",,7,",SNOW,2018-06-05T00:00:00,GHCND:USC00454679,0
622,",,7,1700",TMAX,2018-06-05T00:00:00,GHCND:USC00454679,228
623,",,7,1700",TMIN,2018-06-05T00:00:00,GHCND:USC00454679,56
624,",,7,1700",TOBS,2018-06-05T00:00:00,GHCND:USC00454679,222
625,",,7,0800",PRCP,2018-06-05T00:00:00,GHCND:USC00455387,0
626,",,H,0400",PRCP,2018-06-05T00:00:00,GHCND:USC00458932,0
627,",,H,",SNOW,2018-06-05T00:00:00,GHCND:USC00458932,0
628,",,H,0400",SNWD,2018-06-05T00:00:00,GHCND:USC00458932,0
629,",,7,0800",EVAP,2018-06-05T00:00:00,GHCND:USC00459200,71
630,",,7,",MNPN,2018-06-05T00:00:00,GHCND:USC00459200,161
631,",,7,",MXPN,2018-06-05T00:00:00,GHCND:USC00459200,306
632,",,7,0800",PRCP,2018-06-05T00:00:00,GHCND:USC00459200,0
633,",,7,0800",TMAX,2018-06-05T00:00:00,GHCND:USC00459200,239
634,",,7,0800",TMIN,2018-06-05T00:00:00,GHCND:USC00459200,61
635,",,7,0800",TOBS,2018-06-05T00:00:00,GHCND:USC00459200,61
636,",,7,",WDMV,2018-06-05T00:00:00,GHCND:USC00459200,79
637,",,W,",AWND,2018-06-05T00:00:00,GHCND:USW00024160,31
638,",,W,",PRCP,2018-06-05T00:00:00,GHCND:USW00024160,0
639,",,W,",SNOW,2018-06-05T00:00:00,GHCND:USW00024160,0
640,",,W,",SNWD,2018-06-05T00:00:00,GHCND:USW00024160,0
641,",,W,",TMAX,2018-06-05T00:00:00,GHCND:USW00024160,244
642,",,W,",TMIN,2018-06-05T00:00:00,GHCND:USW00024160,100
643,",,W,",WDF2,2018-06-05T00:00:00,GHCND:USW00024160,180
644,",,W,",WDF5,2018-06-05T00:00:00,GHCND:USW00024160,190
645,",,W,",WSF2,2018-06-05T00:00:00,GHCND:USW00024160,72
646,",,W,",WSF5,2018-06-05T00:00:00,GHCND:USW00024160,89
647,",,N,",PRCP,2018-06-06T00:00:00,GHCND:US1WAWW0005,0
648,",,N,",PRCP,2018-06-06T00:00:00,GHCND:US1WAWW0009,0
649,",,N,",SNOW,2018-06-06T00:00:00,GHCND:US1WAWW0009,0
650,",,N,",PRCP,2018-06-06T00:00:00,GHCND:US1WAWW0014,0
651,",,7,0900",PRCP,2018-06-06T00:00:00,GHCND:USC00355593,0
652,",,7,0900",TMAX,2018-06-06T00:00:00,GHCND:USC00355593,250
653,",,7,0900",TMIN,2018-06-06T00:00:00,GHCND:USC00355593,128
654,",,7,0900",TOBS,2018-06-06T00:00:00,GHCND:USC00355593,189
655,",,7,1700",EVAP,2018-06-06T00:00:00,GHCND:USC00454679,64
656,",,7,",MNPN,2018-06-06T00:00:00,GHCND:USC00454679,89
657,",,7,",MXPN,2018-06-06T00:00:00,GHCND:USC00454679,278
658,",,7,1700",PRCP,2018-06-06T00:00:00,GHCND:USC00454679,0
659,",,7,",SNOW,2018-06-06T00:00:00,GHCND:USC00454679,0
660,",,7,1700",TMAX,2018-06-06T00:00:00,GHCND:USC00454679,272
661,",,7,1700",TMIN,2018-06-06T00:00:00,GHCND:USC00454679,56
662,",,7,1700",TOBS,2018-06-06T00:00:00,GHCND:USC00454679,272
663,",,7,0800",PRCP,2018-06-06T00:00:00,GHCND:USC00455387,0
664,",,H,0400",PRCP,2018-06-06T00:00:00,GHCND:USC00458932,0
665,",,H,",SNOW,2018-06-06T00:00:00,GHCND:USC00458932,0
666,",,H,0400",SNWD,2018-06-06T00:00:00,GHCND:USC00458932,0
667,",,7,0800",EVAP,2018-06-06T00:00:00,GHCND:USC00459200,74
668,",,7,",MNPN,2018-06-06T00:00:00,GHCND:USC00459200,150
669,",,7,",MXPN,2018-06-06T00:00:00,GHCND:USC00459200,306
670,",,7,0800",PRCP,2018-06-06T00:00:00,GHCND:USC00459200,0
671,",,7,0800",TMAX,2018-06-06T00:00:00,GHCND:USC00459200,244
672,",,7,0800",TMIN,2018-06-06T00:00:00,GHCND:USC00459200,61
673,",,7,0800",TOBS,2018-06-06T00:00:00,GHCND:USC00459200,72
674,",,7,",WDMV,2018-06-06T00:00:00,GHCND:USC00459200,47
675,",,W,",AWND,2018-06-06T00:00:00,GHCND:USW00024160,23
676,",,W,",PRCP,2018-06-06T00:00:00,GHCND:USW00024160,0
677,",,W,",SNOW,2018-06-06T00:00:00,GHCND:USW00024160,0
678,",,W,",SNWD,2018-06-06T00:00:00,GHCND:USW00024160,0
679,",,W,",TMAX,2018-06-06T00:00:00,GHCND:USW00024160,283
680,",,W,",TMIN,2018-06-06T00:00:00,GHCND:USW00024160,106
681,",,W,",WDF2,2018-06-06T00:00:00,GHCND:USW00024160,340
682,",,W,",WDF5,2018-06-06T00:00:00,GHCND:USW00024160,330
683,",,W,",WSF2,2018-06-06T00:00:00,GHCND:USW00024160,58
684,",,W,",WSF5,2018-06-06T00:00:00,GHCND:USW00024160,76
685,"T,,N,",PRCP,2018-06-07T00:00:00,GHCND:US1WAWW0005,0
686,"T,,N,",PRCP,2018-06-07T00:00:00,GHCND:US1WAWW0006,0
687,",,N,",PRCP,2018-06-07T00:00:00,GHCND:US1WAWW0009,0
688,",,N,",SNOW,2018-06-07T00:00:00,GHCND:US1WAWW0009,0
689,",,N,",PRCP,2018-06-07T00:00:00,GHCND:US1WAWW0014,0
690,",,7,0900",PRCP,2018-06-07T00:00:00,GHCND:USC00355593,0
691,",,7,0900",TMAX,2018-06-07T00:00:00,GHCND:USC00355593,283
692,",,7,0900",TMIN,2018-06-07T00:00:00,GHCND:USC00355593,161
693,",,7,0900",TOBS,2018-06-07T00:00:00,GHCND:USC00355593,183
694,",,7,1700",EVAP,2018-06-07T00:00:00,GHCND:USC00454679,76
695,",,7,",MNPN,2018-06-07T00:00:00,GHCND:USC00454679,128
696,",,7,",MXPN,2018-06-07T00:00:00,GHCND:USC00454679,283
697,",,7,1700",PRCP,2018-06-07T00:00:00,GHCND:USC00454679,0
698,",,7,",SNOW,2018-06-07T00:00:00,GHCND:USC00454679,0
699,",,7,1700",TMAX,2018-06-07T00:00:00,GHCND:USC00454679,283
700,",,7,1700",TMIN,2018-06-07T00:00:00,GHCND:USC00454679,83
701,",,7,1700",TOBS,2018-06-07T00:00:00,GHCND:USC00454679,272
702,",,7,0800",PRCP,2018-06-07T00:00:00,GHCND:USC00455387,0
703,",,7,0800",EVAP,2018-06-07T00:00:00,GHCND:USC00459200,76
704,",,7,",MNPN,2018-06-07T00:00:00,GHCND:USC00459200,156
705,",,7,",MXPN,2018-06-07T00:00:00,GHCND:USC00459200,317
706,",,7,0800",PRCP,2018-06-07T00:00:00,GHCND:USC00459200,0
707,",,7,0800",TMAX,2018-06-07T00:00:00,GHCND:USC00459200,267
708,",,7,0800",TMIN,2018-06-07T00:00:00,GHCND:USC00459200,72
709,",,7,0800",TOBS,2018-06-07T00:00:00,GHCND:USC00459200,117
710,",,7,",WDMV,2018-06-07T00:00:00,GHCND:USC00459200,40
711,",,W,",AWND,2018-06-07T00:00:00,GHCND:USW00024160,33
712,",,W,",PRCP,2018-06-07T00:00:00,GHCND:USW00024160,0
713,",,W,",SNOW,2018-06-07T00:00:00,GHCND:USW00024160,0
714,",,W,",SNWD,2018-06-07T00:00:00,GHCND:USW00024160,0
715,",,W,",TMAX,2018-06-07T00:00:00,GHCND:USW00024160,283
716,",,W,",TMIN,2018-06-07T00:00:00,GHCND:USW00024160,161
717,",,W,",WDF2,2018-06-07T00:00:00,GHCND:USW00024160,230
718,",,W,",WDF5,2018-06-07T00:00:00,GHCND:USW00024160,190
719,",,W,",WSF2,2018-06-07T00:00:00,GHCND:USW00024160,67
720,",,W,",WSF5,2018-06-07T00:00:00,GHCND:USW00024160,85
721,",,N,",PRCP,2018-06-08T00:00:00,GHCND:US1WAWW0009,0
722,",,N,",SNOW,2018-06-08T00:00:00,GHCND:US1WAWW0009,0
723,",,N,",PRCP,2018-06-08T00:00:00,GHCND:US1WAWW0014,0
724,",,7,0900",PRCP,2018-06-08T00:00:00,GHCND:USC00355593,0
725,",,7,0900",TMAX,2018-06-08T00:00:00,GHCND:USC00355593,283
726,",,7,0900",TMIN,2018-06-08T00:00:00,GHCND:USC00355593,128
727,",,7,0900",TOBS,2018-06-08T00:00:00,GHCND:USC00355593,161
728,",,7,1700",EVAP,2018-06-08T00:00:00,GHCND:USC00454679,97
729,",,7,",MNPN,2018-06-08T00:00:00,GHCND:USC00454679,122
730,",,7,",MXPN,2018-06-08T00:00:00,GHCND:USC00454679,283
731,",,7,1700",PRCP,2018-06-08T00:00:00,GHCND:USC00454679,0
732,",,7,",SNOW,2018-06-08T00:00:00,GHCND:USC00454679,0
733,",,7,1700",TMAX,2018-06-08T00:00:00,GHCND:USC00454679,278
734,",,7,1700",TMIN,2018-06-08T00:00:00,GHCND:USC00454679,111
735,",,7,1700",TOBS,2018-06-08T00:00:00,GHCND:USC00454679,267
736,",,7,0800",PRCP,2018-06-08T00:00:00,GHCND:USC00455387,0
737,",,H,0400",PRCP,2018-06-08T00:00:00,GHCND:USC00458932,0
738,",,H,",SNOW,2018-06-08T00:00:00,GHCND:USC00458932,0
739,",,H,0400",SNWD,2018-06-08T00:00:00,GHCND:USC00458932,0
740,",,7,0800",EVAP,2018-06-08T00:00:00,GHCND:USC00459200,61
741,",,7,",MNPN,2018-06-08T00:00:00,GHCND:USC00459200,156
742,",,7,",MXPN,2018-06-08T00:00:00,GHCND:USC00459200,322
743,",,7,0800",PRCP,2018-06-08T00:00:00,GHCND:USC00459200,0
744,",,7,0800",TMAX,2018-06-08T00:00:00,GHCND:USC00459200,272
745,",,7,0800",TMIN,2018-06-08T00:00:00,GHCND:USC00459200,100
746,",,7,0800",TOBS,2018-06-08T00:00:00,GHCND:USC00459200,133
747,",,7,",WDMV,2018-06-08T00:00:00,GHCND:USC00459200,71
748,",,W,",AWND,2018-06-08T00:00:00,GHCND:USW00024160,40
749,",,W,",PRCP,2018-06-08T00:00:00,GHCND:USW00024160,0
750,",,W,",SNOW,2018-06-08T00:00:00,GHCND:USW00024160,0
751,",,W,",SNWD,2018-06-08T00:00:00,GHCND:USW00024160,0
752,",,W,",TMAX,2018-06-08T00:00:00,GHCND:USW00024160,294
753,",,W,",TMIN,2018-06-08T00:00:00,GHCND:USW00024160,133
754,",,W,",WDF2,2018-06-08T00:00:00,GHCND:USW00024160,210
755,",,W,",WDF5,2018-06-08T00:00:00,GHCND:USW00024160,220
756,",,W,",WSF2,2018-06-08T00:00:00,GHCND:USW00024160,98
757,",,W,",WSF5,2018-06-08T00:00:00,GHCND:USW00024160,116
758,",,N,",PRCP,2018-06-09T00:00:00,GHCND:US1WAWW0009,0
759,",,N,",SNOW,2018-06-09T00:00:00,GHCND:US1WAWW0009,0
760,",,7,0900",PRCP,2018-06-09T00:00:00,GHCND:USC00355593,0
761,",,7,0900",TMAX,2018-06-09T00:00:00,GHCND:USC00355593,283
762,",,7,0900",TMIN,2018-06-09T00:00:00,GHCND:USC00355593,117
763,",,7,1700",EVAP,2018-06-09T00:00:00,GHCND:USC00454679,71
764,",,7,",MNPN,2018-06-09T00:00:00,GHCND:USC00454679,128
765,",,7,",MXPN,2018-06-09T00:00:00,GHCND:USC00454679,283
766,",,7,1700",PRCP,2018-06-09T00:00:00,GHCND:USC00454679,10
767,",,7,",SNOW,2018-06-09T00:00:00,GHCND:USC00454679,0
768,",,7,1700",TMAX,2018-06-09T00:00:00,GHCND:USC00454679,272
769,",,7,1700",TMIN,2018-06-09T00:00:00,GHCND:USC00454679,111
770,",,7,1700",TOBS,2018-06-09T00:00:00,GHCND:USC00454679,150
771,",,7,0800",PRCP,2018-06-09T00:00:00,GHCND:USC00455387,41
772,",,7,0800",EVAP,2018-06-09T00:00:00,GHCND:USC00459200,76
773,",,7,",MNPN,2018-06-09T00:00:00,GHCND:USC00459200,150
774,",,7,",MXPN,2018-06-09T00:00:00,GHCND:USC00459200,339
775,",,7,0800",PRCP,2018-06-09T00:00:00,GHCND:USC00459200,0
776,",,7,0800",TMAX,2018-06-09T00:00:00,GHCND:USC00459200,300
777,",,7,0800",TMIN,2018-06-09T00:00:00,GHCND:USC00459200,128
778,",,7,0800",TOBS,2018-06-09T00:00:00,GHCND:USC00459200,133
779,",,7,",WDMV,2018-06-09T00:00:00,GHCND:USC00459200,66
780,",,W,",AWND,2018-06-09T00:00:00,GHCND:USW00024160,50
781,",,W,",PRCP,2018-06-09T00:00:00,GHCND:USW00024160,51
782,",,W,",SNOW,2018-06-09T00:00:00,GHCND:USW00024160,0
783,",,W,",SNWD,2018-06-09T00:00:00,GHCND:USW00024160,0
784,",,W,",TMAX,2018-06-09T00:00:00,GHCND:USW00024160,161
785,",,W,",TMIN,2018-06-09T00:00:00,GHCND:USW00024160,111
786,",,W,",WDF2,2018-06-09T00:00:00,GHCND:USW00024160,200
787,",,W,",WDF5,2018-06-09T00:00:00,GHCND:USW00024160,200
788,",,W,",WSF2,2018-06-09T00:00:00,GHCND:USW00024160,89
789,",,W,",WSF5,2018-06-09T00:00:00,GHCND:USW00024160,112
790,",,W,",WT01,2018-06-09T00:00:00,GHCND:USW00024160,1
791,",,N,",PRCP,2018-06-10T00:00:00,GHCND:US1WAWW0009,30
792,",,N,",PRCP,2018-06-10T00:00:00,GHCND:US1WAWW0014,56
793,",,7,0900",PRCP,2018-06-10T00:00:00,GHCND:USC00355593,0
794,",,7,0900",TMAX,2018-06-10T00:00:00,GHCND:USC00355593,189
795,",,7,0900",TMIN,2018-06-10T00:00:00,GHCND:USC00355593,89
796,",,7,1700",EVAP,2018-06-10T00:00:00,GHCND:USC00454679,61
797,",,7,",MNPN,2018-06-10T00:00:00,GHCND:USC00454679,56
798,",,7,",MXPN,2018-06-10T00:00:00,GHCND:USC00454679,200
799,",,7,1700",PRCP,2018-06-10T00:00:00,GHCND:USC00454679,0
800,",,7,",SNOW,2018-06-10T00:00:00,GHCND:USC00454679,0
801,",,7,1700",TMAX,2018-06-10T00:00:00,GHCND:USC00454679,189
802,",,7,1700",TMIN,2018-06-10T00:00:00,GHCND:USC00454679,61
803,",,7,1700",TOBS,2018-06-10T00:00:00,GHCND:USC00454679,167
804,",,7,0800",PRCP,2018-06-10T00:00:00,GHCND:USC00455387,18
805,",,7,0800",EVAP,2018-06-10T00:00:00,GHCND:USC00459200,43
806,",,7,",MNPN,2018-06-10T00:00:00,GHCND:USC00459200,117
807,",,7,",MXPN,2018-06-10T00:00:00,GHCND:USC00459200,333
808,",,7,0800",PRCP,2018-06-10T00:00:00,GHCND:USC00459200,25
809,",,7,0800",TMAX,2018-06-10T00:00:00,GHCND:USC00459200,167
810,",,7,0800",TMIN,2018-06-10T00:00:00,GHCND:USC00459200,83
811,",,7,0800",TOBS,2018-06-10T00:00:00,GHCND:USC00459200,83
812,",,7,",WDMV,2018-06-10T00:00:00,GHCND:USC00459200,100
813,",,W,",AWND,2018-06-10T00:00:00,GHCND:USW00024160,55
814,",,W,",PRCP,2018-06-10T00:00:00,GHCND:USW00024160,0
815,",,W,",SNOW,2018-06-10T00:00:00,GHCND:USW00024160,0
816,",,W,",SNWD,2018-06-10T00:00:00,GHCND:USW00024160,0
817,",,W,",TMAX,2018-06-10T00:00:00,GHCND:USW00024160,200
818,",,W,",TMIN,2018-06-10T00:00:00,GHCND:USW00024160,89
819,",,W,",WDF2,2018-06-10T00:00:00,GHCND:USW00024160,190
820,",,W,",WDF5,2018-06-10T00:00:00,GHCND:USW00024160,200
821,",,W,",WSF2,2018-06-10T00:00:00,GHCND:USW00024160,98
822,",,W,",WSF5,2018-06-10T00:00:00,GHCND:USW00024160,152
823,",,W,",WT08,2018-06-10T00:00:00,GHCND:USW00024160,1
824,",,N,",PRCP,2018-06-11T00:00:00,GHCND:US1WAWW0009,20
825,",,N,",PRCP,2018-06-11T00:00:00,GHCND:US1WAWW0014,41
826,",,7,0900",PRCP,2018-06-11T00:00:00,GHCND:USC00355593,94
827,",,7,0900",TMAX,2018-06-11T00:00:00,GHCND:USC00355593,206
828,",,7,0900",TMIN,2018-06-11T00:00:00,GHCND:USC00355593,94
829,",,7,0900",TOBS,2018-06-11T00:00:00,GHCND:USC00355593,128
830,",,7,1700",EVAP,2018-06-11T00:00:00,GHCND:USC00454679,74
831,",,7,",MNPN,2018-06-11T00:00:00,GHCND:USC00454679,67
832,",,7,",MXPN,2018-06-11T00:00:00,GHCND:USC00454679,239
833,",,7,1700",PRCP,2018-06-11T00:00:00,GHCND:USC00454679,0
834,",,7,",SNOW,2018-06-11T00:00:00,GHCND:USC00454679,0
835,",,7,1700",TMAX,2018-06-11T00:00:00,GHCND:USC00454679,206
836,",,7,1700",TMIN,2018-06-11T00:00:00,GHCND:USC00454679,33
837,",,7,1700",TOBS,2018-06-11T00:00:00,GHCND:USC00454679,200
838,",,7,0800",PRCP,2018-06-11T00:00:00,GHCND:USC00455387,48
839,",,H,0400",SNWD,2018-06-11T00:00:00,GHCND:USC00458932,0
840,",,7,0800",EVAP,2018-06-11T00:00:00,GHCND:USC00459200,74
841,",,7,",MNPN,2018-06-11T00:00:00,GHCND:USC00459200,111
842,",,7,",MXPN,2018-06-11T00:00:00,GHCND:USC00459200,256
843,",,7,0800",PRCP,2018-06-11T00:00:00,GHCND:USC00459200,36
844,",,7,0800",TMAX,2018-06-11T00:00:00,GHCND:USC00459200,200
845,",,7,0800",TMIN,2018-06-11T00:00:00,GHCND:USC00459200,83
846,",,7,0800",TOBS,2018-06-11T00:00:00,GHCND:USC00459200,94
847,",,7,",WDMV,2018-06-11T00:00:00,GHCND:USC00459200,117
848,",,W,",AWND,2018-06-11T00:00:00,GHCND:USW00024160,41
849,",,W,",PRCP,2018-06-11T00:00:00,GHCND:USW00024160,0
850,",,W,",SNOW,2018-06-11T00:00:00,GHCND:USW00024160,0
851,",,W,",SNWD,2018-06-11T00:00:00,GHCND:USW00024160,0
852,",,W,",TMAX,2018-06-11T00:00:00,GHCND:USW00024160,211
853,",,W,",TMIN,2018-06-11T00:00:00,GHCND:USW00024160,94
854,",,W,",WDF2,2018-06-11T00:00:00,GHCND:USW00024160,200
855,",,W,",WDF5,2018-06-11T00:00:00,GHCND:USW00024160,99
856,",,W,",WSF2,2018-06-11T00:00:00,GHCND:USW00024160,58
857,",,W,",WSF5,2018-06-11T00:00:00,GHCND:USW00024160,89
858,",,N,",PRCP,2018-06-12T00:00:00,GHCND:US1WAWW0009,0
859,",,N,",SNOW,2018-06-12T00:00:00,GHCND:US1WAWW0009,0
860,",,N,",PRCP,2018-06-12T00:00:00,GHCND:US1WAWW0014,0
861,",,7,0900",PRCP,2018-06-12T00:00:00,GHCND:USC00355593,0
862,",,7,0900",TMAX,2018-06-12T00:00:00,GHCND:USC00355593,261
863,",,7,0900",TMIN,2018-06-12T00:00:00,GHCND:USC00355593,83
864,",,7,0900",TOBS,2018-06-12T00:00:00,GHCND:USC00355593,144
865,",,7,1700",EVAP,2018-06-12T00:00:00,GHCND:USC00454679,79
866,",,7,",MNPN,2018-06-12T00:00:00,GHCND:USC00454679,72
867,",,7,",MXPN,2018-06-12T00:00:00,GHCND:USC00454679,256
868,",,7,1700",PRCP,2018-06-12T00:00:00,GHCND:USC00454679,0
869,",,7,",SNOW,2018-06-12T00:00:00,GHCND:USC00454679,0
870,",,7,1700",TMAX,2018-06-12T00:00:00,GHCND:USC00454679,244
871,",,7,1700",TMIN,2018-06-12T00:00:00,GHCND:USC00454679,28
872,",,7,1700",TOBS,2018-06-12T00:00:00,GHCND:USC00454679,233
873,",,7,0800",PRCP,2018-06-12T00:00:00,GHCND:USC00455387,0
874,",,7,0800",EVAP,2018-06-12T00:00:00,GHCND:USC00459200,74
875,",,7,",MNPN,2018-06-12T00:00:00,GHCND:USC00459200,106
876,",,7,",MXPN,2018-06-12T00:00:00,GHCND:USC00459200,300
877,",,7,0800",PRCP,2018-06-12T00:00:00,GHCND:USC00459200,0
878,",,7,0800",TMAX,2018-06-12T00:00:00,GHCND:USC00459200,228
879,",,7,0800",TMIN,2018-06-12T00:00:00,GHCND:USC00459200,28
880,",,7,0800",TOBS,2018-06-12T00:00:00,GHCND:USC00459200,28
881,",,7,",WDMV,2018-06-12T00:00:00,GHCND:USC00459200,58
882,",,W,",AWND,2018-06-12T00:00:00,GHCND:USW00024160,30
883,",,W,",PRCP,2018-06-12T00:00:00,GHCND:USW00024160,0
884,",,W,",SNOW,2018-06-12T00:00:00,GHCND:USW00024160,0
885,",,W,",SNWD,2018-06-12T00:00:00,GHCND:USW00024160,0
886,",,W,",TMAX,2018-06-12T00:00:00,GHCND:USW00024160,272
887,",,W,",TMIN,2018-06-12T00:00:00,GHCND:USW00024160,67
888,",,W,",WDF2,2018-06-12T00:00:00,GHCND:USW00024160,40
889,",,W,",WDF5,2018-06-12T00:00:00,GHCND:USW00024160,40
890,",,W,",WSF2,2018-06-12T00:00:00,GHCND:USW00024160,67
891,",,W,",WSF5,2018-06-12T00:00:00,GHCND:USW00024160,85
892,",,N,",PRCP,2018-06-13T00:00:00,GHCND:US1WAWW0009,0
893,",,N,",SNOW,2018-06-13T00:00:00,GHCND:US1WAWW0009,0
894,",,N,",PRCP,2018-06-13T00:00:00,GHCND:US1WAWW0014,0
895,",,7,0900",PRCP,2018-06-13T00:00:00,GHCND:USC00355593,0
896,",,7,0900",TMAX,2018-06-13T00:00:00,GHCND:USC00355593,267
897,",,7,0900",TMIN,2018-06-13T00:00:00,GHCND:USC00355593,144
898,",,7,0900",TOBS,2018-06-13T00:00:00,GHCND:USC00355593,217
899,",,7,1700",EVAP,2018-06-13T00:00:00,GHCND:USC00454679,99
900,",,7,",MNPN,2018-06-13T00:00:00,GHCND:USC00454679,128
901,",,7,",MXPN,2018-06-13T00:00:00,GHCND:USC00454679,256
902,",,7,1700",PRCP,2018-06-13T00:00:00,GHCND:USC00454679,0
903,",,7,",SNOW,2018-06-13T00:00:00,GHCND:USC00454679,0
904,",,7,1700",TMAX,2018-06-13T00:00:00,GHCND:USC00454679,261
905,",,7,1700",TMIN,2018-06-13T00:00:00,GHCND:USC00454679,106
906,",,7,1700",TOBS,2018-06-13T00:00:00,GHCND:USC00454679,244
907,",,7,0800",PRCP,2018-06-13T00:00:00,GHCND:USC00455387,0
908,",,H,0400",SNWD,2018-06-13T00:00:00,GHCND:USC00458932,0
909,",,7,0800",EVAP,2018-06-13T00:00:00,GHCND:USC00459200,38
910,",,7,",MNPN,2018-06-13T00:00:00,GHCND:USC00459200,106
911,",,7,",MXPN,2018-06-13T00:00:00,GHCND:USC00459200,306
912,",,7,0800",PRCP,2018-06-13T00:00:00,GHCND:USC00459200,0
913,",,7,0800",TMAX,2018-06-13T00:00:00,GHCND:USC00459200,283
914,",,7,0800",TMIN,2018-06-13T00:00:00,GHCND:USC00459200,22
915,",,7,0800",TOBS,2018-06-13T00:00:00,GHCND:USC00459200,106
916,",,7,",WDMV,2018-06-13T00:00:00,GHCND:USC00459200,26
917,",,W,",AWND,2018-06-13T00:00:00,GHCND:USW00024160,50
918,",,W,",PRCP,2018-06-13T00:00:00,GHCND:USW00024160,0
919,",,W,",SNOW,2018-06-13T00:00:00,GHCND:USW00024160,0
920,",,W,",SNWD,2018-06-13T00:00:00,GHCND:USW00024160,0
921,",,W,",TMAX,2018-06-13T00:00:00,GHCND:USW00024160,267
922,",,W,",TMIN,2018-06-13T00:00:00,GHCND:USW00024160,139
923,",,W,",WDF2,2018-06-13T00:00:00,GHCND:USW00024160,220
924,",,W,",WDF5,2018-06-13T00:00:00,GHCND:USW00024160,220
925,",,W,",WSF2,2018-06-13T00:00:00,GHCND:USW00024160,116
926,",,W,",WSF5,2018-06-13T00:00:00,GHCND:USW00024160,157
927,",,N,",PRCP,2018-06-14T00:00:00,GHCND:US1WAWW0009,0
928,",,N,",PRCP,2018-06-14T00:00:00,GHCND:US1WAWW0014,0
929,",,7,0900",PRCP,2018-06-14T00:00:00,GHCND:USC00355593,0
930,",,7,0900",TMAX,2018-06-14T00:00:00,GHCND:USC00355593,267
931,",,7,0900",TMIN,2018-06-14T00:00:00,GHCND:USC00355593,128
932,",,7,0900",TOBS,2018-06-14T00:00:00,GHCND:USC00355593,150
933,",,7,1700",EVAP,2018-06-14T00:00:00,GHCND:USC00454679,81
934,",,7,",MNPN,2018-06-14T00:00:00,GHCND:USC00454679,78
935,",,7,",MXPN,2018-06-14T00:00:00,GHCND:USC00454679,256
936,",,7,1700",PRCP,2018-06-14T00:00:00,GHCND:USC00454679,0
937,",,7,",SNOW,2018-06-14T00:00:00,GHCND:USC00454679,0
938,",,7,1700",TMAX,2018-06-14T00:00:00,GHCND:USC00454679,250
939,",,7,1700",TMIN,2018-06-14T00:00:00,GHCND:USC00454679,61
940,",,7,1700",TOBS,2018-06-14T00:00:00,GHCND:USC00454679,211
941,",,7,0800",PRCP,2018-06-14T00:00:00,GHCND:USC00455387,0
942,",,7,0800",EVAP,2018-06-14T00:00:00,GHCND:USC00459200,76
943,",,7,",MNPN,2018-06-14T00:00:00,GHCND:USC00459200,150
944,",,7,",MXPN,2018-06-14T00:00:00,GHCND:USC00459200,306
945,",,7,0800",PRCP,2018-06-14T00:00:00,GHCND:USC00459200,0
946,",,7,0800",TMAX,2018-06-14T00:00:00,GHCND:USC00459200,261
947,",,7,0800",TMIN,2018-06-14T00:00:00,GHCND:USC00459200,106
948,",,7,0800",TOBS,2018-06-14T00:00:00,GHCND:USC00459200,128
949,",,7,",WDMV,2018-06-14T00:00:00,GHCND:USC00459200,129
950,",,W,",AWND,2018-06-14T00:00:00,GHCND:USW00024160,40
951,",,W,",PRCP,2018-06-14T00:00:00,GHCND:USW00024160,0
952,",,W,",SNOW,2018-06-14T00:00:00,GHCND:USW00024160,0
953,",,W,",SNWD,2018-06-14T00:00:00,GHCND:USW00024160,0
954,",,W,",TMAX,2018-06-14T00:00:00,GHCND:USW00024160,233
955,",,W,",TMIN,2018-06-14T00:00:00,GHCND:USW00024160,111
956,",,W,",WDF2,2018-06-14T00:00:00,GHCND:USW00024160,190
957,",,W,",WDF5,2018-06-14T00:00:00,GHCND:USW00024160,190
958,",,W,",WSF2,2018-06-14T00:00:00,GHCND:USW00024160,81
959,",,W,",WSF5,2018-06-14T00:00:00,GHCND:USW00024160,103
960,",,N,",PRCP,2018-06-15T00:00:00,GHCND:US1WAWW0009,0
961,",,N,",SNOW,2018-06-15T00:00:00,GHCND:US1WAWW0009,0
962,",,N,",PRCP,2018-06-15T00:00:00,GHCND:US1WAWW0014,0
963,",,7,0900",PRCP,2018-06-15T00:00:00,GHCND:USC00355593,0
964,",,7,0900",TMAX,2018-06-15T00:00:00,GHCND:USC00355593,239
965,",,7,0900",TMIN,2018-06-15T00:00:00,GHCND:USC00355593,117
966,",,7,0900",TOBS,2018-06-15T00:00:00,GHCND:USC00355593,167
967,",,7,1700",EVAP,2018-06-15T00:00:00,GHCND:USC00454679,76
968,",,7,",MNPN,2018-06-15T00:00:00,GHCND:USC00454679,100
969,",,7,",MXPN,2018-06-15T00:00:00,GHCND:USC00454679,283
970,",,7,1700",PRCP,2018-06-15T00:00:00,GHCND:USC00454679,0
971,",,7,",SNOW,2018-06-15T00:00:00,GHCND:USC00454679,0
972,",,7,1700",TMAX,2018-06-15T00:00:00,GHCND:USC00454679,261
973,",,7,1700",TMIN,2018-06-15T00:00:00,GHCND:USC00454679,44
974,",,7,1700",TOBS,2018-06-15T00:00:00,GHCND:USC00454679,244
975,",,7,0800",PRCP,2018-06-15T00:00:00,GHCND:USC00455387,0
976,",,7,0800",EVAP,2018-06-15T00:00:00,GHCND:USC00459200,84
977,",,7,",MNPN,2018-06-15T00:00:00,GHCND:USC00459200,161
978,",,7,",MXPN,2018-06-15T00:00:00,GHCND:USC00459200,311
979,",,7,0800",PRCP,2018-06-15T00:00:00,GHCND:USC00459200,0
980,",,7,0800",TMAX,2018-06-15T00:00:00,GHCND:USC00459200,239
981,",,7,0800",TMIN,2018-06-15T00:00:00,GHCND:USC00459200,67
982,",,7,0800",TOBS,2018-06-15T00:00:00,GHCND:USC00459200,67
983,",,7,",WDMV,2018-06-15T00:00:00,GHCND:USC00459200,53
984,",,W,",AWND,2018-06-15T00:00:00,GHCND:USW00024160,33
985,",,W,",PRCP,2018-06-15T00:00:00,GHCND:USW00024160,0
986,",,W,",SNOW,2018-06-15T00:00:00,GHCND:USW00024160,0
987,",,W,",SNWD,2018-06-15T00:00:00,GHCND:USW00024160,0
988,",,W,",TMAX,2018-06-15T00:00:00,GHCND:USW00024160,256
989,",,W,",TMIN,2018-06-15T00:00:00,GHCND:USW00024160,111
990,",,W,",WDF2,2018-06-15T00:00:00,GHCND:USW00024160,160
991,",,W,",WDF5,2018-06-15T00:00:00,GHCND:USW00024160,150
992,",,W,",WSF2,2018-06-15T00:00:00,GHCND:USW00024160,67
993,",,W,",WSF5,2018-06-15T00:00:00,GHCND:USW00024160,81
994,",,N,",PRCP,2018-06-16T00:00:00,GHCND:US1WAWW0009,0
995,",,N,",SNOW,2018-06-16T00:00:00,GHCND:US1WAWW0009,0
996,",,N,",PRCP,2018-06-16T00:00:00,GHCND:US1WAWW0014,0
997,",,7,0900",PRCP,2018-06-16T00:00:00,GHCND:USC00355593,0
998,",,7,0900",TMAX,2018-06-16T00:00:00,GHCND:USC00355593,250
999,",,7,0900",TMIN,2018-06-16T00:00:00,GHCND:USC00355593,117
0,",,7,1700",EVAP,2018-06-16T00:00:00,GHCND:USC00454679,76
1,",,7,",MNPN,2018-06-16T00:00:00,GHCND:USC00454679,117
2,",,7,",MXPN,2018-06-16T00:00:00,GHCND:USC00454679,283
3,"T,,7,1700",PRCP,2018-06-16T00:00:00,GHCND:USC00454679,0
4,",,7,",SNOW,2018-06-16T00:00:00,GHCND:USC00454679,0
5,",,7,1700",TMAX,2018-06-16T00:00:00,GHCND:USC00454679,244
6,",,7,1700",TMIN,2018-06-16T00:00:00,GHCND:USC00454679,94
7,",,7,1700",TOBS,2018-06-16T00:00:00,GHCND:USC00454679,200
8,",,7,0800",PRCP,2018-06-16T00:00:00,GHCND:USC00455387,0
9,",,7,0800",EVAP,2018-06-16T00:00:00,GHCND:USC00459200,76
10,",,7,",MNPN,2018-06-16T00:00:00,GHCND:USC00459200,150
11,",,7,",MXPN,2018-06-16T00:00:00,GHCND:USC00459200,322
12,",,7,0800",PRCP,2018-06-16T00:00:00,GHCND:USC00459200,0
13,",,7,0800",TMAX,2018-06-16T00:00:00,GHCND:USC00459200,256
14,",,7,0800",TMIN,2018-06-16T00:00:00,GHCND:USC00459200,56
15,",,7,0800",TOBS,2018-06-16T00:00:00,GHCND:USC00459200,78
16,",,7,",WDMV,2018-06-16T00:00:00,GHCND:USC00459200,50
17,",,W,",AWND,2018-06-16T00:00:00,GHCND:USW00024160,46
18,",,W,",PRCP,2018-06-16T00:00:00,GHCND:USW00024160,0
19,",,W,",SNOW,2018-06-16T00:00:00,GHCND:USW00024160,0
20,",,W,",SNWD,2018-06-16T00:00:00,GHCND:USW00024160,0
21,",,W,",TMAX,2018-06-16T00:00:00,GHCND:USW00024160,233
22,",,W,",TMIN,2018-06-16T00:00:00,GHCND:USW00024160,128
23,",,W,",WDF2,2018-06-16T00:00:00,GHCND:USW00024160,10
24,",,W,",WDF5,2018-06-16T00:00:00,GHCND:USW00024160,10
25,",,W,",WSF2,2018-06-16T00:00:00,GHCND:USW00024160,98
26,",,W,",WSF5,2018-06-16T00:00:00,GHCND:USW00024160,116
27,"T,,N,",PRCP,2018-06-17T00:00:00,GHCND:US1WAWW0005,0
28,",,N,",PRCP,2018-06-17T00:00:00,GHCND:US1WAWW0009,0
29,",,N,",SNOW,2018-06-17T00:00:00,GHCND:US1WAWW0009,0
30,",,N,",PRCP,2018-06-17T00:00:00,GHCND:US1WAWW0014,0
31,",,7,0900",PRCP,2018-06-17T00:00:00,GHCND:USC00355593,0
32,",,7,0900",TMAX,2018-06-17T00:00:00,GHCND:USC00355593,256
33,",,7,0900",TMIN,2018-06-17T00:00:00,GHCND:USC00355593,122
34,",,7,1700",EVAP,2018-06-17T00:00:00,GHCND:USC00454679,86
35,",,7,",MNPN,2018-06-17T00:00:00,GHCND:USC00454679,117
36,",,7,",MXPN,2018-06-17T00:00:00,GHCND:USC00454679,256
37,",,7,1700",PRCP,2018-06-17T00:00:00,GHCND:USC00454679,10
38,",,7,",SNOW,2018-06-17T00:00:00,GHCND:USC00454679,0
39,",,7,1700",TMAX,2018-06-17T00:00:00,GHCND:USC00454679,272
40,",,7,1700",TMIN,2018-06-17T00:00:00,GHCND:USC00454679,117
41,",,7,1700",TOBS,2018-06-17T00:00:00,GHCND:USC00454679,239
42,",,7,0800",PRCP,2018-06-17T00:00:00,GHCND:USC00455387,0
43,",,7,0800",EVAP,2018-06-17T00:00:00,GHCND:USC00459200,58
44,",,7,",MNPN,2018-06-17T00:00:00,GHCND:USC00459200,144
45,",,7,",MXPN,2018-06-17T00:00:00,GHCND:USC00459200,278
46,"T,,7,0800",PRCP,2018-06-17T00:00:00,GHCND:USC00459200,0
47,",,7,0800",TMAX,2018-06-17T00:00:00,GHCND:USC00459200,233
48,",,7,0800",TMIN,2018-06-17T00:00:00,GHCND:USC00459200,78
49,",,7,0800",TOBS,2018-06-17T00:00:00,GHCND:USC00459200,100
50,",,7,",WDMV,2018-06-17T00:00:00,GHCND:USC00459200,63
51,",,7,",WT03,2018-06-17T00:00:00,GHCND:USC00459200,1
52,",,W,",AWND,2018-06-17T00:00:00,GHCND:USW00024160,34
53,",,W,",PRCP,2018-06-17T00:00:00,GHCND:USW00024160,0
54,",,W,",SNOW,2018-06-17T00:00:00,GHCND:USW00024160,0
55,",,W,",SNWD,2018-06-17T00:00:00,GHCND:USW00024160,0
56,",,W,",TMAX,2018-06-17T00:00:00,GHCND:USW00024160,272
57,",,W,",TMIN,2018-06-17T00:00:00,GHCND:USW00024160,117
58,",,W,",WDF2,2018-06-17T00:00:00,GHCND:USW00024160,20
59,",,W,",WDF5,2018-06-17T00:00:00,GHCND:USW00024160,20
60,",,W,",WSF2,2018-06-17T00:00:00,GHCND:USW00024160,94
61,",,W,",WSF5,2018-06-17T00:00:00,GHCND:USW00024160,116
62,"T,,N,",PRCP,2018-06-18T00:00:00,GHCND:US1WAWW0006,0
63,"T,,N,",PRCP,2018-06-18T00:00:00,GHCND:US1WAWW0009,0
64,"T,,N,",PRCP,2018-06-18T00:00:00,GHCND:US1WAWW0014,0
65,",,7,0900",PRCP,2018-06-18T00:00:00,GHCND:USC00355593,0
66,",,7,0900",TMAX,2018-06-18T00:00:00,GHCND:USC00355593,239
67,",,7,0900",TMIN,2018-06-18T00:00:00,GHCND:USC00355593,167
68,",,7,0900",TOBS,2018-06-18T00:00:00,GHCND:USC00355593,178
69,",,7,1700",EVAP,2018-06-18T00:00:00,GHCND:USC00454679,53
70,",,7,",MNPN,2018-06-18T00:00:00,GHCND:USC00454679,139
71,",,7,",MXPN,2018-06-18T00:00:00,GHCND:USC00454679,239
72,",,7,1700",PRCP,2018-06-18T00:00:00,GHCND:USC00454679,0
73,",,7,",SNOW,2018-06-18T00:00:00,GHCND:USC00454679,0
74,",,7,1700",TMAX,2018-06-18T00:00:00,GHCND:USC00454679,261
75,",,7,1700",TMIN,2018-06-18T00:00:00,GHCND:USC00454679,144
76,",,7,1700",TOBS,2018-06-18T00:00:00,GHCND:USC00454679,222
77,",,7,0800",PRCP,2018-06-18T00:00:00,GHCND:USC00455387,0
78,",,H,0400",SNWD,2018-06-18T00:00:00,GHCND:USC00458932,0
79,",,7,0800",EVAP,2018-06-18T00:00:00,GHCND:USC00459200,41
80,",,7,",MNPN,2018-06-18T00:00:00,GHCND:USC00459200,156
81,",,7,",MXPN,2018-06-18T00:00:00,GHCND:USC00459200,283
82,",,7,0800",PRCP,2018-06-18T00:00:00,GHCND:USC00459200,0
83,",,7,0800",TMAX,2018-06-18T00:00:00,GHCND:USC00459200,267
84,",,7,0800",TMIN,2018-06-18T00:00:00,GHCND:USC00459200,100
85,",,7,0800",TOBS,2018-06-18T00:00:00,GHCND:USC00459200,144
86,",,7,",WDMV,2018-06-18T00:00:00,GHCND:USC00459200,40
87,",,W,",AWND,2018-06-18T00:00:00,GHCND:USW00024160,24
88,",,W,",PRCP,2018-06-18T00:00:00,GHCND:USW00024160,0
89,",,W,",SNOW,2018-06-18T00:00:00,GHCND:USW00024160,0
90,",,W,",SNWD,2018-06-18T00:00:00,GHCND:USW00024160,0
91,",,W,",TMAX,2018-06-18T00:00:00,GHCND:USW00024160,206
92,",,W,",TMIN,2018-06-18T00:00:00,GHCND:USW00024160,150
93,",,W,",WDF2,2018-06-18T00:00:00,GHCND:USW00024160,200
94,",,W,",WDF5,2018-06-18T00:00:00,GHCND:USW00024160,220
95,",,W,",WSF2,2018-06-18T00:00:00,GHCND:USW00024160,45
96,",,W,",WSF5,2018-06-18T00:00:00,GHCND:USW00024160,58
97,",,W,",WT01,2018-06-18T00:00:00,GHCND:USW00024160,1
98,",,W,",WT08,2018-06-18T00:00:00,GHCND:USW00024160,1
99,",,N,",PRCP,2018-06-19T00:00:00,GHCND:US1WAWW0005,36
100,",,N,",PRCP,2018-06-19T00:00:00,GHCND:US1WAWW0006,33
101,",,N,",PRCP,2018-06-19T00:00:00,GHCND:US1WAWW0009,33
102,",,N,",PRCP,2018-06-19T00:00:00,GHCND:US1WAWW0014,33
103,",,7,0900",PRCP,2018-06-19T00:00:00,GHCND:USC00355593,33
104,",,7,0900",TMAX,2018-06-19T00:00:00,GHCND:USC00355593,261
105,",,7,0900",TMIN,2018-06-19T00:00:00,GHCND:USC00355593,150
106,",,7,0900",TOBS,2018-06-19T00:00:00,GHCND:USC00355593,172
107,",,7,1700",EVAP,2018-06-19T00:00:00,GHCND:USC00454679,64
108,",,7,",MNPN,2018-06-19T00:00:00,GHCND:USC00454679,150
109,",,7,",MXPN,2018-06-19T00:00:00,GHCND:USC00454679,311
110,"T,,7,1700",PRCP,2018-06-19T00:00:00,GHCND:USC00454679,0
111,",,7,",SNOW,2018-06-19T00:00:00,GHCND:USC00454679,0
112,",,7,1700",TMAX,2018-06-19T00:00:00,GHCND:USC00454679,289
113,",,7,1700",TMIN,2018-06-19T00:00:00,GHCND:USC00454679,128
114,",,7,1700",TOBS,2018-06-19T00:00:00,GHCND:USC00454679,267
115,",,7,0800",PRCP,2018-06-19T00:00:00,GHCND:USC00455387,36
116,",,H,0400",PRCP,2018-06-19T00:00:00,GHCND:USC00458932,0
117,",,H,",SNOW,2018-06-19T00:00:00,GHCND:USC00458932,0
118,",,H,0400",SNWD,2018-06-19T00:00:00,GHCND:USC00458932,0
119,",,7,0800",EVAP,2018-06-19T00:00:00,GHCND:USC00459200,13
120,",,7,",MNPN,2018-06-19T00:00:00,GHCND:USC00459200,117
121,",,7,",MXPN,2018-06-19T00:00:00,GHCND:USC00459200,183
122,",,7,0800",PRCP,2018-06-19T00:00:00,GHCND:USC00459200,33
123,",,7,0800",TMAX,2018-06-19T00:00:00,GHCND:USC00459200,200
124,",,7,0800",TMIN,2018-06-19T00:00:00,GHCND:USC00459200,122
125,",,7,0800",TOBS,2018-06-19T00:00:00,GHCND:USC00459200,122
126,",,7,",WDMV,2018-06-19T00:00:00,GHCND:USC00459200,14
127,",,W,",AWND,2018-06-19T00:00:00,GHCND:USW00024160,19
128,",,W,",PRCP,2018-06-19T00:00:00,GHCND:USW00024160,0
129,",,W,",SNOW,2018-06-19T00:00:00,GHCND:USW00024160,0
130,",,W,",SNWD,2018-06-19T00:00:00,GHCND:USW00024160,0
131,",,W,",TMAX,2018-06-19T00:00:00,GHCND:USW00024160,283
132,",,W,",TMIN,2018-06-19T00:00:00,GHCND:USW00024160,144
133,",,W,",WDF2,2018-06-19T00:00:00,GHCND:USW00024160,110
134,",,W,",WDF5,2018-06-19T00:00:00,GHCND:USW00024160,40
135,",,W,",WSF2,2018-06-19T00:00:00,GHCND:USW00024160,54
136,",,W,",WSF5,2018-06-19T00:00:00,GHCND:USW00024160,63
137,",,N,",PRCP,2018-06-20T00:00:00,GHCND:US1WAWW0009,0
138,",,N,",PRCP,2018-06-20T00:00:00,GHCND:US1WAWW0014,0
139,",,7,0900",PRCP,2018-06-20T00:00:00,GHCND:USC00355593,0
140,",,7,0900",TMAX,2018-06-20T00:00:00,GHCND:USC00355593,306
141,",,7,0900",TMIN,2018-06-20T00:00:00,GHCND:USC00355593,172
142,",,7,0900",TOBS,2018-06-20T00:00:00,GHCND:USC00355593,233
143,",,7,1700",EVAP,2018-06-20T00:00:00,GHCND:USC00454679,91
144,",,7,",MNPN,2018-06-20T00:00:00,GHCND:USC00454679,161
145,",,7,",MXPN,2018-06-20T00:00:00,GHCND:USC00454679,317
146,",,7,1700",PRCP,2018-06-20T00:00:00,GHCND:USC00454679,0
147,",,7,",SNOW,2018-06-20T00:00:00,GHCND:USC00454679,0
148,",,7,1700",TMAX,2018-06-20T00:00:00,GHCND:USC00454679,306
149,",,7,1700",TMIN,2018-06-20T00:00:00,GHCND:USC00454679,128
150,",,7,1700",TOBS,2018-06-20T00:00:00,GHCND:USC00454679,294
151,",,7,0800",PRCP,2018-06-20T00:00:00,GHCND:USC00455387,0
152,",,H,0400",PRCP,2018-06-20T00:00:00,GHCND:USC00458932,0
153,",,H,",SNOW,2018-06-20T00:00:00,GHCND:USC00458932,0
154,",,H,0400",SNWD,2018-06-20T00:00:00,GHCND:USC00458932,0
155,",,7,0800",EVAP,2018-06-20T00:00:00,GHCND:USC00459200,76
156,",,7,",MNPN,2018-06-20T00:00:00,GHCND:USC00459200,117
157,",,7,",MXPN,2018-06-20T00:00:00,GHCND:USC00459200,206
158,",,7,0800",PRCP,2018-06-20T00:00:00,GHCND:USC00459200,0
159,",,7,0800",TMAX,2018-06-20T00:00:00,GHCND:USC00459200,294
160,",,7,0800",TMIN,2018-06-20T00:00:00,GHCND:USC00459200,122
161,",,7,0800",TOBS,2018-06-20T00:00:00,GHCND:USC00459200,133
162,",,7,",WDMV,2018-06-20T00:00:00,GHCND:USC00459200,29
163,",,W,",AWND,2018-06-20T00:00:00,GHCND:USW00024160,21
164,",,W,",PRCP,2018-06-20T00:00:00,GHCND:USW00024160,0
165,",,W,",SNOW,2018-06-20T00:00:00,GHCND:USW00024160,0
166,",,W,",SNWD,2018-06-20T00:00:00,GHCND:USW00024160,0
167,",,W,",TMAX,2018-06-20T00:00:00,GHCND:USW00024160,322
168,",,W,",TMIN,2018-06-20T00:00:00,GHCND:USW00024160,150
169,",,W,",WDF2,2018-06-20T00:00:00,GHCND:USW00024160,220
170,",,W,",WDF5,2018-06-20T00:00:00,GHCND:USW00024160,220
171,",,W,",WSF2,2018-06-20T00:00:00,GHCND:USW00024160,94
172,",,W,",WSF5,2018-06-20T00:00:00,GHCND:USW00024160,125
173,"T,,N,",PRCP,2018-06-21T00:00:00,GHCND:US1WAWW0005,0
174,"T,,N,",PRCP,2018-06-21T00:00:00,GHCND:US1WAWW0006,0
175,"T,,N,",PRCP,2018-06-21T00:00:00,GHCND:US1WAWW0009,0
176,",,N,",PRCP,2018-06-21T00:00:00,GHCND:US1WAWW0014,3
177,",,7,0900",PRCP,2018-06-21T00:00:00,GHCND:USC00355593,13
178,",,7,0900",TMAX,2018-06-21T00:00:00,GHCND:USC00355593,317
179,",,7,0900",TMIN,2018-06-21T00:00:00,GHCND:USC00355593,183
180,",,7,0900",TOBS,2018-06-21T00:00:00,GHCND:USC00355593,200
181,",,7,1700",EVAP,2018-06-21T00:00:00,GHCND:USC00454679,84
182,",,7,",MNPN,2018-06-21T00:00:00,GHCND:USC00454679,178
183,",,7,",MXPN,2018-06-21T00:00:00,GHCND:USC00454679,306
184,"T,,7,1700",PRCP,2018-06-21T00:00:00,GHCND:USC00454679,0
185,",,7,",SNOW,2018-06-21T00:00:00,GHCND:USC00454679,0
186,",,7,1700",TMAX,2018-06-21T00:00:00,GHCND:USC00454679,306
187,",,7,1700",TMIN,2018-06-21T00:00:00,GHCND:USC00454679,161
188,",,7,1700",TOBS,2018-06-21T00:00:00,GHCND:USC00454679,278
189,",,7,0800",PRCP,2018-06-21T00:00:00,GHCND:USC00455387,25
190,",,H,0400",PRCP,2018-06-21T00:00:00,GHCND:USC00458932,15
191,",,H,",SNOW,2018-06-21T00:00:00,GHCND:USC00458932,0
192,",,H,0400",SNWD,2018-06-21T00:00:00,GHCND:USC00458932,0
193,",,7,0800",EVAP,2018-06-21T00:00:00,GHCND:USC00459200,81
194,",,7,",MNPN,2018-06-21T00:00:00,GHCND:USC00459200,194
195,",,7,",MXPN,2018-06-21T00:00:00,GHCND:USC00459200,367
196,"T,,7,0800",PRCP,2018-06-21T00:00:00,GHCND:USC00459200,0
197,",,7,0800",TMAX,2018-06-21T00:00:00,GHCND:USC00459200,333
198,",,7,0800",TMIN,2018-06-21T00:00:00,GHCND:USC00459200,128
199,",,7,0800",TOBS,2018-06-21T00:00:00,GHCND:USC00459200,211
200,",,7,",WDMV,2018-06-21T00:00:00,GHCND:USC00459200,39
201,",,W,",AWND,2018-06-21T00:00:00,GHCND:USW00024160,43
202,",,W,",PRCP,2018-06-21T00:00:00,GHCND:USW00024160,0
203,",,W,",SNOW,2018-06-21T00:00:00,GHCND:USW00024160,0
204,",,W,",SNWD,2018-06-21T00:00:00,GHCND:USW00024160,0
205,",,W,",TMAX,2018-06-21T00:00:00,GHCND:USW00024160,311
206,",,W,",TMIN,2018-06-21T00:00:00,GHCND:USW00024160,200
207,",,W,",WDF2,2018-06-21T00:00:00,GHCND:USW00024160,200
208,",,W,",WDF5,2018-06-21T00:00:00,GHCND:USW00024160,200
209,",,W,",WSF2,2018-06-21T00:00:00,GHCND:USW00024160,81
210,",,W,",WSF5,2018-06-21T00:00:00,GHCND:USW00024160,103
211,",,W,",WT03,2018-06-21T00:00:00,GHCND:USW00024160,1
212,"T,,N,",PRCP,2018-06-22T00:00:00,GHCND:US1WAWW0005,0
213,",,N,",PRCP,2018-06-22T00:00:00,GHCND:US1WAWW0006,15
214,",,N,",PRCP,2018-06-22T00:00:00,GHCND:US1WAWW0009,23
215,",,N,",PRCP,2018-06-22T00:00:00,GHCND:US1WAWW0014,51
216,",,7,0900",PRCP,2018-06-22T00:00:00,GHCND:USC00355593,0
217,",,7,0900",TMAX,2018-06-22T00:00:00,GHCND:USC00355593,306
218,",,7,0900",TMIN,2018-06-22T00:00:00,GHCND:USC00355593,167
219,",,7,0900",TOBS,2018-06-22T00:00:00,GHCND:USC00355593,217
220,",,7,1700",EVAP,2018-06-22T00:00:00,GHCND:USC00454679,102
221,",,7,",MNPN,2018-06-22T00:00:00,GHCND:USC00454679,144
222,",,7,",MXPN,2018-06-22T00:00:00,GHCND:USC00454679,289
223,",,7,1700",PRCP,2018-06-22T00:00:00,GHCND:USC00454679,0
224,",,7,",SNOW,2018-06-22T00:00:00,GHCND:USC00454679,0
225,",,7,1700",TMAX,2018-06-22T00:00:00,GHCND:USC00454679,283
226,",,7,1700",TMIN,2018-06-22T00:00:00,GHCND:USC00454679,117
227,",,7,1700",TOBS,2018-06-22T00:00:00,GHCND:USC00454679,267
228,",,7,0800",PRCP,2018-06-22T00:00:00,GHCND:USC00455387,0
229,",,H,0400",PRCP,2018-06-22T00:00:00,GHCND:USC00458932,5
230,",,H,",SNOW,2018-06-22T00:00:00,GHCND:USC00458932,0
231,",,H,0400",SNWD,2018-06-22T00:00:00,GHCND:USC00458932,0
232,",,7,0800",EVAP,2018-06-22T00:00:00,GHCND:USC00459200,69
233,",,7,",MNPN,2018-06-22T00:00:00,GHCND:USC00459200,194
234,",,7,",MXPN,2018-06-22T00:00:00,GHCND:USC00459200,367
235,",,7,0800",PRCP,2018-06-22T00:00:00,GHCND:USC00459200,25
236,",,7,0800",TMAX,2018-06-22T00:00:00,GHCND:USC00459200,306
237,",,7,0800",TMIN,2018-06-22T00:00:00,GHCND:USC00459200,150
238,",,7,0800",TOBS,2018-06-22T00:00:00,GHCND:USC00459200,167
239,",,7,",WDMV,2018-06-22T00:00:00,GHCND:USC00459200,50
240,",,7,",WT03,2018-06-22T00:00:00,GHCND:USC00459200,1
241,",,W,",AWND,2018-06-22T00:00:00,GHCND:USW00024160,54
242,",,W,",PRCP,2018-06-22T00:00:00,GHCND:USW00024160,0
243,",,W,",SNOW,2018-06-22T00:00:00,GHCND:USW00024160,0
244,",,W,",SNWD,2018-06-22T00:00:00,GHCND:USW00024160,0
245,",,W,",TMAX,2018-06-22T00:00:00,GHCND:USW00024160,300
246,",,W,",TMIN,2018-06-22T00:00:00,GHCND:USW00024160,172
247,",,W,",WDF2,2018-06-22T00:00:00,GHCND:USW00024160,280
248,",,W,",WDF5,2018-06-22T00:00:00,GHCND:USW00024160,250
249,",,W,",WSF2,2018-06-22T00:00:00,GHCND:USW00024160,81
250,",,W,",WSF5,2018-06-22T00:00:00,GHCND:USW00024160,107
251,",,N,",PRCP,2018-06-23T00:00:00,GHCND:US1WAWW0005,0
252,",,N,",PRCP,2018-06-23T00:00:00,GHCND:US1WAWW0009,0
253,",,N,",SNOW,2018-06-23T00:00:00,GHCND:US1WAWW0009,0
254,",,N,",PRCP,2018-06-23T00:00:00,GHCND:US1WAWW0014,0
255,",,7,0900",PRCP,2018-06-23T00:00:00,GHCND:USC00355593,0
256,",,7,0900",TMAX,2018-06-23T00:00:00,GHCND:USC00355593,294
257,",,7,0900",TMIN,2018-06-23T00:00:00,GHCND:USC00355593,161
258,",,7,1700",EVAP,2018-06-23T00:00:00,GHCND:USC00454679,89
259,",,7,",MNPN,2018-06-23T00:00:00,GHCND:USC00454679,117
260,",,7,",MXPN,2018-06-23T00:00:00,GHCND:USC00454679,278
261,",,7,1700",PRCP,2018-06-23T00:00:00,GHCND:USC00454679,0
262,",,7,",SNOW,2018-06-23T00:00:00,GHCND:USC00454679,0
263,",,7,1700",TMAX,2018-06-23T00:00:00,GHCND:USC00454679,283
264,",,7,1700",TMIN,2018-06-23T00:00:00,GHCND:USC00454679,100
265,",,7,1700",TOBS,2018-06-23T00:00:00,GHCND:USC00454679,217
266,",,7,0800",PRCP,2018-06-23T00:00:00,GHCND:USC00455387,0
267,",,7,0800",EVAP,2018-06-23T00:00:00,GHCND:USC00459200,89
268,",,7,",MNPN,2018-06-23T00:00:00,GHCND:USC00459200,189
269,",,7,",MXPN,2018-06-23T00:00:00,GHCND:USC00459200,333
270,",,7,0800",PRCP,2018-06-23T00:00:00,GHCND:USC00459200,0
271,",,7,0800",TMAX,2018-06-23T00:00:00,GHCND:USC00459200,294
272,",,7,0800",TMIN,2018-06-23T00:00:00,GHCND:USC00459200,139
273,",,7,0800",TOBS,2018-06-23T00:00:00,GHCND:USC00459200,167
274,",,7,",WDMV,2018-06-23T00:00:00,GHCND:USC00459200,106
275,",,W,",AWND,2018-06-23T00:00:00,GHCND:USW00024160,41
276,",,W,",PRCP,2018-06-23T00:00:00,GHCND:USW00024160,0
277,",,W,",SNOW,2018-06-23T00:00:00,GHCND:USW00024160,0
278,",,W,",SNWD,2018-06-23T00:00:00,GHCND:USW00024160,0
279,",,W,",TMAX,2018-06-23T00:00:00,GHCND:USW00024160,272
280,",,W,",TMIN,2018-06-23T00:00:00,GHCND:USW00024160,167
281,",,W,",WDF2,2018-06-23T00:00:00,GHCND:USW00024160,210
282,",,W,",WDF5,2018-06-23T00:00:00,GHCND:USW00024160,210
283,",,W,",WSF2,2018-06-23T00:00:00,GHCND:USW00024160,76
284,",,W,",WSF5,2018-06-23T00:00:00,GHCND:USW00024160,98
285,",,N,",PRCP,2018-06-24T00:00:00,GHCND:US1WAWW0005,0
286,",,N,",PRCP,2018-06-24T00:00:00,GHCND:US1WAWW0009,0
287,",,N,",SNOW,2018-06-24T00:00:00,GHCND:US1WAWW0009,0
288,",,N,",PRCP,2018-06-24T00:00:00,GHCND:US1WAWW0014,0
289,",,7,0900",PRCP,2018-06-24T00:00:00,GHCND:USC00355593,0
290,",,7,0900",TMAX,2018-06-24T00:00:00,GHCND:USC00355593,317
291,",,7,0900",TMIN,2018-06-24T00:00:00,GHCND:USC00355593,150
292,",,7,1700",EVAP,2018-06-24T00:00:00,GHCND:USC00454679,114
293,",,7,",MNPN,2018-06-24T00:00:00,GHCND:USC00454679,144
294,",,7,",MXPN,2018-06-24T00:00:00,GHCND:USC00454679,322
295,",,7,1700",PRCP,2018-06-24T00:00:00,GHCND:USC00454679,0
296,",,7,",SNOW,2018-06-24T00:00:00,GHCND:USC00454679,0
297,",,7,1700",TMAX,2018-06-24T00:00:00,GHCND:USC00454679,317
298,",,7,1700",TMIN,2018-06-24T00:00:00,GHCND:USC00454679,106
299,",,7,1700",TOBS,2018-06-24T00:00:00,GHCND:USC00454679,306
300,",,7,0800",PRCP,2018-06-24T00:00:00,GHCND:USC00455387,0
301,",,7,0800",EVAP,2018-06-24T00:00:00,GHCND:USC00459200,48
302,",,7,",MNPN,2018-06-24T00:00:00,GHCND:USC00459200,189
303,",,7,",MXPN,2018-06-24T00:00:00,GHCND:USC00459200,339
304,",,7,0800",PRCP,2018-06-24T00:00:00,GHCND:USC00459200,0
305,",,7,0800",TMAX,2018-06-24T00:00:00,GHCND:USC00459200,278
306,",,7,0800",TMIN,2018-06-24T00:00:00,GHCND:USC00459200,111
307,",,7,0800",TOBS,2018-06-24T00:00:00,GHCND:USC00459200,111
308,",,7,",WDMV,2018-06-24T00:00:00,GHCND:USC00459200,55
309,",,W,",AWND,2018-06-24T00:00:00,GHCND:USW00024160,21
310,",,W,",PRCP,2018-06-24T00:00:00,GHCND:USW00024160,0
311,",,W,",SNOW,2018-06-24T00:00:00,GHCND:USW00024160,0
312,",,W,",SNWD,2018-06-24T00:00:00,GHCND:USW00024160,0
313,",,W,",TMAX,2018-06-24T00:00:00,GHCND:USW00024160,339
314,",,W,",TMIN,2018-06-24T00:00:00,GHCND:USW00024160,144
315,",,W,",WDF2,2018-06-24T00:00:00,GHCND:USW00024160,140
316,",,W,",WDF5,2018-06-24T00:00:00,GHCND:USW00024160,150
317,",,W,",WSF2,2018-06-24T00:00:00,GHCND:USW00024160,67
318,",,W,",WSF5,2018-06-24T00:00:00,GHCND:USW00024160,94
319,",,N,",PRCP,2018-06-25T00:00:00,GHCND:US1WAWW0005,0
320,",,N,",PRCP,2018-06-25T00:00:00,GHCND:US1WAWW0006,0
321,",,N,",PRCP,2018-06-25T00:00:00,GHCND:US1WAWW0009,0
322,",,N,",SNOW,2018-06-25T00:00:00,GHCND:US1WAWW0009,0
323,",,N,",PRCP,2018-06-25T00:00:00,GHCND:US1WAWW0014,0
324,",,7,0900",PRCP,2018-06-25T00:00:00,GHCND:USC00355593,0
325,",,7,0900",TMAX,2018-06-25T00:00:00,GHCND:USC00355593,333
326,",,7,0900",TMIN,2018-06-25T00:00:00,GHCND:USC00355593,189
327,",,7,0900",TOBS,2018-06-25T00:00:00,GHCND:USC00355593,200
328,",,7,1700",EVAP,2018-06-25T00:00:00,GHCND:USC00454679,127
329,",,7,",MNPN,2018-06-25T00:00:00,GHCND:USC00454679,167
330,",,7,",MXPN,2018-06-25T00:00:00,GHCND:USC00454679,278
331,",,7,1700",PRCP,2018-06-25T00:00:00,GHCND:USC00454679,0
332,",,7,",SNOW,2018-06-25T00:00:00,GHCND:USC00454679,0
333,",,7,1700",TMAX,2018-06-25T00:00:00,GHCND:USC00454679,306
334,",,7,1700",TMIN,2018-06-25T00:00:00,GHCND:USC00454679,150
335,",,7,1700",TOBS,2018-06-25T00:00:00,GHCND:USC00454679,233
336,",,7,0800",PRCP,2018-06-25T00:00:00,GHCND:USC00455387,0
337,",,H,0400",SNWD,2018-06-25T00:00:00,GHCND:USC00458932,0
338,",,7,0800",EVAP,2018-06-25T00:00:00,GHCND:USC00459200,76
339,",,7,",MNPN,2018-06-25T00:00:00,GHCND:USC00459200,200
340,",,7,",MXPN,2018-06-25T00:00:00,GHCND:USC00459200,367
341,",,7,0800",PRCP,2018-06-25T00:00:00,GHCND:USC00459200,0
342,",,7,0800",TMAX,2018-06-25T00:00:00,GHCND:USC00459200,339
343,",,7,0800",TMIN,2018-06-25T00:00:00,GHCND:USC00459200,111
344,",,7,0800",TOBS,2018-06-25T00:00:00,GHCND:USC00459200,200
345,",,7,",WDMV,2018-06-25T00:00:00,GHCND:USC00459200,50
346,",,W,",AWND,2018-06-25T00:00:00,GHCND:USW00024160,59
347,",,W,",PRCP,2018-06-25T00:00:00,GHCND:USW00024160,0
348,",,W,",SNOW,2018-06-25T00:00:00,GHCND:USW00024160,0
349,",,W,",SNWD,2018-06-25T00:00:00,GHCND:USW00024160,0
350,",,W,",TMAX,2018-06-25T00:00:00,GHCND:USW00024160,300
351,",,W,",TMIN,2018-06-25T00:00:00,GHCND:USW00024160,167
352,",,W,",WDF2,2018-06-25T00:00:00,GHCND:USW00024160,210
353,",,W,",WDF5,2018-06-25T00:00:00,GHCND:USW00024160,210
354,",,W,",WSF2,2018-06-25T00:00:00,GHCND:USW00024160,112
355,",,W,",WSF5,2018-06-25T00:00:00,GHCND:USW00024160,148
356,",,N,",PRCP,2018-06-26T00:00:00,GHCND:US1WAWW0009,0
357,",,N,",SNOW,2018-06-26T00:00:00,GHCND:US1WAWW0009,0
358,",,N,",PRCP,2018-06-26T00:00:00,GHCND:US1WAWW0014,0
359,",,7,0900",PRCP,2018-06-26T00:00:00,GHCND:USC00355593,0
360,",,7,0900",TMAX,2018-06-26T00:00:00,GHCND:USC00355593,267
361,",,7,0900",TMIN,2018-06-26T00:00:00,GHCND:USC00355593,117
362,",,7,0900",TOBS,2018-06-26T00:00:00,GHCND:USC00355593,172
363,",,7,1700",EVAP,2018-06-26T00:00:00,GHCND:USC00454679,91
364,",,7,",MNPN,2018-06-26T00:00:00,GHCND:USC00454679,89
365,",,7,",MXPN,2018-06-26T00:00:00,GHCND:USC00454679,272
366,",,7,1700",PRCP,2018-06-26T00:00:00,GHCND:USC00454679,0
367,",,7,",SNOW,2018-06-26T00:00:00,GHCND:USC00454679,0
368,",,7,1700",TMAX,2018-06-26T00:00:00,GHCND:USC00454679,250
369,",,7,1700",TMIN,2018-06-26T00:00:00,GHCND:USC00454679,61
370,",,7,1700",TOBS,2018-06-26T00:00:00,GHCND:USC00454679,233
371,",,7,0800",PRCP,2018-06-26T00:00:00,GHCND:USC00455387,0
372,",,H,0400",PRCP,2018-06-26T00:00:00,GHCND:USC00458932,0
373,",,H,",SNOW,2018-06-26T00:00:00,GHCND:USC00458932,0
374,",,H,0400",SNWD,2018-06-26T00:00:00,GHCND:USC00458932,0
375,",,7,0800",EVAP,2018-06-26T00:00:00,GHCND:USC00459200,94
376,",,7,0800",PRCP,2018-06-26T00:00:00,GHCND:USC00459200,0
377,",,7,0800",TMAX,2018-06-26T00:00:00,GHCND:USC00459200,272
378,",,7,0800",TMIN,2018-06-26T00:00:00,GHCND:USC00459200,89
379,",,7,0800",TOBS,2018-06-26T00:00:00,GHCND:USC00459200,94
380,",,7,",WDMV,2018-06-26T00:00:00,GHCND:USC00459200,114
381,",,W,",AWND,2018-06-26T00:00:00,GHCND:USW00024160,34
382,",,W,",PRCP,2018-06-26T00:00:00,GHCND:USW00024160,0
383,",,W,",SNOW,2018-06-26T00:00:00,GHCND:USW00024160,0
384,",,W,",SNWD,2018-06-26T00:00:00,GHCND:USW00024160,0
385,",,W,",TMAX,2018-06-26T00:00:00,GHCND:USW00024160,256
386,",,W,",TMIN,2018-06-26T00:00:00,GHCND:USW00024160,128
387,",,W,",WDF2,2018-06-26T00:00:00,GHCND:USW00024160,190
388,",,W,",WDF5,2018-06-26T00:00:00,GHCND:USW00024160,190
389,",,W,",WSF2,2018-06-26T00:00:00,GHCND:USW00024160,81
390,",,W,",WSF5,2018-06-26T00:00:00,GHCND:USW00024160,103
391,",,N,",PRCP,2018-06-27T00:00:00,GHCND:US1WAWW0009,0
392,",,N,",PRCP,2018-06-27T00:00:00,GHCND:US1WAWW0014,0
393,",,7,0900",PRCP,2018-06-27T00:00:00,GHCND:USC00355593,0
394,",,7,0900",TMAX,2018-06-27T00:00:00,GHCND:USC00355593,278
395,",,7,0900",TMIN,2018-06-27T00:00:00,GHCND:USC00355593,94
396,",,7,0900",TOBS,2018-06-27T00:00:00,GHCND:USC00355593,189
397,",,7,1700",EVAP,2018-06-27T00:00:00,GHCND:USC00454679,91
398,",,7,",MNPN,2018-06-27T00:00:00,GHCND:USC00454679,106
399,",,7,",MXPN,2018-06-27T00:00:00,GHCND:USC00454679,283
400,",,7,1700",PRCP,2018-06-27T00:00:00,GHCND:USC00454679,0
401,",,7,",SNOW,2018-06-27T00:00:00,GHCND:USC00454679,0
402,",,7,1700",TMAX,2018-06-27T00:00:00,GHCND:USC00454679,278
403,",,7,1700",TMIN,2018-06-27T00:00:00,GHCND:USC00454679,56
404,",,7,1700",TOBS,2018-06-27T00:00:00,GHCND:USC00454679,267
405,",,7,0800",PRCP,2018-06-27T00:00:00,GHCND:USC00455387,0
406,",,H,0400",PRCP,2018-06-27T00:00:00,GHCND:USC00458932,0
407,",,H,",SNOW,2018-06-27T00:00:00,GHCND:USC00458932,0
408,",,H,0400",SNWD,2018-06-27T00:00:00,GHCND:USC00458932,0
409,",,7,0800",EVAP,2018-06-27T00:00:00,GHCND:USC00459200,81
410,",,7,",MNPN,2018-06-27T00:00:00,GHCND:USC00459200,150
411,",,7,",MXPN,2018-06-27T00:00:00,GHCND:USC00459200,328
412,",,7,0800",PRCP,2018-06-27T00:00:00,GHCND:USC00459200,0
413,",,7,0800",TMAX,2018-06-27T00:00:00,GHCND:USC00459200,267
414,",,7,0800",TMIN,2018-06-27T00:00:00,GHCND:USC00459200,50
415,",,7,0800",TOBS,2018-06-27T00:00:00,GHCND:USC00459200,56
416,",,7,",WDMV,2018-06-27T00:00:00,GHCND:USC00459200,42
417,",,W,",AWND,2018-06-27T00:00:00,GHCND:USW00024160,28
418,",,W,",PRCP,2018-06-27T00:00:00,GHCND:USW00024160,0
419,",,W,",SNOW,2018-06-27T00:00:00,GHCND:USW00024160,0
420,",,W,",SNWD,2018-06-27T00:00:00,GHCND:USW00024160,0
421,",,W,",TMAX,2018-06-27T00:00:00,GHCND:USW00024160,300
422,",,W,",TMIN,2018-06-27T00:00:00,GHCND:USW00024160,106
423,",,W,",WDF2,2018-06-27T00:00:00,GHCND:USW00024160,190
424,",,W,",WDF5,2018-06-27T00:00:00,GHCND:USW00024160,190
425,",,W,",WSF2,2018-06-27T00:00:00,GHCND:USW00024160,94
426,",,W,",WSF5,2018-06-27T00:00:00,GHCND:USW00024160,121
427,",,N,",PRCP,2018-06-28T00:00:00,GHCND:US1WAWW0009,0
428,",,N,",SNOW,2018-06-28T00:00:00,GHCND:US1WAWW0009,0
429,",,7,0900",PRCP,2018-06-28T00:00:00,GHCND:USC00355593,0
430,",,7,0900",TMAX,2018-06-28T00:00:00,GHCND:USC00355593,294
431,",,7,0900",TMIN,2018-06-28T00:00:00,GHCND:USC00355593,150
432,",,7,0900",TOBS,2018-06-28T00:00:00,GHCND:USC00355593,194
433,",,7,1700",EVAP,2018-06-28T00:00:00,GHCND:USC00454679,94
434,",,7,",MNPN,2018-06-28T00:00:00,GHCND:USC00454679,133
435,",,7,",MXPN,2018-06-28T00:00:00,GHCND:USC00454679,283
436,",,7,1700",PRCP,2018-06-28T00:00:00,GHCND:USC00454679,0
437,",,7,",SNOW,2018-06-28T00:00:00,GHCND:USC00454679,0
438,",,7,1700",TMAX,2018-06-28T00:00:00,GHCND:USC00454679,278
439,",,7,1700",TMIN,2018-06-28T00:00:00,GHCND:USC00454679,139
440,",,7,1700",TOBS,2018-06-28T00:00:00,GHCND:USC00454679,233
441,",,7,0800",PRCP,2018-06-28T00:00:00,GHCND:USC00455387,0
442,",,H,0400",PRCP,2018-06-28T00:00:00,GHCND:USC00458932,0
443,",,H,",SNOW,2018-06-28T00:00:00,GHCND:USC00458932,0
444,",,H,0400",SNWD,2018-06-28T00:00:00,GHCND:USC00458932,0
445,",,7,0800",EVAP,2018-06-28T00:00:00,GHCND:USC00459200,76
446,",,7,",MNPN,2018-06-28T00:00:00,GHCND:USC00459200,150
447,",,7,",MXPN,2018-06-28T00:00:00,GHCND:USC00459200,328
448,",,7,0800",PRCP,2018-06-28T00:00:00,GHCND:USC00459200,0
449,",,7,0800",TMAX,2018-06-28T00:00:00,GHCND:USC00459200,300
450,",,7,0800",TMIN,2018-06-28T00:00:00,GHCND:USC00459200,56
451,",,7,0800",TOBS,2018-06-28T00:00:00,GHCND:USC00459200,144
452,",,7,",WDMV,2018-06-28T00:00:00,GHCND:USC00459200,53
453,",,W,",AWND,2018-06-28T00:00:00,GHCND:USW00024160,46
454,",,W,",PRCP,2018-06-28T00:00:00,GHCND:USW00024160,0
455,",,W,",SNOW,2018-06-28T00:00:00,GHCND:USW00024160,0
456,",,W,",SNWD,2018-06-28T00:00:00,GHCND:USW00024160,0
457,",,W,",TMAX,2018-06-28T00:00:00,GHCND:USW00024160,256
458,",,W,",TMIN,2018-06-28T00:00:00,GHCND:USW00024160,156
459,",,W,",WDF2,2018-06-28T00:00:00,GHCND:USW00024160,250
460,",,W,",WDF5,2018-06-28T00:00:00,GHCND:USW00024160,260
461,",,W,",WSF2,2018-06-28T00:00:00,GHCND:USW00024160,98
462,",,W,",WSF5,2018-06-28T00:00:00,GHCND:USW00024160,121
463,",,N,",PRCP,2018-06-29T00:00:00,GHCND:US1WAWW0009,0
464,",,N,",SNOW,2018-06-29T00:00:00,GHCND:US1WAWW0009,0
465,",,7,0900",PRCP,2018-06-29T00:00:00,GHCND:USC00355593,0
466,",,7,0900",TMAX,2018-06-29T00:00:00,GHCND:USC00355593,261
467,",,7,0900",TMIN,2018-06-29T00:00:00,GHCND:USC00355593,128
468,",,7,0900",TOBS,2018-06-29T00:00:00,GHCND:USC00355593,167
469,",,7,1700",EVAP,2018-06-29T00:00:00,GHCND:USC00454679,86
470,",,7,",MNPN,2018-06-29T00:00:00,GHCND:USC00454679,100
471,",,7,",MXPN,2018-06-29T00:00:00,GHCND:USC00454679,256
472,",,7,1700",PRCP,2018-06-29T00:00:00,GHCND:USC00454679,0
473,",,7,",SNOW,2018-06-29T00:00:00,GHCND:USC00454679,0
474,",,7,1700",TMAX,2018-06-29T00:00:00,GHCND:USC00454679,250
475,",,7,1700",TMIN,2018-06-29T00:00:00,GHCND:USC00454679,89
476,",,7,1700",TOBS,2018-06-29T00:00:00,GHCND:USC00454679,244
477,",,7,0800",PRCP,2018-06-29T00:00:00,GHCND:USC00455387,0
478,",,H,0400",PRCP,2018-06-29T00:00:00,GHCND:USC00458932,0
479,",,H,",SNOW,2018-06-29T00:00:00,GHCND:USC00458932,0
480,",,H,0400",SNWD,2018-06-29T00:00:00,GHCND:USC00458932,0
481,",,7,0800",EVAP,2018-06-29T00:00:00,GHCND:USC00459200,84
482,",,7,",MNPN,2018-06-29T00:00:00,GHCND:USC00459200,144
483,",,7,",MXPN,2018-06-29T00:00:00,GHCND:USC00459200,317
484,",,7,0800",PRCP,2018-06-29T00:00:00,GHCND:USC00459200,0
485,",,7,0800",TMAX,2018-06-29T00:00:00,GHCND:USC00459200,256
486,",,7,0800",TMIN,2018-06-29T00:00:00,GHCND:USC00459200,83
487,",,7,0800",TOBS,2018-06-29T00:00:00,GHCND:USC00459200,89
488,",,7,",WDMV,2018-06-29T00:00:00,GHCND:USC00459200,87
489,",,W,",AWND,2018-06-29T00:00:00,GHCND:USW00024160,36
490,",,W,",PRCP,2018-06-29T00:00:00,GHCND:USW00024160,0
491,",,W,",SNOW,2018-06-29T00:00:00,GHCND:USW00024160,0
492,",,W,",SNWD,2018-06-29T00:00:00,GHCND:USW00024160,0
493,",,W,",TMAX,2018-06-29T00:00:00,GHCND:USW00024160,278
494,",,W,",TMIN,2018-06-29T00:00:00,GHCND:USW00024160,139
495,",,W,",WDF2,2018-06-29T00:00:00,GHCND:USW00024160,290
496,",,W,",WDF5,2018-06-29T00:00:00,GHCND:USW00024160,210
497,",,W,",WSF2,2018-06-29T00:00:00,GHCND:USW00024160,67
498,",,W,",WSF5,2018-06-29T00:00:00,GHCND:USW00024160,94
499,"T,,N,",PRCP,2018-06-30T00:00:00,GHCND:US1WAWW0009,0
500,",,7,0900",PRCP,2018-06-30T00:00:00,GHCND:USC00355593,0
501,",,7,0900",TMAX,2018-06-30T00:00:00,GHCND:USC00355593,289
502,",,7,0900",TMIN,2018-06-30T00:00:00,GHCND:USC00355593,144
503,",,7,1700",EVAP,2018-06-30T00:00:00,GHCND:USC00454679,66
504,",,7,",MNPN,2018-06-30T00:00:00,GHCND:USC00454679,122
505,",,7,",MXPN,2018-06-30T00:00:00,GHCND:USC00454679,256
506,",,7,1700",PRCP,2018-06-30T00:00:00,GHCND:USC00454679,0
507,",,7,",SNOW,2018-06-30T00:00:00,GHCND:USC00454679,0
508,",,7,1700",TMAX,2018-06-30T00:00:00,GHCND:USC00454679,267
509,",,7,1700",TMIN,2018-06-30T00:00:00,GHCND:USC00454679,94
510,",,7,1700",TOBS,2018-06-30T00:00:00,GHCND:USC00454679,233
511,",,7,0800",PRCP,2018-06-30T00:00:00,GHCND:USC00455387,0
512,",,7,0800",EVAP,2018-06-30T00:00:00,GHCND:USC00459200,76
513,",,7,",MNPN,2018-06-30T00:00:00,GHCND:USC00459200,156
514,",,7,",MXPN,2018-06-30T00:00:00,GHCND:USC00459200,328
515,",,7,0800",PRCP,2018-06-30T00:00:00,GHCND:USC00459200,0
516,",,7,0800",TMAX,2018-06-30T00:00:00,GHCND:USC00459200,278
517,",,7,0800",TMIN,2018-06-30T00:00:00,GHCND:USC00459200,83
518,",,7,0800",TOBS,2018-06-30T00:00:00,GHCND:USC00459200,133
519,",,7,",WDMV,2018-06-30T00:00:00,GHCND:USC00459200,56
520,",,W,",AWND,2018-06-30T00:00:00,GHCND:USW00024160,41
521,",,W,",PRCP,2018-06-30T00:00:00,GHCND:USW00024160,0
522,",,W,",SNOW,2018-06-30T00:00:00,GHCND:USW00024160,0
523,",,W,",SNWD,2018-06-30T00:00:00,GHCND:USW00024160,0
524,",,W,",TMAX,2018-06-30T00:00:00,GHCND:USW00024160,300
525,",,W,",TMIN,2018-06-30T00:00:00,GHCND:USW00024160,144
526,",,W,",WDF2,2018-06-30T00:00:00,GHCND:USW00024160,240
527,",,W,",WDF5,2018-06-30T00:00:00,GHCND:USW00024160,250
528,",,W,",WSF2,2018-06-30T00:00:00,GHCND:USW00024160,81
529,",,W,",WSF5,2018-06-30T00:00:00,GHCND:USW00024160,112
530,"T,,N,",PRCP,2018-07-01T00:00:00,GHCND:US1WAWW0009,0
531,",,7,0900",PRCP,2018-07-01T00:00:00,GHCND:USC00355593,0
532,",,7,0900",TMAX,2018-07-01T00:00:00,GHCND:USC00355593,294
533,",,7,0900",TMIN,2018-07-01T00:00:00,GHCND:USC00355593,167
534,",,7,1700",EVAP,2018-07-01T00:00:00,GHCND:USC00454679,99
535,",,7,",MNPN,2018-07-01T00:00:00,GHCND:USC00454679,111
536,",,7,",MXPN,2018-07-01T00:00:00,GHCND:USC00454679,256
537,",,7,1700",PRCP,2018-07-01T00:00:00,GHCND:USC00454679,0
538,",,7,",SNOW,2018-07-01T00:00:00,GHCND:USC00454679,0
539,",,7,1700",TMAX,2018-07-01T00:00:00,GHCND:USC00454679,261
540,",,7,1700",TMIN,2018-07-01T00:00:00,GHCND:USC00454679,83
541,",,7,1700",TOBS,2018-07-01T00:00:00,GHCND:USC00454679,244
542,",,7,0800",PRCP,2018-07-01T00:00:00,GHCND:USC00455387,0
543,",,7,0800",EVAP,2018-07-01T00:00:00,GHCND:USC00459200,76
544,",,7,",MNPN,2018-07-01T00:00:00,GHCND:USC00459200,183
545,",,7,",MXPN,2018-07-01T00:00:00,GHCND:USC00459200,322
546,",,7,0800",PRCP,2018-07-01T00:00:00,GHCND:USC00459200,0
547,",,7,0800",TMAX,2018-07-01T00:00:00,GHCND:USC00459200,289
548,",,7,0800",TMIN,2018-07-01T00:00:00,GHCND:USC00459200,133
549,",,7,0800",TOBS,2018-07-01T00:00:00,GHCND:USC00459200,172
550,",,7,",WDMV,2018-07-01T00:00:00,GHCND:USC00459200,71
551,",,W,",AWND,2018-07-01T00:00:00,GHCND:USW00024160,45
552,",,W,",PRCP,2018-07-01T00:00:00,GHCND:USW00024160,0
553,",,W,",SNOW,2018-07-01T00:00:00,GHCND:USW00024160,0
554,",,W,",SNWD,2018-07-01T00:00:00,GHCND:USW00024160,0
555,",,W,",TMAX,2018-07-01T00:00:00,GHCND:USW00024160,283
556,",,W,",TMIN,2018-07-01T00:00:00,GHCND:USW00024160,156
557,",,W,",WDF2,2018-07-01T00:00:00,GHCND:USW00024160,250
558,",,W,",WDF5,2018-07-01T00:00:00,GHCND:USW00024160,210
559,",,W,",WSF2,2018-07-01T00:00:00,GHCND:USW00024160,94
560,",,W,",WSF5,2018-07-01T00:00:00,GHCND:USW00024160,125
561,",,N,",PRCP,2018-07-02T00:00:00,GHCND:US1WAWW0009,0
562,",,N,",SNOW,2018-07-02T00:00:00,GHCND:US1WAWW0009,0
563,",,7,0900",PRCP,2018-07-02T00:00:00,GHCND:USC00355593,0
564,",,7,0900",TMAX,2018-07-02T00:00:00,GHCND:USC00355593,289
565,",,7,0900",TMIN,2018-07-02T00:00:00,GHCND:USC00355593,117
566,",,7,0900",TOBS,2018-07-02T00:00:00,GHCND:USC00355593,156
567,",,7,1700",EVAP,2018-07-02T00:00:00,GHCND:USC00454679,104
568,",,7,",MNPN,2018-07-02T00:00:00,GHCND:USC00454679,106
569,",,7,",MXPN,2018-07-02T00:00:00,GHCND:USC00454679,244
570,",,7,1700",PRCP,2018-07-02T00:00:00,GHCND:USC00454679,0
571,",,7,",SNOW,2018-07-02T00:00:00,GHCND:USC00454679,0
572,",,7,1700",TMAX,2018-07-02T00:00:00,GHCND:USC00454679,244
573,",,7,1700",TMIN,2018-07-02T00:00:00,GHCND:USC00454679,72
574,",,7,1700",TOBS,2018-07-02T00:00:00,GHCND:USC00454679,200
575,",,7,0800",PRCP,2018-07-02T00:00:00,GHCND:USC00455387,0
576,",,7,0800",EVAP,2018-07-02T00:00:00,GHCND:USC00459200,94
577,",,7,",MNPN,2018-07-02T00:00:00,GHCND:USC00459200,178
578,",,7,",MXPN,2018-07-02T00:00:00,GHCND:USC00459200,328
579,",,7,0800",PRCP,2018-07-02T00:00:00,GHCND:USC00459200,0
580,",,7,0800",TMAX,2018-07-02T00:00:00,GHCND:USC00459200,278
581,",,7,0800",TMIN,2018-07-02T00:00:00,GHCND:USC00459200,106
582,",,7,0800",TOBS,2018-07-02T00:00:00,GHCND:USC00459200,117
583,",,7,",WDMV,2018-07-02T00:00:00,GHCND:USC00459200,90
584,",,W,",AWND,2018-07-02T00:00:00,GHCND:USW00024160,53
585,",,W,",PRCP,2018-07-02T00:00:00,GHCND:USW00024160,0
586,",,W,",SNOW,2018-07-02T00:00:00,GHCND:USW00024160,0
587,",,W,",SNWD,2018-07-02T00:00:00,GHCND:USW00024160,0
588,",,W,",TMAX,2018-07-02T00:00:00,GHCND:USW00024160,239
589,",,W,",TMIN,2018-07-02T00:00:00,GHCND:USW00024160,128
590,",,W,",WDF2,2018-07-02T00:00:00,GHCND:USW00024160,180
591,",,W,",WDF5,2018-07-02T00:00:00,GHCND:USW00024160,190
592,",,W,",WSF2,2018-07-02T00:00:00,GHCND:USW00024160,94
593,",,W,",WSF5,2018-07-02T00:00:00,GHCND:USW00024160,116
594,",,N,",PRCP,2018-07-03T00:00:00,GHCND:US1WAWW0009,0
595,",,N,",SNOW,2018-07-03T00:00:00,GHCND:US1WAWW0009,0
596,",,7,0900",PRCP,2018-07-03T00:00:00,GHCND:USC00355593,0
597,",,7,0900",TMAX,2018-07-03T00:00:00,GHCND:USC00355593,233
598,",,7,0900",TMIN,2018-07-03T00:00:00,GHCND:USC00355593,111
599,",,7,0900",TOBS,2018-07-03T00:00:00,GHCND:USC00355593,144
600,",,7,1700",EVAP,2018-07-03T00:00:00,GHCND:USC00454679,79
601,",,7,",MNPN,2018-07-03T00:00:00,GHCND:USC00454679,94
602,",,7,",MXPN,2018-07-03T00:00:00,GHCND:USC00454679,250
603,",,7,1700",PRCP,2018-07-03T00:00:00,GHCND:USC00454679,0
604,",,7,",SNOW,2018-07-03T00:00:00,GHCND:USC00454679,0
605,",,7,1700",TMAX,2018-07-03T00:00:00,GHCND:USC00454679,217
606,",,7,1700",TMIN,2018-07-03T00:00:00,GHCND:USC00454679,89
607,",,7,1700",TOBS,2018-07-03T00:00:00,GHCND:USC00454679,211
608,",,7,0800",PRCP,2018-07-03T00:00:00,GHCND:USC00455387,0
609,",,7,0800",EVAP,2018-07-03T00:00:00,GHCND:USC00459200,74
610,",,7,",MNPN,2018-07-03T00:00:00,GHCND:USC00459200,167
611,",,7,",MXPN,2018-07-03T00:00:00,GHCND:USC00459200,328
612,",,7,0800",PRCP,2018-07-03T00:00:00,GHCND:USC00459200,0
613,",,7,0800",TMAX,2018-07-03T00:00:00,GHCND:USC00459200,239
614,",,7,0800",TMIN,2018-07-03T00:00:00,GHCND:USC00459200,100
615,",,7,0800",TOBS,2018-07-03T00:00:00,GHCND:USC00459200,111
616,",,7,",WDMV,2018-07-03T00:00:00,GHCND:USC00459200,85
617,",,W,",AWND,2018-07-03T00:00:00,GHCND:USW00024160,38
618,",,W,",PRCP,2018-07-03T00:00:00,GHCND:USW00024160,0
619,",,W,",SNOW,2018-07-03T00:00:00,GHCND:USW00024160,0
620,",,W,",SNWD,2018-07-03T00:00:00,GHCND:USW00024160,0
621,",,W,",TMAX,2018-07-03T00:00:00,GHCND:USW00024160,256
622,",,W,",TMIN,2018-07-03T00:00:00,GHCND:USW00024160,122
623,",,W,",WDF2,2018-07-03T00:00:00,GHCND:USW00024160,200
624,",,W,",WDF5,2018-07-03T00:00:00,GHCND:USW00024160,200
625,",,W,",WSF2,2018-07-03T00:00:00,GHCND:USW00024160,67
626,",,W,",WSF5,2018-07-03T00:00:00,GHCND:USW00024160,98
627,",,N,",PRCP,2018-07-04T00:00:00,GHCND:US1WAWW0009,0
628,",,N,",SNOW,2018-07-04T00:00:00,GHCND:US1WAWW0009,0
629,",,7,0900",PRCP,2018-07-04T00:00:00,GHCND:USC00355593,0
630,",,7,0900",TMAX,2018-07-04T00:00:00,GHCND:USC00355593,278
631,",,7,0900",TMIN,2018-07-04T00:00:00,GHCND:USC00355593,106
632,",,7,0900",TOBS,2018-07-04T00:00:00,GHCND:USC00355593,206
633,",,7,1700",EVAP,2018-07-04T00:00:00,GHCND:USC00454679,86
634,",,7,",MNPN,2018-07-04T00:00:00,GHCND:USC00454679,106
635,",,7,",MXPN,2018-07-04T00:00:00,GHCND:USC00454679,267
636,",,7,1700",PRCP,2018-07-04T00:00:00,GHCND:USC00454679,0
637,",,7,",SNOW,2018-07-04T00:00:00,GHCND:USC00454679,0
638,",,7,1700",TMAX,2018-07-04T00:00:00,GHCND:USC00454679,294
639,",,7,1700",TMIN,2018-07-04T00:00:00,GHCND:USC00454679,89
640,",,7,1700",TOBS,2018-07-04T00:00:00,GHCND:USC00454679,289
641,",,7,0800",PRCP,2018-07-04T00:00:00,GHCND:USC00455387,0
642,",,7,0800",EVAP,2018-07-04T00:00:00,GHCND:USC00459200,66
643,",,7,",MNPN,2018-07-04T00:00:00,GHCND:USC00459200,161
644,",,7,",MXPN,2018-07-04T00:00:00,GHCND:USC00459200,317
645,",,7,0800",PRCP,2018-07-04T00:00:00,GHCND:USC00459200,0
646,",,7,0800",TMAX,2018-07-04T00:00:00,GHCND:USC00459200,267
647,",,7,0800",TMIN,2018-07-04T00:00:00,GHCND:USC00459200,61
648,",,7,0800",TOBS,2018-07-04T00:00:00,GHCND:USC00459200,72
649,",,7,",WDMV,2018-07-04T00:00:00,GHCND:USC00459200,35
650,",,W,",AWND,2018-07-04T00:00:00,GHCND:USW00024160,31
651,",,W,",PRCP,2018-07-04T00:00:00,GHCND:USW00024160,0
652,",,W,",SNOW,2018-07-04T00:00:00,GHCND:USW00024160,0
653,",,W,",SNWD,2018-07-04T00:00:00,GHCND:USW00024160,0
654,",,W,",TMAX,2018-07-04T00:00:00,GHCND:USW00024160,322
655,",,W,",TMIN,2018-07-04T00:00:00,GHCND:USW00024160,128
656,",,W,",WDF2,2018-07-04T00:00:00,GHCND:USW00024160,30
657,",,W,",WDF5,2018-07-04T00:00:00,GHCND:USW00024160,30
658,",,W,",WSF2,2018-07-04T00:00:00,GHCND:USW00024160,67
659,",,W,",WSF5,2018-07-04T00:00:00,GHCND:USW00024160,81
660,",,N,",PRCP,2018-07-05T00:00:00,GHCND:US1WAWW0009,0
661,",,N,",SNOW,2018-07-05T00:00:00,GHCND:US1WAWW0009,0
662,",,7,0900",PRCP,2018-07-05T00:00:00,GHCND:USC00355593,0
663,",,7,0900",TMAX,2018-07-05T00:00:00,GHCND:USC00355593,317
664,",,7,0900",TMIN,2018-07-05T00:00:00,GHCND:USC00355593,156
665,",,7,0900",TOBS,2018-07-05T00:00:00,GHCND:USC00355593,228
666,",,7,1700",EVAP,2018-07-05T00:00:00,GHCND:USC00454679,109
667,",,7,",MNPN,2018-07-05T00:00:00,GHCND:USC00454679,139
668,",,7,",MXPN,2018-07-05T00:00:00,GHCND:USC00454679,317
669,",,7,1700",PRCP,2018-07-05T00:00:00,GHCND:USC00454679,0
670,",,7,",SNOW,2018-07-05T00:00:00,GHCND:USC00454679,0
671,",,7,1700",TMAX,2018-07-05T00:00:00,GHCND:USC00454679,333
672,",,7,1700",TMIN,2018-07-05T00:00:00,GHCND:USC00454679,167
673,",,7,1700",TOBS,2018-07-05T00:00:00,GHCND:USC00454679,328
674,",,7,0800",PRCP,2018-07-05T00:00:00,GHCND:USC00455387,0
675,",,7,0800",EVAP,2018-07-05T00:00:00,GHCND:USC00459200,76
676,",,7,",MNPN,2018-07-05T00:00:00,GHCND:USC00459200,178
677,",,7,",MXPN,2018-07-05T00:00:00,GHCND:USC00459200,300
678,",,7,0800",PRCP,2018-07-05T00:00:00,GHCND:USC00459200,0
679,",,7,0800",TMAX,2018-07-05T00:00:00,GHCND:USC00459200,317
680,",,7,0800",TMIN,2018-07-05T00:00:00,GHCND:USC00459200,72
681,",,7,0800",TOBS,2018-07-05T00:00:00,GHCND:USC00459200,106
682,",,7,",WDMV,2018-07-05T00:00:00,GHCND:USC00459200,31
683,",,W,",AWND,2018-07-05T00:00:00,GHCND:USW00024160,33
684,",,W,",PRCP,2018-07-05T00:00:00,GHCND:USW00024160,0
685,",,W,",SNOW,2018-07-05T00:00:00,GHCND:USW00024160,0
686,",,W,",SNWD,2018-07-05T00:00:00,GHCND:USW00024160,0
687,",,W,",TMAX,2018-07-05T00:00:00,GHCND:USW00024160,350
688,",,W,",TMIN,2018-07-05T00:00:00,GHCND:USW00024160,161
689,",,W,",WDF2,2018-07-05T00:00:00,GHCND:USW00024160,190
690,",,W,",WDF5,2018-07-05T00:00:00,GHCND:USW00024160,200
691,",,W,",WSF2,2018-07-05T00:00:00,GHCND:USW00024160,67
692,",,W,",WSF5,2018-07-05T00:00:00,GHCND:USW00024160,89
693,",,N,",PRCP,2018-07-06T00:00:00,GHCND:US1WAWW0009,0
694,",,N,",SNOW,2018-07-06T00:00:00,GHCND:US1WAWW0009,0
695,",,7,0900",PRCP,2018-07-06T00:00:00,GHCND:USC00355593,0
696,",,7,0900",TMAX,2018-07-06T00:00:00,GHCND:USC00355593,339
697,",,7,0900",TMIN,2018-07-06T00:00:00,GHCND:USC00355593,194
698,",,7,0900",TOBS,2018-07-06T00:00:00,GHCND:USC00355593,244
699,",,7,1700",EVAP,2018-07-06T00:00:00,GHCND:USC00454679,114
700,",,7,",MNPN,2018-07-06T00:00:00,GHCND:USC00454679,167
701,",,7,",MXPN,2018-07-06T00:00:00,GHCND:USC00454679,317
702,",,7,1700",PRCP,2018-07-06T00:00:00,GHCND:USC00454679,0
703,",,7,",SNOW,2018-07-06T00:00:00,GHCND:USC00454679,0
704,",,7,1700",TMAX,2018-07-06T00:00:00,GHCND:USC00454679,333
705,",,7,1700",TMIN,2018-07-06T00:00:00,GHCND:USC00454679,144
706,",,7,1700",TOBS,2018-07-06T00:00:00,GHCND:USC00454679,289
707,",,7,0800",PRCP,2018-07-06T00:00:00,GHCND:USC00455387,0
708,",,H,0400",PRCP,2018-07-06T00:00:00,GHCND:USC00458932,0
709,",,H,",SNOW,2018-07-06T00:00:00,GHCND:USC00458932,0
710,",,H,0400",SNWD,2018-07-06T00:00:00,GHCND:USC00458932,0
711,",,7,0800",EVAP,2018-07-06T00:00:00,GHCND:USC00459200,813
712,",,7,",MNPN,2018-07-06T00:00:00,GHCND:USC00459200,172
713,",,7,",MXPN,2018-07-06T00:00:00,GHCND:USC00459200,344
714,",,7,0800",PRCP,2018-07-06T00:00:00,GHCND:USC00459200,0
715,",,7,0800",TMAX,2018-07-06T00:00:00,GHCND:USC00459200,344
716,",,7,0800",TMIN,2018-07-06T00:00:00,GHCND:USC00459200,106
717,",,7,0800",TOBS,2018-07-06T00:00:00,GHCND:USC00459200,144
718,",,7,",WDMV,2018-07-06T00:00:00,GHCND:USC00459200,37
719,",,W,",AWND,2018-07-06T00:00:00,GHCND:USW00024160,30
720,",,W,",PRCP,2018-07-06T00:00:00,GHCND:USW00024160,0
721,",,W,",SNOW,2018-07-06T00:00:00,GHCND:USW00024160,0
722,",,W,",SNWD,2018-07-06T00:00:00,GHCND:USW00024160,0
723,",,W,",TMAX,2018-07-06T00:00:00,GHCND:USW00024160,339
724,",,W,",TMIN,2018-07-06T00:00:00,GHCND:USW00024160,183
725,",,W,",WDF2,2018-07-06T00:00:00,GHCND:USW00024160,200
726,",,W,",WDF5,2018-07-06T00:00:00,GHCND:USW00024160,220
727,",,W,",WSF2,2018-07-06T00:00:00,GHCND:USW00024160,72
728,",,W,",WSF5,2018-07-06T00:00:00,GHCND:USW00024160,94
729,",,N,",PRCP,2018-07-07T00:00:00,GHCND:US1WAWW0009,0
730,",,N,",SNOW,2018-07-07T00:00:00,GHCND:US1WAWW0009,0
731,",,7,0900",PRCP,2018-07-07T00:00:00,GHCND:USC00355593,0
732,",,7,0900",TMAX,2018-07-07T00:00:00,GHCND:USC00355593,333
733,",,7,0900",TMIN,2018-07-07T00:00:00,GHCND:USC00355593,156
734,",,7,1700",EVAP,2018-07-07T00:00:00,GHCND:USC00454679,84
735,",,7,",MNPN,2018-07-07T00:00:00,GHCND:USC00454679,144
736,",,7,",MXPN,2018-07-07T00:00:00,GHCND:USC00454679,289
737,",,7,1700",PRCP,2018-07-07T00:00:00,GHCND:USC00454679,10
738,",,7,",SNOW,2018-07-07T00:00:00,GHCND:USC00454679,0
739,",,7,1700",TMAX,2018-07-07T00:00:00,GHCND:USC00454679,289
740,",,7,1700",TMIN,2018-07-07T00:00:00,GHCND:USC00454679,117
741,",,7,1700",TOBS,2018-07-07T00:00:00,GHCND:USC00454679,278
742,",,7,0800",PRCP,2018-07-07T00:00:00,GHCND:USC00455387,0
743,",,7,0800",EVAP,2018-07-07T00:00:00,GHCND:USC00459200,76
744,",,7,",MNPN,2018-07-07T00:00:00,GHCND:USC00459200,194
745,",,7,",MXPN,2018-07-07T00:00:00,GHCND:USC00459200,333
746,",,7,0800",PRCP,2018-07-07T00:00:00,GHCND:USC00459200,0
747,",,7,0800",TMAX,2018-07-07T00:00:00,GHCND:USC00459200,339
748,",,7,0800",TMIN,2018-07-07T00:00:00,GHCND:USC00459200,133
749,",,7,0800",TOBS,2018-07-07T00:00:00,GHCND:USC00459200,133
750,",,7,",WDMV,2018-07-07T00:00:00,GHCND:USC00459200,37
751,",,W,",AWND,2018-07-07T00:00:00,GHCND:USW00024160,35
752,",,W,",PRCP,2018-07-07T00:00:00,GHCND:USW00024160,0
753,",,W,",SNOW,2018-07-07T00:00:00,GHCND:USW00024160,0
754,",,W,",SNWD,2018-07-07T00:00:00,GHCND:USW00024160,0
755,",,W,",TMAX,2018-07-07T00:00:00,GHCND:USW00024160,300
756,",,W,",TMIN,2018-07-07T00:00:00,GHCND:USW00024160,167
757,",,W,",WDF2,2018-07-07T00:00:00,GHCND:USW00024160,180
758,",,W,",WDF5,2018-07-07T00:00:00,GHCND:USW00024160,230
759,",,W,",WSF2,2018-07-07T00:00:00,GHCND:USW00024160,67
760,",,W,",WSF5,2018-07-07T00:00:00,GHCND:USW00024160,85
761,",,N,",PRCP,2018-07-08T00:00:00,GHCND:US1WAWW0009,0
762,",,N,",SNOW,2018-07-08T00:00:00,GHCND:US1WAWW0009,0
763,",,7,0900",PRCP,2018-07-08T00:00:00,GHCND:USC00355593,0
764,",,7,0900",TMAX,2018-07-08T00:00:00,GHCND:USC00355593,311
765,",,7,0900",TMIN,2018-07-08T00:00:00,GHCND:USC00355593,150
766,",,7,1700",EVAP,2018-07-08T00:00:00,GHCND:USC00454679,94
767,",,7,",MNPN,2018-07-08T00:00:00,GHCND:USC00454679,128
768,",,7,",MXPN,2018-07-08T00:00:00,GHCND:USC00454679,317
769,",,7,1700",PRCP,2018-07-08T00:00:00,GHCND:USC00454679,0
770,",,7,",SNOW,2018-07-08T00:00:00,GHCND:USC00454679,0
771,",,7,1700",TMAX,2018-07-08T00:00:00,GHCND:USC00454679,322
772,",,7,1700",TMIN,2018-07-08T00:00:00,GHCND:USC00454679,83
773,",,7,1700",TOBS,2018-07-08T00:00:00,GHCND:USC00454679,317
774,",,7,0800",PRCP,2018-07-08T00:00:00,GHCND:USC00455387,0
775,",,7,0800",EVAP,2018-07-08T00:00:00,GHCND:USC00459200,76
776,",,7,",MNPN,2018-07-08T00:00:00,GHCND:USC00459200,178
777,",,7,",MXPN,2018-07-08T00:00:00,GHCND:USC00459200,333
778,",,7,0800",PRCP,2018-07-08T00:00:00,GHCND:USC00459200,0
779,",,7,0800",TMAX,2018-07-08T00:00:00,GHCND:USC00459200,294
780,",,7,0800",TMIN,2018-07-08T00:00:00,GHCND:USC00459200,83
781,",,7,0800",TOBS,2018-07-08T00:00:00,GHCND:USC00459200,89
782,",,7,",WDMV,2018-07-08T00:00:00,GHCND:USC00459200,47
783,",,W,",AWND,2018-07-08T00:00:00,GHCND:USW00024160,21
784,",,W,",PRCP,2018-07-08T00:00:00,GHCND:USW00024160,0
785,",,W,",SNOW,2018-07-08T00:00:00,GHCND:USW00024160,0
786,",,W,",SNWD,2018-07-08T00:00:00,GHCND:USW00024160,0
787,",,W,",TMAX,2018-07-08T00:00:00,GHCND:USW00024160,350
788,",,W,",TMIN,2018-07-08T00:00:00,GHCND:USW00024160,139
789,",,W,",WDF2,2018-07-08T00:00:00,GHCND:USW00024160,150
790,",,W,",WDF5,2018-07-08T00:00:00,GHCND:USW00024160,330
791,",,W,",WSF2,2018-07-08T00:00:00,GHCND:USW00024160,54
792,",,W,",WSF5,2018-07-08T00:00:00,GHCND:USW00024160,72
793,",,N,",PRCP,2018-07-09T00:00:00,GHCND:US1WAWW0009,0
794,",,N,",SNOW,2018-07-09T00:00:00,GHCND:US1WAWW0009,0
795,",,7,0900",PRCP,2018-07-09T00:00:00,GHCND:USC00355593,0
796,",,7,0900",TMAX,2018-07-09T00:00:00,GHCND:USC00355593,328
797,",,7,0900",TMIN,2018-07-09T00:00:00,GHCND:USC00355593,194
798,",,7,0900",TOBS,2018-07-09T00:00:00,GHCND:USC00355593,267
799,",,7,1700",EVAP,2018-07-09T00:00:00,GHCND:USC00454679,104
800,",,7,",MNPN,2018-07-09T00:00:00,GHCND:USC00454679,139
801,",,7,",MXPN,2018-07-09T00:00:00,GHCND:USC00454679,322
802,",,7,1700",PRCP,2018-07-09T00:00:00,GHCND:USC00454679,0
803,",,7,",SNOW,2018-07-09T00:00:00,GHCND:USC00454679,0
804,",,7,1700",TMAX,2018-07-09T00:00:00,GHCND:USC00454679,344
805,",,7,1700",TMIN,2018-07-09T00:00:00,GHCND:USC00454679,111
806,",,7,1700",TOBS,2018-07-09T00:00:00,GHCND:USC00454679,333
807,",,7,0800",PRCP,2018-07-09T00:00:00,GHCND:USC00455387,0
808,",,H,0400",SNWD,2018-07-09T00:00:00,GHCND:USC00458932,0
809,",,7,0800",EVAP,2018-07-09T00:00:00,GHCND:USC00459200,91
810,",,7,",MNPN,2018-07-09T00:00:00,GHCND:USC00459200,172
811,",,7,",MXPN,2018-07-09T00:00:00,GHCND:USC00459200,350
812,",,7,0800",PRCP,2018-07-09T00:00:00,GHCND:USC00459200,0
813,",,7,0800",TMAX,2018-07-09T00:00:00,GHCND:USC00459200,339
814,",,7,0800",TMIN,2018-07-09T00:00:00,GHCND:USC00459200,83
815,",,7,0800",TOBS,2018-07-09T00:00:00,GHCND:USC00459200,139
816,",,7,",WDMV,2018-07-09T00:00:00,GHCND:USC00459200,35
817,",,W,",AWND,2018-07-09T00:00:00,GHCND:USW00024160,31
818,",,W,",PRCP,2018-07-09T00:00:00,GHCND:USW00024160,0
819,",,W,",SNOW,2018-07-09T00:00:00,GHCND:USW00024160,0
820,",,W,",SNWD,2018-07-09T00:00:00,GHCND:USW00024160,0
821,",,W,",TMAX,2018-07-09T00:00:00,GHCND:USW00024160,361
822,",,W,",TMIN,2018-07-09T00:00:00,GHCND:USW00024160,172
823,",,W,",WDF2,2018-07-09T00:00:00,GHCND:USW00024160,190
824,",,W,",WDF5,2018-07-09T00:00:00,GHCND:USW00024160,170
825,",,W,",WSF2,2018-07-09T00:00:00,GHCND:USW00024160,98
826,",,W,",WSF5,2018-07-09T00:00:00,GHCND:USW00024160,125
827,",,W,",WT08,2018-07-09T00:00:00,GHCND:USW00024160,1
828,",,N,",PRCP,2018-07-10T00:00:00,GHCND:US1WAWW0009,0
829,",,N,",SNOW,2018-07-10T00:00:00,GHCND:US1WAWW0009,0
830,",,7,0900",PRCP,2018-07-10T00:00:00,GHCND:USC00355593,0
831,",,7,0900",TMAX,2018-07-10T00:00:00,GHCND:USC00355593,344
832,",,7,0900",TMIN,2018-07-10T00:00:00,GHCND:USC00355593,167
833,",,7,0900",TOBS,2018-07-10T00:00:00,GHCND:USC00355593,244
834,",,7,1700",EVAP,2018-07-10T00:00:00,GHCND:USC00454679,127
835,",,7,",MNPN,2018-07-10T00:00:00,GHCND:USC00454679,150
836,",,7,",MXPN,2018-07-10T00:00:00,GHCND:USC00454679,317
837,",,7,1700",PRCP,2018-07-10T00:00:00,GHCND:USC00454679,0
838,",,7,",SNOW,2018-07-10T00:00:00,GHCND:USC00454679,0
839,",,7,1700",TMAX,2018-07-10T00:00:00,GHCND:USC00454679,339
840,",,7,1700",TMIN,2018-07-10T00:00:00,GHCND:USC00454679,144
841,",,7,1700",TOBS,2018-07-10T00:00:00,GHCND:USC00454679,261
842,",,7,0800",PRCP,2018-07-10T00:00:00,GHCND:USC00455387,0
843,",,H,0400",PRCP,2018-07-10T00:00:00,GHCND:USC00458932,0
844,",,H,",SNOW,2018-07-10T00:00:00,GHCND:USC00458932,0
845,",,H,0400",SNWD,2018-07-10T00:00:00,GHCND:USC00458932,0
846,",,7,0800",EVAP,2018-07-10T00:00:00,GHCND:USC00459200,97
847,",,7,",MNPN,2018-07-10T00:00:00,GHCND:USC00459200,172
848,",,7,",MXPN,2018-07-10T00:00:00,GHCND:USC00459200,361
849,",,7,0800",PRCP,2018-07-10T00:00:00,GHCND:USC00459200,0
850,",,7,0800",TMAX,2018-07-10T00:00:00,GHCND:USC00459200,356
851,",,7,0800",TMIN,2018-07-10T00:00:00,GHCND:USC00459200,128
852,",,7,0800",TOBS,2018-07-10T00:00:00,GHCND:USC00459200,178
853,",,7,",WDMV,2018-07-10T00:00:00,GHCND:USC00459200,69
854,",,W,",AWND,2018-07-10T00:00:00,GHCND:USW00024160,45
855,",,W,",PRCP,2018-07-10T00:00:00,GHCND:USW00024160,0
856,",,W,",SNOW,2018-07-10T00:00:00,GHCND:USW00024160,0
857,",,W,",SNWD,2018-07-10T00:00:00,GHCND:USW00024160,0
858,",,W,",TMAX,2018-07-10T00:00:00,GHCND:USW00024160,289
859,",,W,",TMIN,2018-07-10T00:00:00,GHCND:USW00024160,161
860,",,W,",WDF2,2018-07-10T00:00:00,GHCND:USW00024160,200
861,",,W,",WDF5,2018-07-10T00:00:00,GHCND:USW00024160,200
862,",,W,",WSF2,2018-07-10T00:00:00,GHCND:USW00024160,130
863,",,W,",WSF5,2018-07-10T00:00:00,GHCND:USW00024160,165
864,",,W,",WT08,2018-07-10T00:00:00,GHCND:USW00024160,1
865,",,N,",PRCP,2018-07-11T00:00:00,GHCND:US1WAWW0009,0
866,",,N,",SNOW,2018-07-11T00:00:00,GHCND:US1WAWW0009,0
867,",,7,0900",PRCP,2018-07-11T00:00:00,GHCND:USC00355593,0
868,",,7,0900",TMAX,2018-07-11T00:00:00,GHCND:USC00355593,289
869,",,7,0900",TMIN,2018-07-11T00:00:00,GHCND:USC00355593,150
870,",,7,0900",TOBS,2018-07-11T00:00:00,GHCND:USC00355593,211
871,",,7,1700",EVAP,2018-07-11T00:00:00,GHCND:USC00454679,84
872,",,7,",MNPN,2018-07-11T00:00:00,GHCND:USC00454679,139
873,",,7,",MXPN,2018-07-11T00:00:00,GHCND:USC00454679,306
874,",,7,1700",PRCP,2018-07-11T00:00:00,GHCND:USC00454679,0
875,",,7,",SNOW,2018-07-11T00:00:00,GHCND:USC00454679,0
876,",,7,1700",TMAX,2018-07-11T00:00:00,GHCND:USC00454679,306
877,",,7,1700",TMIN,2018-07-11T00:00:00,GHCND:USC00454679,94
878,",,7,1700",TOBS,2018-07-11T00:00:00,GHCND:USC00454679,294
879,",,7,0800",PRCP,2018-07-11T00:00:00,GHCND:USC00455387,0
880,",,H,0400",PRCP,2018-07-11T00:00:00,GHCND:USC00458932,0
881,",,H,",SNOW,2018-07-11T00:00:00,GHCND:USC00458932,0
882,",,H,0400",SNWD,2018-07-11T00:00:00,GHCND:USC00458932,0
883,",,7,0800",EVAP,2018-07-11T00:00:00,GHCND:USC00459200,76
884,",,7,",MNPN,2018-07-11T00:00:00,GHCND:USC00459200,183
885,",,7,",MXPN,2018-07-11T00:00:00,GHCND:USC00459200,339
886,",,7,0800",PRCP,2018-07-11T00:00:00,GHCND:USC00459200,0
887,",,7,0800",TMAX,2018-07-11T00:00:00,GHCND:USC00459200,294
888,",,7,0800",TMIN,2018-07-11T00:00:00,GHCND:USC00459200,100
889,",,7,0800",TOBS,2018-07-11T00:00:00,GHCND:USC00459200,106
890,",,7,",WDMV,2018-07-11T00:00:00,GHCND:USC00459200,71
891,",,W,",AWND,2018-07-11T00:00:00,GHCND:USW00024160,29
892,",,W,",PRCP,2018-07-11T00:00:00,GHCND:USW00024160,0
893,",,W,",SNOW,2018-07-11T00:00:00,GHCND:USW00024160,0
894,",,W,",SNWD,2018-07-11T00:00:00,GHCND:USW00024160,0
895,",,W,",TMAX,2018-07-11T00:00:00,GHCND:USW00024160,328
896,",,W,",TMIN,2018-07-11T00:00:00,GHCND:USW00024160,167
897,",,W,",WDF2,2018-07-11T00:00:00,GHCND:USW00024160,30
898,",,W,",WDF5,2018-07-11T00:00:00,GHCND:USW00024160,20
899,",,W,",WSF2,2018-07-11T00:00:00,GHCND:USW00024160,72
900,",,W,",WSF5,2018-07-11T00:00:00,GHCND:USW00024160,107
901,",,N,",PRCP,2018-07-12T00:00:00,GHCND:US1WAWW0009,0
902,",,N,",SNOW,2018-07-12T00:00:00,GHCND:US1WAWW0009,0
903,",,7,0900",PRCP,2018-07-12T00:00:00,GHCND:USC00355593,0
904,",,7,0900",TMAX,2018-07-12T00:00:00,GHCND:USC00355593,333
905,",,7,0900",TMIN,2018-07-12T00:00:00,GHCND:USC00355593,189
906,",,7,0900",TOBS,2018-07-12T00:00:00,GHCND:USC00355593,239
907,",,7,1700",EVAP,2018-07-12T00:00:00,GHCND:USC00454679,99
908,",,7,",MNPN,2018-07-12T00:00:00,GHCND:USC00454679,156
909,",,7,",MXPN,2018-07-12T00:00:00,GHCND:USC00454679,333
910,",,7,1700",PRCP,2018-07-12T00:00:00,GHCND:USC00454679,0
911,",,7,",SNOW,2018-07-12T00:00:00,GHCND:USC00454679,0
912,",,7,1700",TMAX,2018-07-12T00:00:00,GHCND:USC00454679,339
913,",,7,1700",TMIN,2018-07-12T00:00:00,GHCND:USC00454679,122
914,",,7,1700",TOBS,2018-07-12T00:00:00,GHCND:USC00454679,339
915,",,7,0800",PRCP,2018-07-12T00:00:00,GHCND:USC00455387,0
916,",,H,0400",PRCP,2018-07-12T00:00:00,GHCND:USC00458932,0
917,",,H,",SNOW,2018-07-12T00:00:00,GHCND:USC00458932,0
918,",,H,0400",SNWD,2018-07-12T00:00:00,GHCND:USC00458932,0
919,",,7,0800",EVAP,2018-07-12T00:00:00,GHCND:USC00459200,76
920,",,7,",MNPN,2018-07-12T00:00:00,GHCND:USC00459200,183
921,",,7,",MXPN,2018-07-12T00:00:00,GHCND:USC00459200,350
922,",,7,0800",PRCP,2018-07-12T00:00:00,GHCND:USC00459200,0
923,",,7,0800",TMAX,2018-07-12T00:00:00,GHCND:USC00459200,317
924,",,7,0800",TMIN,2018-07-12T00:00:00,GHCND:USC00459200,106
925,",,7,0800",TOBS,2018-07-12T00:00:00,GHCND:USC00459200,117
926,",,7,",WDMV,2018-07-12T00:00:00,GHCND:USC00459200,45
927,",,W,",AWND,2018-07-12T00:00:00,GHCND:USW00024160,25
928,",,W,",PRCP,2018-07-12T00:00:00,GHCND:USW00024160,0
929,",,W,",SNOW,2018-07-12T00:00:00,GHCND:USW00024160,0
930,",,W,",SNWD,2018-07-12T00:00:00,GHCND:USW00024160,0
931,",,W,",TMAX,2018-07-12T00:00:00,GHCND:USW00024160,361
932,",,W,",TMIN,2018-07-12T00:00:00,GHCND:USW00024160,161
933,",,W,",WDF2,2018-07-12T00:00:00,GHCND:USW00024160,270
934,",,W,",WDF5,2018-07-12T00:00:00,GHCND:USW00024160,70
935,",,W,",WSF2,2018-07-12T00:00:00,GHCND:USW00024160,63
936,",,W,",WSF5,2018-07-12T00:00:00,GHCND:USW00024160,81
937,",,N,",PRCP,2018-07-13T00:00:00,GHCND:US1WAWW0009,0
938,",,N,",SNOW,2018-07-13T00:00:00,GHCND:US1WAWW0009,0
939,",,7,0900",PRCP,2018-07-13T00:00:00,GHCND:USC00355593,0
940,",,7,0900",TMAX,2018-07-13T00:00:00,GHCND:USC00355593,378
941,",,7,0900",TMIN,2018-07-13T00:00:00,GHCND:USC00355593,200
942,",,7,0900",TOBS,2018-07-13T00:00:00,GHCND:USC00355593,250
943,",,7,1700",EVAP,2018-07-13T00:00:00,GHCND:USC00454679,130
944,",,7,",MNPN,2018-07-13T00:00:00,GHCND:USC00454679,167
945,",,7,",MXPN,2018-07-13T00:00:00,GHCND:USC00454679,328
946,",,7,1700",PRCP,2018-07-13T00:00:00,GHCND:USC00454679,0
947,",,7,",SNOW,2018-07-13T00:00:00,GHCND:USC00454679,0
948,",,7,1700",TMAX,2018-07-13T00:00:00,GHCND:USC00454679,361
949,",,7,1700",TMIN,2018-07-13T00:00:00,GHCND:USC00454679,150
950,",,7,1700",TOBS,2018-07-13T00:00:00,GHCND:USC00454679,361
951,",,7,0800",PRCP,2018-07-13T00:00:00,GHCND:USC00455387,0
952,",,7,0800",EVAP,2018-07-13T00:00:00,GHCND:USC00459200,102
953,",,7,",MNPN,2018-07-13T00:00:00,GHCND:USC00459200,189
954,",,7,",MXPN,2018-07-13T00:00:00,GHCND:USC00459200,361
955,",,7,0800",PRCP,2018-07-13T00:00:00,GHCND:USC00459200,0
956,",,7,0800",TMAX,2018-07-13T00:00:00,GHCND:USC00459200,356
957,",,7,0800",TMIN,2018-07-13T00:00:00,GHCND:USC00459200,117
958,",,7,0800",TOBS,2018-07-13T00:00:00,GHCND:USC00459200,133
959,",,7,",WDMV,2018-07-13T00:00:00,GHCND:USC00459200,47
960,",,W,",AWND,2018-07-13T00:00:00,GHCND:USW00024160,34
961,",,W,",PRCP,2018-07-13T00:00:00,GHCND:USW00024160,0
962,",,W,",SNOW,2018-07-13T00:00:00,GHCND:USW00024160,0
963,",,W,",SNWD,2018-07-13T00:00:00,GHCND:USW00024160,0
964,",,W,",TMAX,2018-07-13T00:00:00,GHCND:USW00024160,394
965,",,W,",TMIN,2018-07-13T00:00:00,GHCND:USW00024160,183
966,",,W,",WDF2,2018-07-13T00:00:00,GHCND:USW00024160,200
967,",,W,",WDF5,2018-07-13T00:00:00,GHCND:USW00024160,190
968,",,W,",WSF2,2018-07-13T00:00:00,GHCND:USW00024160,72
969,",,W,",WSF5,2018-07-13T00:00:00,GHCND:USW00024160,89
970,",,N,",PRCP,2018-07-14T00:00:00,GHCND:US1WAWW0009,0
971,",,N,",SNOW,2018-07-14T00:00:00,GHCND:US1WAWW0009,0
972,",,7,0900",PRCP,2018-07-14T00:00:00,GHCND:USC00355593,0
973,",,7,0900",TMAX,2018-07-14T00:00:00,GHCND:USC00355593,389
974,",,7,0900",TMIN,2018-07-14T00:00:00,GHCND:USC00355593,211
975,",,7,1700",EVAP,2018-07-14T00:00:00,GHCND:USC00454679,130
976,",,7,",MNPN,2018-07-14T00:00:00,GHCND:USC00454679,161
977,",,7,",MXPN,2018-07-14T00:00:00,GHCND:USC00454679,311
978,",,7,1700",PRCP,2018-07-14T00:00:00,GHCND:USC00454679,0
979,",,7,",SNOW,2018-07-14T00:00:00,GHCND:USC00454679,0
980,",,7,1700",TMAX,2018-07-14T00:00:00,GHCND:USC00454679,367
981,",,7,1700",TMIN,2018-07-14T00:00:00,GHCND:USC00454679,161
982,",,7,1700",TOBS,2018-07-14T00:00:00,GHCND:USC00454679,311
983,",,7,0800",PRCP,2018-07-14T00:00:00,GHCND:USC00455387,0
984,",,7,0800",EVAP,2018-07-14T00:00:00,GHCND:USC00459200,99
985,",,7,",MNPN,2018-07-14T00:00:00,GHCND:USC00459200,189
986,",,7,",MXPN,2018-07-14T00:00:00,GHCND:USC00459200,378
987,",,7,0800",PRCP,2018-07-14T00:00:00,GHCND:USC00459200,0
988,",,7,0800",TMAX,2018-07-14T00:00:00,GHCND:USC00459200,394
989,",,7,0800",TMIN,2018-07-14T00:00:00,GHCND:USC00459200,128
990,",,7,0800",TOBS,2018-07-14T00:00:00,GHCND:USC00459200,150
991,",,7,",WDMV,2018-07-14T00:00:00,GHCND:USC00459200,42
992,",,W,",AWND,2018-07-14T00:00:00,GHCND:USW00024160,39
993,",,W,",PRCP,2018-07-14T00:00:00,GHCND:USW00024160,0
994,",,W,",SNOW,2018-07-14T00:00:00,GHCND:USW00024160,0
995,",,W,",SNWD,2018-07-14T00:00:00,GHCND:USW00024160,0
996,",,W,",TMAX,2018-07-14T00:00:00,GHCND:USW00024160,350
997,",,W,",TMIN,2018-07-14T00:00:00,GHCND:USW00024160,178
998,",,W,",WDF2,2018-07-14T00:00:00,GHCND:USW00024160,270
999,",,W,",WDF5,2018-07-14T00:00:00,GHCND:USW00024160,280
0,",,W,",WSF2,2018-07-14T00:00:00,GHCND:USW00024160,76
1,",,W,",WSF5,2018-07-14T00:00:00,GHCND:USW00024160,107
2,",,N,",PRCP,2018-07-15T00:00:00,GHCND:US1WAWW0009,0
3,",,N,",SNOW,2018-07-15T00:00:00,GHCND:US1WAWW0009,0
4,",,7,0900",PRCP,2018-07-15T00:00:00,GHCND:USC00355593,0
5,",,7,0900",TMAX,2018-07-15T00:00:00,GHCND:USC00355593,339
6,",,7,0900",TMIN,2018-07-15T00:00:00,GHCND:USC00355593,167
7,",,7,1700",EVAP,2018-07-15T00:00:00,GHCND:USC00454679,107
8,",,7,",MNPN,2018-07-15T00:00:00,GHCND:USC00454679,128
9,",,7,",MXPN,2018-07-15T00:00:00,GHCND:USC00454679,328
10,",,7,1700",PRCP,2018-07-15T00:00:00,GHCND:USC00454679,0
11,",,7,",SNOW,2018-07-15T00:00:00,GHCND:USC00454679,0
12,",,7,1700",TMAX,2018-07-15T00:00:00,GHCND:USC00454679,361
13,",,7,1700",TMIN,2018-07-15T00:00:00,GHCND:USC00454679,111
14,",,7,1700",TOBS,2018-07-15T00:00:00,GHCND:USC00454679,356
15,",,7,0800",PRCP,2018-07-15T00:00:00,GHCND:USC00455387,0
16,",,7,0800",EVAP,2018-07-15T00:00:00,GHCND:USC00459200,91
17,",,7,",MNPN,2018-07-15T00:00:00,GHCND:USC00459200,189
18,",,7,",MXPN,2018-07-15T00:00:00,GHCND:USC00459200,356
19,",,7,0800",PRCP,2018-07-15T00:00:00,GHCND:USC00459200,0
20,",,7,0800",TMAX,2018-07-15T00:00:00,GHCND:USC00459200,344
21,",,7,0800",TMIN,2018-07-15T00:00:00,GHCND:USC00459200,100
22,",,7,0800",TOBS,2018-07-15T00:00:00,GHCND:USC00459200,100
23,",,7,",WDMV,2018-07-15T00:00:00,GHCND:USC00459200,51
24,",,W,",AWND,2018-07-15T00:00:00,GHCND:USW00024160,28
25,",,W,",PRCP,2018-07-15T00:00:00,GHCND:USW00024160,0
26,",,W,",SNOW,2018-07-15T00:00:00,GHCND:USW00024160,0
27,",,W,",SNWD,2018-07-15T00:00:00,GHCND:USW00024160,0
28,",,W,",TMAX,2018-07-15T00:00:00,GHCND:USW00024160,367
29,",,W,",TMIN,2018-07-15T00:00:00,GHCND:USW00024160,156
30,",,W,",WDF2,2018-07-15T00:00:00,GHCND:USW00024160,220
31,",,W,",WDF5,2018-07-15T00:00:00,GHCND:USW00024160,260
32,",,W,",WSF2,2018-07-15T00:00:00,GHCND:USW00024160,63
33,",,W,",WSF5,2018-07-15T00:00:00,GHCND:USW00024160,76
34,",,N,",PRCP,2018-07-16T00:00:00,GHCND:US1WAWW0009,0
35,",,N,",SNOW,2018-07-16T00:00:00,GHCND:US1WAWW0009,0
36,",,7,0900",PRCP,2018-07-16T00:00:00,GHCND:USC00355593,0
37,",,7,0900",TMAX,2018-07-16T00:00:00,GHCND:USC00355593,372
38,",,7,0900",TMIN,2018-07-16T00:00:00,GHCND:USC00355593,217
39,",,7,0900",TOBS,2018-07-16T00:00:00,GHCND:USC00355593,228
40,",,7,1700",EVAP,2018-07-16T00:00:00,GHCND:USC00454679,109
41,",,7,",MNPN,2018-07-16T00:00:00,GHCND:USC00454679,150
42,",,7,",MXPN,2018-07-16T00:00:00,GHCND:USC00454679,328
43,",,7,1700",PRCP,2018-07-16T00:00:00,GHCND:USC00454679,0
44,",,7,",SNOW,2018-07-16T00:00:00,GHCND:USC00454679,0
45,",,7,1700",TMAX,2018-07-16T00:00:00,GHCND:USC00454679,356
46,",,7,1700",TMIN,2018-07-16T00:00:00,GHCND:USC00454679,122
47,",,7,1700",TOBS,2018-07-16T00:00:00,GHCND:USC00454679,356
48,",,7,0800",PRCP,2018-07-16T00:00:00,GHCND:USC00455387,0
49,",,H,0400",SNWD,2018-07-16T00:00:00,GHCND:USC00458932,0
50,",,7,0800",EVAP,2018-07-16T00:00:00,GHCND:USC00459200,79
51,",,7,",MNPN,2018-07-16T00:00:00,GHCND:USC00459200,183
52,",,7,",MXPN,2018-07-16T00:00:00,GHCND:USC00459200,339
53,",,7,0800",PRCP,2018-07-16T00:00:00,GHCND:USC00459200,0
54,",,7,0800",TMAX,2018-07-16T00:00:00,GHCND:USC00459200,356
55,",,7,0800",TMIN,2018-07-16T00:00:00,GHCND:USC00459200,83
56,",,7,0800",TOBS,2018-07-16T00:00:00,GHCND:USC00459200,117
57,",,7,",WDMV,2018-07-16T00:00:00,GHCND:USC00459200,35
58,",,W,",AWND,2018-07-16T00:00:00,GHCND:USW00024160,28
59,",,W,",PRCP,2018-07-16T00:00:00,GHCND:USW00024160,0
60,",,W,",SNOW,2018-07-16T00:00:00,GHCND:USW00024160,0
61,",,W,",SNWD,2018-07-16T00:00:00,GHCND:USW00024160,0
62,",,W,",TMAX,2018-07-16T00:00:00,GHCND:USW00024160,383
63,",,W,",TMIN,2018-07-16T00:00:00,GHCND:USW00024160,200
64,",,W,",WDF2,2018-07-16T00:00:00,GHCND:USW00024160,200
65,",,W,",WDF5,2018-07-16T00:00:00,GHCND:USW00024160,350
66,",,W,",WSF2,2018-07-16T00:00:00,GHCND:USW00024160,63
67,",,W,",WSF5,2018-07-16T00:00:00,GHCND:USW00024160,72
68,",,N,",PRCP,2018-07-17T00:00:00,GHCND:US1WAWW0009,0
69,",,N,",SNOW,2018-07-17T00:00:00,GHCND:US1WAWW0009,0
70,",,7,0900",PRCP,2018-07-17T00:00:00,GHCND:USC00355593,0
71,",,7,0900",TMAX,2018-07-17T00:00:00,GHCND:USC00355593,383
72,",,7,0900",TMIN,2018-07-17T00:00:00,GHCND:USC00355593,228
73,",,7,0900",TOBS,2018-07-17T00:00:00,GHCND:USC00355593,261
74,",,7,1700",EVAP,2018-07-17T00:00:00,GHCND:USC00454679,130
75,",,7,",MNPN,2018-07-17T00:00:00,GHCND:USC00454679,156
76,",,7,",MXPN,2018-07-17T00:00:00,GHCND:USC00454679,317
77,",,7,1700",PRCP,2018-07-17T00:00:00,GHCND:USC00454679,0
78,",,7,",SNOW,2018-07-17T00:00:00,GHCND:USC00454679,0
79,",,7,1700",TMAX,2018-07-17T00:00:00,GHCND:USC00454679,367
80,",,7,1700",TMIN,2018-07-17T00:00:00,GHCND:USC00454679,128
81,",,7,1700",TOBS,2018-07-17T00:00:00,GHCND:USC00454679,361
82,",,7,0800",PRCP,2018-07-17T00:00:00,GHCND:USC00455387,0
83,",,H,0400",PRCP,2018-07-17T00:00:00,GHCND:USC00458932,0
84,",,H,",SNOW,2018-07-17T00:00:00,GHCND:USC00458932,0
85,",,H,0400",SNWD,2018-07-17T00:00:00,GHCND:USC00458932,0
86,",,7,0800",EVAP,2018-07-17T00:00:00,GHCND:USC00459200,74
87,",,7,",MNPN,2018-07-17T00:00:00,GHCND:USC00459200,200
88,",,7,",MXPN,2018-07-17T00:00:00,GHCND:USC00459200,350
89,",,7,0800",PRCP,2018-07-17T00:00:00,GHCND:USC00459200,0
90,",,7,0800",TMAX,2018-07-17T00:00:00,GHCND:USC00459200,378
91,",,7,0800",TMIN,2018-07-17T00:00:00,GHCND:USC00459200,117
92,",,7,0800",TOBS,2018-07-17T00:00:00,GHCND:USC00459200,194
93,",,W,",AWND,2018-07-17T00:00:00,GHCND:USW00024160,46
94,",,W,",PRCP,2018-07-17T00:00:00,GHCND:USW00024160,0
95,",,W,",SNOW,2018-07-17T00:00:00,GHCND:USW00024160,0
96,",,W,",SNWD,2018-07-17T00:00:00,GHCND:USW00024160,0
97,",,W,",TMAX,2018-07-17T00:00:00,GHCND:USW00024160,389
98,",,W,",TMIN,2018-07-17T00:00:00,GHCND:USW00024160,233
99,",,W,",WDF2,2018-07-17T00:00:00,GHCND:USW00024160,200
100,",,W,",WDF5,2018-07-17T00:00:00,GHCND:USW00024160,200
101,",,W,",WSF2,2018-07-17T00:00:00,GHCND:USW00024160,98
102,",,W,",WSF5,2018-07-17T00:00:00,GHCND:USW00024160,112
103,",,N,",PRCP,2018-07-18T00:00:00,GHCND:US1WAWW0009,0
104,",,N,",SNOW,2018-07-18T00:00:00,GHCND:US1WAWW0009,0
105,",,7,0900",PRCP,2018-07-18T00:00:00,GHCND:USC00355593,0
106,",,7,0900",TMAX,2018-07-18T00:00:00,GHCND:USC00355593,378
107,",,7,0900",TMIN,2018-07-18T00:00:00,GHCND:USC00355593,189
108,",,7,0900",TOBS,2018-07-18T00:00:00,GHCND:USC00355593,256
109,",,7,1700",EVAP,2018-07-18T00:00:00,GHCND:USC00454679,127
110,",,7,",MNPN,2018-07-18T00:00:00,GHCND:USC00454679,161
111,",,7,",MXPN,2018-07-18T00:00:00,GHCND:USC00454679,311
112,",,7,1700",PRCP,2018-07-18T00:00:00,GHCND:USC00454679,0
113,",,7,",SNOW,2018-07-18T00:00:00,GHCND:USC00454679,0
114,",,7,1700",TMAX,2018-07-18T00:00:00,GHCND:USC00454679,367
115,",,7,1700",TMIN,2018-07-18T00:00:00,GHCND:USC00454679,167
116,",,7,1700",TOBS,2018-07-18T00:00:00,GHCND:USC00454679,328
117,",,7,0800",PRCP,2018-07-18T00:00:00,GHCND:USC00455387,0
118,",,7,0800",EVAP,2018-07-18T00:00:00,GHCND:USC00459200,81
119,",,7,",MNPN,2018-07-18T00:00:00,GHCND:USC00459200,194
120,",,7,",MXPN,2018-07-18T00:00:00,GHCND:USC00459200,361
121,",,7,0800",PRCP,2018-07-18T00:00:00,GHCND:USC00459200,0
122,",,7,0800",TMAX,2018-07-18T00:00:00,GHCND:USC00459200,378
123,",,7,0800",TMIN,2018-07-18T00:00:00,GHCND:USC00459200,189
124,",,7,0800",TOBS,2018-07-18T00:00:00,GHCND:USC00459200,194
125,",,7,",WDMV,2018-07-18T00:00:00,GHCND:USC00459200,76
126,",,W,",AWND,2018-07-18T00:00:00,GHCND:USW00024160,51
127,",,W,",PRCP,2018-07-18T00:00:00,GHCND:USW00024160,0
128,",,W,",SNOW,2018-07-18T00:00:00,GHCND:USW00024160,0
129,",,W,",SNWD,2018-07-18T00:00:00,GHCND:USW00024160,0
130,",,W,",TMAX,2018-07-18T00:00:00,GHCND:USW00024160,356
131,",,W,",TMIN,2018-07-18T00:00:00,GHCND:USW00024160,217
132,",,W,",WDF2,2018-07-18T00:00:00,GHCND:USW00024160,200
133,",,W,",WDF5,2018-07-18T00:00:00,GHCND:USW00024160,210
134,",,W,",WSF2,2018-07-18T00:00:00,GHCND:USW00024160,94
135,",,W,",WSF5,2018-07-18T00:00:00,GHCND:USW00024160,121
136,",,N,",PRCP,2018-07-19T00:00:00,GHCND:US1WAWW0009,0
137,",,N,",SNOW,2018-07-19T00:00:00,GHCND:US1WAWW0009,0
138,",,7,0900",PRCP,2018-07-19T00:00:00,GHCND:USC00355593,0
139,",,7,0900",TMAX,2018-07-19T00:00:00,GHCND:USC00355593,350
140,",,7,0900",TMIN,2018-07-19T00:00:00,GHCND:USC00355593,194
141,",,7,0900",TOBS,2018-07-19T00:00:00,GHCND:USC00355593,261
142,",,7,1700",EVAP,2018-07-19T00:00:00,GHCND:USC00454679,112
143,",,7,",MNPN,2018-07-19T00:00:00,GHCND:USC00454679,161
144,",,7,",MXPN,2018-07-19T00:00:00,GHCND:USC00454679,311
145,",,7,1700",PRCP,2018-07-19T00:00:00,GHCND:USC00454679,0
146,",,7,",SNOW,2018-07-19T00:00:00,GHCND:USC00454679,0
147,",,7,1700",TMAX,2018-07-19T00:00:00,GHCND:USC00454679,333
148,",,7,1700",TMIN,2018-07-19T00:00:00,GHCND:USC00454679,128
149,",,7,1700",TOBS,2018-07-19T00:00:00,GHCND:USC00454679,300
150,",,7,0800",PRCP,2018-07-19T00:00:00,GHCND:USC00455387,0
151,",,H,0400",SNWD,2018-07-19T00:00:00,GHCND:USC00458932,0
152,",,7,0800",EVAP,2018-07-19T00:00:00,GHCND:USC00459200,97
153,",,7,",MNPN,2018-07-19T00:00:00,GHCND:USC00459200,194
154,",,7,",MXPN,2018-07-19T00:00:00,GHCND:USC00459200,356
155,",,7,0800",PRCP,2018-07-19T00:00:00,GHCND:USC00459200,0
156,",,7,0800",TMAX,2018-07-19T00:00:00,GHCND:USC00459200,356
157,",,7,0800",TMIN,2018-07-19T00:00:00,GHCND:USC00459200,156
158,",,7,0800",TOBS,2018-07-19T00:00:00,GHCND:USC00459200,167
159,",,7,",WDMV,2018-07-19T00:00:00,GHCND:USC00459200,85
160,",,W,",AWND,2018-07-19T00:00:00,GHCND:USW00024160,54
161,",,W,",PRCP,2018-07-19T00:00:00,GHCND:USW00024160,0
162,",,W,",SNOW,2018-07-19T00:00:00,GHCND:USW00024160,0
163,",,W,",SNWD,2018-07-19T00:00:00,GHCND:USW00024160,0
164,",,W,",TMAX,2018-07-19T00:00:00,GHCND:USW00024160,333
165,",,W,",TMIN,2018-07-19T00:00:00,GHCND:USW00024160,189
166,",,W,",WDF2,2018-07-19T00:00:00,GHCND:USW00024160,250
167,",,W,",WDF5,2018-07-19T00:00:00,GHCND:USW00024160,250
168,",,W,",WSF2,2018-07-19T00:00:00,GHCND:USW00024160,89
169,",,W,",WSF5,2018-07-19T00:00:00,GHCND:USW00024160,112
170,",,N,",PRCP,2018-07-20T00:00:00,GHCND:US1WAWW0009,0
171,",,N,",SNOW,2018-07-20T00:00:00,GHCND:US1WAWW0009,0
172,",,7,0900",PRCP,2018-07-20T00:00:00,GHCND:USC00355593,0
173,",,7,0900",TMAX,2018-07-20T00:00:00,GHCND:USC00355593,333
174,",,7,0900",TMIN,2018-07-20T00:00:00,GHCND:USC00355593,139
175,",,7,0900",TOBS,2018-07-20T00:00:00,GHCND:USC00355593,239
176,",,7,1700",EVAP,2018-07-20T00:00:00,GHCND:USC00454679,102
177,",,7,",MNPN,2018-07-20T00:00:00,GHCND:USC00454679,128
178,",,7,",MXPN,2018-07-20T00:00:00,GHCND:USC00454679,300
179,",,7,1700",PRCP,2018-07-20T00:00:00,GHCND:USC00454679,0
180,",,7,",SNOW,2018-07-20T00:00:00,GHCND:USC00454679,0
181,",,7,1700",TMAX,2018-07-20T00:00:00,GHCND:USC00454679,311
182,",,7,1700",TMIN,2018-07-20T00:00:00,GHCND:USC00454679,106
183,",,7,1700",TOBS,2018-07-20T00:00:00,GHCND:USC00454679,272
184,",,7,0800",PRCP,2018-07-20T00:00:00,GHCND:USC00455387,0
185,",,H,0400",PRCP,2018-07-20T00:00:00,GHCND:USC00458932,0
186,",,H,",SNOW,2018-07-20T00:00:00,GHCND:USC00458932,0
187,",,H,0400",SNWD,2018-07-20T00:00:00,GHCND:USC00458932,0
188,",,7,0800",EVAP,2018-07-20T00:00:00,GHCND:USC00459200,130
189,",,7,",MNPN,2018-07-20T00:00:00,GHCND:USC00459200,178
190,",,7,",MXPN,2018-07-20T00:00:00,GHCND:USC00459200,339
191,",,7,0800",PRCP,2018-07-20T00:00:00,GHCND:USC00459200,0
192,",,7,0800",TMAX,2018-07-20T00:00:00,GHCND:USC00459200,328
193,",,7,0800",TMIN,2018-07-20T00:00:00,GHCND:USC00459200,128
194,",,7,0800",TOBS,2018-07-20T00:00:00,GHCND:USC00459200,133
195,",,7,",WDMV,2018-07-20T00:00:00,GHCND:USC00459200,106
196,",,W,",AWND,2018-07-20T00:00:00,GHCND:USW00024160,38
197,",,W,",PRCP,2018-07-20T00:00:00,GHCND:USW00024160,0
198,",,W,",SNOW,2018-07-20T00:00:00,GHCND:USW00024160,0
199,",,W,",SNWD,2018-07-20T00:00:00,GHCND:USW00024160,0
200,",,W,",TMAX,2018-07-20T00:00:00,GHCND:USW00024160,300
201,",,W,",TMIN,2018-07-20T00:00:00,GHCND:USW00024160,150
202,",,W,",WDF2,2018-07-20T00:00:00,GHCND:USW00024160,190
203,",,W,",WDF5,2018-07-20T00:00:00,GHCND:USW00024160,180
204,",,W,",WSF2,2018-07-20T00:00:00,GHCND:USW00024160,89
205,",,W,",WSF5,2018-07-20T00:00:00,GHCND:USW00024160,107
206,",,W,",WT08,2018-07-20T00:00:00,GHCND:USW00024160,1
207,",,N,",PRCP,2018-07-21T00:00:00,GHCND:US1WAWW0009,0
208,",,N,",SNOW,2018-07-21T00:00:00,GHCND:US1WAWW0009,0
209,",,7,0900",PRCP,2018-07-21T00:00:00,GHCND:USC00355593,0
210,",,7,0900",TMAX,2018-07-21T00:00:00,GHCND:USC00355593,300
211,",,7,0900",TMIN,2018-07-21T00:00:00,GHCND:USC00355593,150
212,",,7,1700",EVAP,2018-07-21T00:00:00,GHCND:USC00454679,102
213,",,7,",MNPN,2018-07-21T00:00:00,GHCND:USC00454679,128
214,",,7,",MXPN,2018-07-21T00:00:00,GHCND:USC00454679,283
215,",,7,1700",PRCP,2018-07-21T00:00:00,GHCND:USC00454679,0
216,",,7,",SNOW,2018-07-21T00:00:00,GHCND:USC00454679,0
217,",,7,1700",TMAX,2018-07-21T00:00:00,GHCND:USC00454679,278
218,",,7,1700",TMIN,2018-07-21T00:00:00,GHCND:USC00454679,94
219,",,7,1700",TOBS,2018-07-21T00:00:00,GHCND:USC00454679,267
220,",,7,0800",PRCP,2018-07-21T00:00:00,GHCND:USC00455387,0
221,",,7,0800",EVAP,2018-07-21T00:00:00,GHCND:USC00459200,89
222,",,7,",MNPN,2018-07-21T00:00:00,GHCND:USC00459200,139
223,",,7,",MXPN,2018-07-21T00:00:00,GHCND:USC00459200,333
224,",,7,0800",PRCP,2018-07-21T00:00:00,GHCND:USC00459200,0
225,",,7,0800",TMAX,2018-07-21T00:00:00,GHCND:USC00459200,306
226,",,7,0800",TMIN,2018-07-21T00:00:00,GHCND:USC00459200,78
227,",,7,0800",TOBS,2018-07-21T00:00:00,GHCND:USC00459200,78
228,",,7,",WDMV,2018-07-21T00:00:00,GHCND:USC00459200,43
229,",,W,",AWND,2018-07-21T00:00:00,GHCND:USW00024160,30
230,",,W,",PRCP,2018-07-21T00:00:00,GHCND:USW00024160,0
231,",,W,",SNOW,2018-07-21T00:00:00,GHCND:USW00024160,0
232,",,W,",SNWD,2018-07-21T00:00:00,GHCND:USW00024160,0
233,",,W,",TMAX,2018-07-21T00:00:00,GHCND:USW00024160,300
234,",,W,",TMIN,2018-07-21T00:00:00,GHCND:USW00024160,156
235,",,W,",WDF2,2018-07-21T00:00:00,GHCND:USW00024160,290
236,",,W,",WDF5,2018-07-21T00:00:00,GHCND:USW00024160,300
237,",,W,",WSF2,2018-07-21T00:00:00,GHCND:USW00024160,63
238,",,W,",WSF5,2018-07-21T00:00:00,GHCND:USW00024160,103
239,",,W,",WT08,2018-07-21T00:00:00,GHCND:USW00024160,1
240,",,N,",PRCP,2018-07-22T00:00:00,GHCND:US1WAWW0009,0
241,",,N,",SNOW,2018-07-22T00:00:00,GHCND:US1WAWW0009,0
242,",,7,0900",PRCP,2018-07-22T00:00:00,GHCND:USC00355593,0
243,",,7,0900",TMAX,2018-07-22T00:00:00,GHCND:USC00355593,306
244,",,7,0900",TMIN,2018-07-22T00:00:00,GHCND:USC00355593,156
245,",,7,1700",EVAP,2018-07-22T00:00:00,GHCND:USC00454679,86
246,",,7,",MNPN,2018-07-22T00:00:00,GHCND:USC00454679,128
247,",,7,",MXPN,2018-07-22T00:00:00,GHCND:USC00454679,311
248,",,7,1700",PRCP,2018-07-22T00:00:00,GHCND:USC00454679,0
249,",,7,",SNOW,2018-07-22T00:00:00,GHCND:USC00454679,0
250,",,7,1700",TMAX,2018-07-22T00:00:00,GHCND:USC00454679,306
251,",,7,1700",TMIN,2018-07-22T00:00:00,GHCND:USC00454679,89
252,",,7,1700",TOBS,2018-07-22T00:00:00,GHCND:USC00454679,300
253,",,7,0800",PRCP,2018-07-22T00:00:00,GHCND:USC00455387,0
254,",,7,0800",EVAP,2018-07-22T00:00:00,GHCND:USC00459200,76
255,",,7,",MNPN,2018-07-22T00:00:00,GHCND:USC00459200,156
256,",,7,",MXPN,2018-07-22T00:00:00,GHCND:USC00459200,339
257,",,7,0800",PRCP,2018-07-22T00:00:00,GHCND:USC00459200,0
258,",,7,0800",TMAX,2018-07-22T00:00:00,GHCND:USC00459200,300
259,",,7,0800",TMIN,2018-07-22T00:00:00,GHCND:USC00459200,78
260,",,7,0800",TOBS,2018-07-22T00:00:00,GHCND:USC00459200,83
261,",,7,",WDMV,2018-07-22T00:00:00,GHCND:USC00459200,34
262,",,W,",AWND,2018-07-22T00:00:00,GHCND:USW00024160,23
263,",,W,",PRCP,2018-07-22T00:00:00,GHCND:USW00024160,0
264,",,W,",SNOW,2018-07-22T00:00:00,GHCND:USW00024160,0
265,",,W,",SNWD,2018-07-22T00:00:00,GHCND:USW00024160,0
266,",,W,",TMAX,2018-07-22T00:00:00,GHCND:USW00024160,339
267,",,W,",TMIN,2018-07-22T00:00:00,GHCND:USW00024160,128
268,",,W,",WDF2,2018-07-22T00:00:00,GHCND:USW00024160,70
269,",,W,",WDF5,2018-07-22T00:00:00,GHCND:USW00024160,70
270,",,W,",WSF2,2018-07-22T00:00:00,GHCND:USW00024160,58
271,",,W,",WSF5,2018-07-22T00:00:00,GHCND:USW00024160,72
272,",,N,",PRCP,2018-07-23T00:00:00,GHCND:US1WAWW0009,0
273,",,N,",SNOW,2018-07-23T00:00:00,GHCND:US1WAWW0009,0
274,",,7,0900",PRCP,2018-07-23T00:00:00,GHCND:USC00355593,0
275,",,7,0900",TMAX,2018-07-23T00:00:00,GHCND:USC00355593,339
276,",,7,0900",TMIN,2018-07-23T00:00:00,GHCND:USC00355593,156
277,",,7,0900",TOBS,2018-07-23T00:00:00,GHCND:USC00355593,250
278,",,7,1700",EVAP,2018-07-23T00:00:00,GHCND:USC00454679,99
279,",,7,",MNPN,2018-07-23T00:00:00,GHCND:USC00454679,144
280,",,7,",MXPN,2018-07-23T00:00:00,GHCND:USC00454679,328
281,",,7,1700",PRCP,2018-07-23T00:00:00,GHCND:USC00454679,0
282,",,7,",SNOW,2018-07-23T00:00:00,GHCND:USC00454679,0
283,",,7,1700",TMAX,2018-07-23T00:00:00,GHCND:USC00454679,344
284,",,7,1700",TMIN,2018-07-23T00:00:00,GHCND:USC00454679,117
285,",,7,1700",TOBS,2018-07-23T00:00:00,GHCND:USC00454679,339
286,",,7,0800",PRCP,2018-07-23T00:00:00,GHCND:USC00455387,0
287,",,7,0800",EVAP,2018-07-23T00:00:00,GHCND:USC00459200,86
288,",,7,",MNPN,2018-07-23T00:00:00,GHCND:USC00459200,167
289,",,7,",MXPN,2018-07-23T00:00:00,GHCND:USC00459200,361
290,",,7,0800",PRCP,2018-07-23T00:00:00,GHCND:USC00459200,0
291,",,7,0800",TMAX,2018-07-23T00:00:00,GHCND:USC00459200,333
292,",,7,0800",TMIN,2018-07-23T00:00:00,GHCND:USC00459200,56
293,",,7,0800",TOBS,2018-07-23T00:00:00,GHCND:USC00459200,78
294,",,7,",WDMV,2018-07-23T00:00:00,GHCND:USC00459200,34
295,",,W,",AWND,2018-07-23T00:00:00,GHCND:USW00024160,23
296,",,W,",PRCP,2018-07-23T00:00:00,GHCND:USW00024160,0
297,",,W,",SNOW,2018-07-23T00:00:00,GHCND:USW00024160,0
298,",,W,",SNWD,2018-07-23T00:00:00,GHCND:USW00024160,0
299,",,W,",TMAX,2018-07-23T00:00:00,GHCND:USW00024160,367
300,",,W,",TMIN,2018-07-23T00:00:00,GHCND:USW00024160,156
301,",,W,",WDF2,2018-07-23T00:00:00,GHCND:USW00024160,90
302,",,W,",WDF5,2018-07-23T00:00:00,GHCND:USW00024160,270
303,",,W,",WSF2,2018-07-23T00:00:00,GHCND:USW00024160,54
304,",,W,",WSF5,2018-07-23T00:00:00,GHCND:USW00024160,67
305,",,N,",PRCP,2018-07-24T00:00:00,GHCND:US1WAWW0009,0
306,",,N,",SNOW,2018-07-24T00:00:00,GHCND:US1WAWW0009,0
307,",,7,0900",PRCP,2018-07-24T00:00:00,GHCND:USC00355593,0
308,",,7,0900",TMAX,2018-07-24T00:00:00,GHCND:USC00355593,361
309,",,7,0900",TMIN,2018-07-24T00:00:00,GHCND:USC00355593,217
310,",,7,0900",TOBS,2018-07-24T00:00:00,GHCND:USC00355593,289
311,",,7,1700",EVAP,2018-07-24T00:00:00,GHCND:USC00454679,122
312,",,7,",MNPN,2018-07-24T00:00:00,GHCND:USC00454679,150
313,",,7,",MXPN,2018-07-24T00:00:00,GHCND:USC00454679,322
314,",,7,1700",PRCP,2018-07-24T00:00:00,GHCND:USC00454679,0
315,",,7,",SNOW,2018-07-24T00:00:00,GHCND:USC00454679,0
316,",,7,1700",TMAX,2018-07-24T00:00:00,GHCND:USC00454679,344
317,",,7,1700",TMIN,2018-07-24T00:00:00,GHCND:USC00454679,111
318,",,7,1700",TOBS,2018-07-24T00:00:00,GHCND:USC00454679,333
319,",,7,0800",PRCP,2018-07-24T00:00:00,GHCND:USC00455387,0
320,",,H,0400",SNWD,2018-07-24T00:00:00,GHCND:USC00458932,0
321,",,7,0800",EVAP,2018-07-24T00:00:00,GHCND:USC00459200,76
322,",,7,",MNPN,2018-07-24T00:00:00,GHCND:USC00459200,161
323,",,7,",MXPN,2018-07-24T00:00:00,GHCND:USC00459200,367
324,",,7,0800",PRCP,2018-07-24T00:00:00,GHCND:USC00459200,0
325,",,7,0800",TMAX,2018-07-24T00:00:00,GHCND:USC00459200,372
326,",,7,0800",TMIN,2018-07-24T00:00:00,GHCND:USC00459200,78
327,",,7,0800",TOBS,2018-07-24T00:00:00,GHCND:USC00459200,122
328,",,7,",WDMV,2018-07-24T00:00:00,GHCND:USC00459200,29
329,",,W,",AWND,2018-07-24T00:00:00,GHCND:USW00024160,31
330,",,W,",PRCP,2018-07-24T00:00:00,GHCND:USW00024160,0
331,",,W,",SNOW,2018-07-24T00:00:00,GHCND:USW00024160,0
332,",,W,",SNWD,2018-07-24T00:00:00,GHCND:USW00024160,0
333,",,W,",TMAX,2018-07-24T00:00:00,GHCND:USW00024160,372
334,",,W,",TMIN,2018-07-24T00:00:00,GHCND:USW00024160,211
335,",,W,",WDF2,2018-07-24T00:00:00,GHCND:USW00024160,270
336,",,W,",WDF5,2018-07-24T00:00:00,GHCND:USW00024160,260
337,",,W,",WSF2,2018-07-24T00:00:00,GHCND:USW00024160,58
338,",,W,",WSF5,2018-07-24T00:00:00,GHCND:USW00024160,81
339,",,N,",PRCP,2018-07-25T00:00:00,GHCND:US1WAWW0009,0
340,",,N,",SNOW,2018-07-25T00:00:00,GHCND:US1WAWW0009,0
341,",,7,0900",PRCP,2018-07-25T00:00:00,GHCND:USC00355593,0
342,",,7,0900",TMAX,2018-07-25T00:00:00,GHCND:USC00355593,367
343,",,7,0900",TMIN,2018-07-25T00:00:00,GHCND:USC00355593,211
344,",,7,0900",TOBS,2018-07-25T00:00:00,GHCND:USC00355593,294
345,",,7,1700",EVAP,2018-07-25T00:00:00,GHCND:USC00454679,104
346,",,7,",MNPN,2018-07-25T00:00:00,GHCND:USC00454679,167
347,",,7,",MXPN,2018-07-25T00:00:00,GHCND:USC00454679,339
348,",,7,1700",PRCP,2018-07-25T00:00:00,GHCND:USC00454679,0
349,",,7,",SNOW,2018-07-25T00:00:00,GHCND:USC00454679,0
350,",,7,1700",TMAX,2018-07-25T00:00:00,GHCND:USC00454679,361
351,",,7,1700",TMIN,2018-07-25T00:00:00,GHCND:USC00454679,133
352,",,7,1700",TOBS,2018-07-25T00:00:00,GHCND:USC00454679,350
353,",,7,0800",PRCP,2018-07-25T00:00:00,GHCND:USC00455387,0
354,",,7,0800",EVAP,2018-07-25T00:00:00,GHCND:USC00459200,91
355,",,7,0800",PRCP,2018-07-25T00:00:00,GHCND:USC00459200,0
356,",,7,0800",TMAX,2018-07-25T00:00:00,GHCND:USC00459200,372
357,",,7,0800",TMIN,2018-07-25T00:00:00,GHCND:USC00459200,122
358,",,7,0800",TOBS,2018-07-25T00:00:00,GHCND:USC00459200,128
359,",,7,",WDMV,2018-07-25T00:00:00,GHCND:USC00459200,40
360,",,W,",AWND,2018-07-25T00:00:00,GHCND:USW00024160,36
361,",,W,",PRCP,2018-07-25T00:00:00,GHCND:USW00024160,0
362,",,W,",SNOW,2018-07-25T00:00:00,GHCND:USW00024160,0
363,",,W,",SNWD,2018-07-25T00:00:00,GHCND:USW00024160,0
364,",,W,",TMAX,2018-07-25T00:00:00,GHCND:USW00024160,367
365,",,W,",TMIN,2018-07-25T00:00:00,GHCND:USW00024160,200
366,",,W,",WDF2,2018-07-25T00:00:00,GHCND:USW00024160,260
367,",,W,",WDF5,2018-07-25T00:00:00,GHCND:USW00024160,260
368,",,W,",WSF2,2018-07-25T00:00:00,GHCND:USW00024160,63
369,",,W,",WSF5,2018-07-25T00:00:00,GHCND:USW00024160,81
370,",,N,",PRCP,2018-07-26T00:00:00,GHCND:US1WAWW0009,0
371,",,N,",SNOW,2018-07-26T00:00:00,GHCND:US1WAWW0009,0
372,",,7,0900",PRCP,2018-07-26T00:00:00,GHCND:USC00355593,0
373,",,7,0900",TMAX,2018-07-26T00:00:00,GHCND:USC00355593,350
374,",,7,0900",TMIN,2018-07-26T00:00:00,GHCND:USC00355593,222
375,",,7,0900",TOBS,2018-07-26T00:00:00,GHCND:USC00355593,289
376,",,7,1700",EVAP,2018-07-26T00:00:00,GHCND:USC00454679,109
377,",,7,",MNPN,2018-07-26T00:00:00,GHCND:USC00454679,161
378,",,7,",MXPN,2018-07-26T00:00:00,GHCND:USC00454679,333
379,",,7,1700",PRCP,2018-07-26T00:00:00,GHCND:USC00454679,0
380,",,7,",SNOW,2018-07-26T00:00:00,GHCND:USC00454679,0
381,",,7,1700",TMAX,2018-07-26T00:00:00,GHCND:USC00454679,356
382,",,7,1700",TMIN,2018-07-26T00:00:00,GHCND:USC00454679,128
383,",,7,1700",TOBS,2018-07-26T00:00:00,GHCND:USC00454679,344
384,",,7,0800",PRCP,2018-07-26T00:00:00,GHCND:USC00455387,0
385,",,H,0400",PRCP,2018-07-26T00:00:00,GHCND:USC00458932,0
386,",,H,",SNOW,2018-07-26T00:00:00,GHCND:USC00458932,0
387,",,H,0400",SNWD,2018-07-26T00:00:00,GHCND:USC00458932,0
388,",,7,0800",EVAP,2018-07-26T00:00:00,GHCND:USC00459200,74
389,",,7,0800",PRCP,2018-07-26T00:00:00,GHCND:USC00459200,0
390,",,7,0800",TMAX,2018-07-26T00:00:00,GHCND:USC00459200,361
391,",,7,0800",TMIN,2018-07-26T00:00:00,GHCND:USC00459200,122
392,",,7,0800",TOBS,2018-07-26T00:00:00,GHCND:USC00459200,150
393,",,7,",WDMV,2018-07-26T00:00:00,GHCND:USC00459200,42
394,",,W,",AWND,2018-07-26T00:00:00,GHCND:USW00024160,37
395,",,W,",PRCP,2018-07-26T00:00:00,GHCND:USW00024160,0
396,",,W,",SNOW,2018-07-26T00:00:00,GHCND:USW00024160,0
397,",,W,",SNWD,2018-07-26T00:00:00,GHCND:USW00024160,0
398,",,W,",TMAX,2018-07-26T00:00:00,GHCND:USW00024160,372
399,",,W,",TMIN,2018-07-26T00:00:00,GHCND:USW00024160,228
400,",,W,",WDF2,2018-07-26T00:00:00,GHCND:USW00024160,260
401,",,W,",WDF5,2018-07-26T00:00:00,GHCND:USW00024160,260
402,",,W,",WSF2,2018-07-26T00:00:00,GHCND:USW00024160,67
403,",,W,",WSF5,2018-07-26T00:00:00,GHCND:USW00024160,89
404,",,N,",PRCP,2018-07-27T00:00:00,GHCND:US1WAWW0009,0
405,",,N,",SNOW,2018-07-27T00:00:00,GHCND:US1WAWW0009,0
406,",,7,0900",PRCP,2018-07-27T00:00:00,GHCND:USC00355593,0
407,",,7,0900",TMAX,2018-07-27T00:00:00,GHCND:USC00355593,361
408,",,7,0900",TMIN,2018-07-27T00:00:00,GHCND:USC00355593,217
409,",,7,0900",TOBS,2018-07-27T00:00:00,GHCND:USC00355593,300
410,",,7,1700",EVAP,2018-07-27T00:00:00,GHCND:USC00454679,117
411,",,7,",MNPN,2018-07-27T00:00:00,GHCND:USC00454679,156
412,",,7,",MXPN,2018-07-27T00:00:00,GHCND:USC00454679,339
413,",,7,1700",PRCP,2018-07-27T00:00:00,GHCND:USC00454679,0
414,",,7,",SNOW,2018-07-27T00:00:00,GHCND:USC00454679,0
415,",,7,1700",TMAX,2018-07-27T00:00:00,GHCND:USC00454679,361
416,",,7,1700",TMIN,2018-07-27T00:00:00,GHCND:USC00454679,139
417,",,7,1700",TOBS,2018-07-27T00:00:00,GHCND:USC00454679,356
418,",,7,0800",PRCP,2018-07-27T00:00:00,GHCND:USC00455387,0
419,",,7,0800",EVAP,2018-07-27T00:00:00,GHCND:USC00459200,89
420,",,7,",MNPN,2018-07-27T00:00:00,GHCND:USC00459200,194
421,",,7,",MXPN,2018-07-27T00:00:00,GHCND:USC00459200,356
422,",,7,0800",PRCP,2018-07-27T00:00:00,GHCND:USC00459200,0
423,",,7,0800",TMAX,2018-07-27T00:00:00,GHCND:USC00459200,372
424,",,7,0800",TMIN,2018-07-27T00:00:00,GHCND:USC00459200,144
425,",,7,0800",TOBS,2018-07-27T00:00:00,GHCND:USC00459200,167
426,",,7,",WDMV,2018-07-27T00:00:00,GHCND:USC00459200,43
427,",,W,",AWND,2018-07-27T00:00:00,GHCND:USW00024160,37
428,",,W,",PRCP,2018-07-27T00:00:00,GHCND:USW00024160,0
429,",,W,",SNOW,2018-07-27T00:00:00,GHCND:USW00024160,0
430,",,W,",SNWD,2018-07-27T00:00:00,GHCND:USW00024160,0
431,",,W,",TMAX,2018-07-27T00:00:00,GHCND:USW00024160,367
432,",,W,",TMIN,2018-07-27T00:00:00,GHCND:USW00024160,233
433,",,W,",WDF2,2018-07-27T00:00:00,GHCND:USW00024160,180
434,",,W,",WDF5,2018-07-27T00:00:00,GHCND:USW00024160,220
435,",,W,",WSF2,2018-07-27T00:00:00,GHCND:USW00024160,67
436,",,W,",WSF5,2018-07-27T00:00:00,GHCND:USW00024160,89
437,",,N,",PRCP,2018-07-28T00:00:00,GHCND:US1WAWW0009,0
438,",,N,",SNOW,2018-07-28T00:00:00,GHCND:US1WAWW0009,0
439,",,7,0900",PRCP,2018-07-28T00:00:00,GHCND:USC00355593,0
440,",,7,0900",TMAX,2018-07-28T00:00:00,GHCND:USC00355593,361
441,",,7,0900",TMIN,2018-07-28T00:00:00,GHCND:USC00355593,228
442,",,7,1700",EVAP,2018-07-28T00:00:00,GHCND:USC00454679,117
443,",,7,",MNPN,2018-07-28T00:00:00,GHCND:USC00454679,178
444,",,7,",MXPN,2018-07-28T00:00:00,GHCND:USC00454679,344
445,",,7,1700",PRCP,2018-07-28T00:00:00,GHCND:USC00454679,0
446,",,7,",SNOW,2018-07-28T00:00:00,GHCND:USC00454679,0
447,",,7,1700",TMAX,2018-07-28T00:00:00,GHCND:USC00454679,356
448,",,7,1700",TMIN,2018-07-28T00:00:00,GHCND:USC00454679,200
449,",,7,1700",TOBS,2018-07-28T00:00:00,GHCND:USC00454679,333
450,",,7,0800",PRCP,2018-07-28T00:00:00,GHCND:USC00455387,0
451,",,7,0800",EVAP,2018-07-28T00:00:00,GHCND:USC00459200,91
452,",,7,",MNPN,2018-07-28T00:00:00,GHCND:USC00459200,183
453,",,7,",MXPN,2018-07-28T00:00:00,GHCND:USC00459200,356
454,",,7,0800",PRCP,2018-07-28T00:00:00,GHCND:USC00459200,0
455,",,7,0800",TMAX,2018-07-28T00:00:00,GHCND:USC00459200,367
456,",,7,0800",TMIN,2018-07-28T00:00:00,GHCND:USC00459200,150
457,",,7,0800",TOBS,2018-07-28T00:00:00,GHCND:USC00459200,178
458,",,7,",WDMV,2018-07-28T00:00:00,GHCND:USC00459200,42
459,",,W,",AWND,2018-07-28T00:00:00,GHCND:USW00024160,33
460,",,W,",PRCP,2018-07-28T00:00:00,GHCND:USW00024160,0
461,",,W,",SNOW,2018-07-28T00:00:00,GHCND:USW00024160,0
462,",,W,",SNWD,2018-07-28T00:00:00,GHCND:USW00024160,0
463,",,W,",TMAX,2018-07-28T00:00:00,GHCND:USW00024160,367
464,",,W,",TMIN,2018-07-28T00:00:00,GHCND:USW00024160,222
465,",,W,",WDF2,2018-07-28T00:00:00,GHCND:USW00024160,200
466,",,W,",WDF5,2018-07-28T00:00:00,GHCND:USW00024160,240
467,",,W,",WSF2,2018-07-28T00:00:00,GHCND:USW00024160,67
468,",,W,",WSF5,2018-07-28T00:00:00,GHCND:USW00024160,85
469,",,N,",PRCP,2018-07-29T00:00:00,GHCND:US1WAWW0009,0
470,",,N,",SNOW,2018-07-29T00:00:00,GHCND:US1WAWW0009,0
471,",,7,0900",PRCP,2018-07-29T00:00:00,GHCND:USC00355593,0
472,",,7,0900",TMAX,2018-07-29T00:00:00,GHCND:USC00355593,361
473,",,7,0900",TMIN,2018-07-29T00:00:00,GHCND:USC00355593,222
474,",,7,1700",EVAP,2018-07-29T00:00:00,GHCND:USC00454679,104
475,",,7,",MNPN,2018-07-29T00:00:00,GHCND:USC00454679,172
476,",,7,",MXPN,2018-07-29T00:00:00,GHCND:USC00454679,339
477,",,7,1700",PRCP,2018-07-29T00:00:00,GHCND:USC00454679,0
478,",,7,",SNOW,2018-07-29T00:00:00,GHCND:USC00454679,0
479,",,7,1700",TMAX,2018-07-29T00:00:00,GHCND:USC00454679,367
480,",,7,1700",TMIN,2018-07-29T00:00:00,GHCND:USC00454679,178
481,",,7,1700",TOBS,2018-07-29T00:00:00,GHCND:USC00454679,361
482,",,7,0800",PRCP,2018-07-29T00:00:00,GHCND:USC00455387,0
483,",,7,0800",EVAP,2018-07-29T00:00:00,GHCND:USC00459200,81
484,",,7,",MNPN,2018-07-29T00:00:00,GHCND:USC00459200,200
485,",,7,",MXPN,2018-07-29T00:00:00,GHCND:USC00459200,361
486,",,7,0800",PRCP,2018-07-29T00:00:00,GHCND:USC00459200,0
487,",,7,0800",TMAX,2018-07-29T00:00:00,GHCND:USC00459200,367
488,",,7,0800",TMIN,2018-07-29T00:00:00,GHCND:USC00459200,144
489,",,7,0800",TOBS,2018-07-29T00:00:00,GHCND:USC00459200,144
490,",,7,",WDMV,2018-07-29T00:00:00,GHCND:USC00459200,29
491,",,W,",AWND,2018-07-29T00:00:00,GHCND:USW00024160,36
492,",,W,",PRCP,2018-07-29T00:00:00,GHCND:USW00024160,0
493,",,W,",SNOW,2018-07-29T00:00:00,GHCND:USW00024160,0
494,",,W,",SNWD,2018-07-29T00:00:00,GHCND:USW00024160,0
495,",,W,",TMAX,2018-07-29T00:00:00,GHCND:USW00024160,394
496,",,W,",TMIN,2018-07-29T00:00:00,GHCND:USW00024160,200
497,",,W,",WDF2,2018-07-29T00:00:00,GHCND:USW00024160,10
498,",,W,",WDF5,2018-07-29T00:00:00,GHCND:USW00024160,20
499,",,W,",WSF2,2018-07-29T00:00:00,GHCND:USW00024160,76
500,",,W,",WSF5,2018-07-29T00:00:00,GHCND:USW00024160,98
501,",,N,",PRCP,2018-07-30T00:00:00,GHCND:US1WAWW0009,0
502,",,N,",SNOW,2018-07-30T00:00:00,GHCND:US1WAWW0009,0
503,",,7,0900",PRCP,2018-07-30T00:00:00,GHCND:USC00355593,0
504,",,7,0900",TMAX,2018-07-30T00:00:00,GHCND:USC00355593,378
505,",,7,0900",TMIN,2018-07-30T00:00:00,GHCND:USC00355593,194
506,",,7,0900",TOBS,2018-07-30T00:00:00,GHCND:USC00355593,250
507,",,7,1700",EVAP,2018-07-30T00:00:00,GHCND:USC00454679,114
508,",,7,",MNPN,2018-07-30T00:00:00,GHCND:USC00454679,167
509,",,7,",MXPN,2018-07-30T00:00:00,GHCND:USC00454679,339
510,",,7,1700",PRCP,2018-07-30T00:00:00,GHCND:USC00454679,0
511,",,7,",SNOW,2018-07-30T00:00:00,GHCND:USC00454679,0
512,",,7,1700",TMAX,2018-07-30T00:00:00,GHCND:USC00454679,383
513,",,7,1700",TMIN,2018-07-30T00:00:00,GHCND:USC00454679,150
514,",,7,1700",TOBS,2018-07-30T00:00:00,GHCND:USC00454679,378
515,",,7,0800",PRCP,2018-07-30T00:00:00,GHCND:USC00455387,0
516,",,H,0400",SNWD,2018-07-30T00:00:00,GHCND:USC00458932,0
517,",,7,0800",EVAP,2018-07-30T00:00:00,GHCND:USC00459200,91
518,",,7,",MNPN,2018-07-30T00:00:00,GHCND:USC00459200,200
519,",,7,",MXPN,2018-07-30T00:00:00,GHCND:USC00459200,361
520,",,7,0800",PRCP,2018-07-30T00:00:00,GHCND:USC00459200,0
521,",,7,0800",TMAX,2018-07-30T00:00:00,GHCND:USC00459200,389
522,",,7,0800",TMIN,2018-07-30T00:00:00,GHCND:USC00459200,117
523,",,7,0800",TOBS,2018-07-30T00:00:00,GHCND:USC00459200,117
524,",,7,",WDMV,2018-07-30T00:00:00,GHCND:USC00459200,31
525,",,W,",AWND,2018-07-30T00:00:00,GHCND:USW00024160,28
526,",,W,",PRCP,2018-07-30T00:00:00,GHCND:USW00024160,0
527,",,W,",SNOW,2018-07-30T00:00:00,GHCND:USW00024160,0
528,",,W,",SNWD,2018-07-30T00:00:00,GHCND:USW00024160,0
529,",,W,",TMAX,2018-07-30T00:00:00,GHCND:USW00024160,411
530,",,W,",TMIN,2018-07-30T00:00:00,GHCND:USW00024160,200
531,",,W,",WDF2,2018-07-30T00:00:00,GHCND:USW00024160,30
532,",,W,",WDF5,2018-07-30T00:00:00,GHCND:USW00024160,20
533,",,W,",WSF2,2018-07-30T00:00:00,GHCND:USW00024160,76
534,",,W,",WSF5,2018-07-30T00:00:00,GHCND:USW00024160,94
535,",,N,",PRCP,2018-07-31T00:00:00,GHCND:US1WAWW0009,0
536,",,N,",SNOW,2018-07-31T00:00:00,GHCND:US1WAWW0009,0
537,",,7,0900",PRCP,2018-07-31T00:00:00,GHCND:USC00355593,0
538,",,7,0900",TMAX,2018-07-31T00:00:00,GHCND:USC00355593,383
539,",,7,0900",TMIN,2018-07-31T00:00:00,GHCND:USC00355593,239
540,",,7,0900",TOBS,2018-07-31T00:00:00,GHCND:USC00355593,278
541,",,7,1700",EVAP,2018-07-31T00:00:00,GHCND:USC00454679,117
542,",,7,",MNPN,2018-07-31T00:00:00,GHCND:USC00454679,178
543,",,7,",MXPN,2018-07-31T00:00:00,GHCND:USC00454679,339
544,",,7,1700",PRCP,2018-07-31T00:00:00,GHCND:USC00454679,0
545,",,7,",SNOW,2018-07-31T00:00:00,GHCND:USC00454679,0
546,",,7,1700",TMAX,2018-07-31T00:00:00,GHCND:USC00454679,383
547,",,7,1700",TMIN,2018-07-31T00:00:00,GHCND:USC00454679,194
548,",,7,1700",TOBS,2018-07-31T00:00:00,GHCND:USC00454679,344
549,",,7,0800",PRCP,2018-07-31T00:00:00,GHCND:USC00455387,0
550,",,H,0400",PRCP,2018-07-31T00:00:00,GHCND:USC00458932,0
551,",,H,",SNOW,2018-07-31T00:00:00,GHCND:USC00458932,0
552,",,H,0400",SNWD,2018-07-31T00:00:00,GHCND:USC00458932,0
553,",,7,0800",EVAP,2018-07-31T00:00:00,GHCND:USC00459200,81
554,",,7,",MNPN,2018-07-31T00:00:00,GHCND:USC00459200,211
555,",,7,",MXPN,2018-07-31T00:00:00,GHCND:USC00459200,356
556,",,7,0800",PRCP,2018-07-31T00:00:00,GHCND:USC00459200,0
557,",,7,0800",TMAX,2018-07-31T00:00:00,GHCND:USC00459200,400
558,",,7,0800",TMIN,2018-07-31T00:00:00,GHCND:USC00459200,117
559,",,7,0800",TOBS,2018-07-31T00:00:00,GHCND:USC00459200,161
560,",,7,",WDMV,2018-07-31T00:00:00,GHCND:USC00459200,23
561,",,W,",AWND,2018-07-31T00:00:00,GHCND:USW00024160,38
562,",,W,",PRCP,2018-07-31T00:00:00,GHCND:USW00024160,0
563,",,W,",SNOW,2018-07-31T00:00:00,GHCND:USW00024160,0
564,",,W,",SNWD,2018-07-31T00:00:00,GHCND:USW00024160,0
565,",,W,",TMAX,2018-07-31T00:00:00,GHCND:USW00024160,367
566,",,W,",TMIN,2018-07-31T00:00:00,GHCND:USW00024160,239
567,",,W,",WDF2,2018-07-31T00:00:00,GHCND:USW00024160,200
568,",,W,",WDF5,2018-07-31T00:00:00,GHCND:USW00024160,200
569,",,W,",WSF2,2018-07-31T00:00:00,GHCND:USW00024160,94
570,",,W,",WSF5,2018-07-31T00:00:00,GHCND:USW00024160,112
571,",,N,",PRCP,2018-08-01T00:00:00,GHCND:US1WAWW0009,0
572,",,N,",SNOW,2018-08-01T00:00:00,GHCND:US1WAWW0009,0
573,",,7,0900",PRCP,2018-08-01T00:00:00,GHCND:USC00355593,0
574,",,7,0900",TMAX,2018-08-01T00:00:00,GHCND:USC00355593,356
575,",,7,0900",TMIN,2018-08-01T00:00:00,GHCND:USC00355593,211
576,",,7,0900",TOBS,2018-08-01T00:00:00,GHCND:USC00355593,272
577,",,7,1700",EVAP,2018-08-01T00:00:00,GHCND:USC00454679,127
578,",,7,",MNPN,2018-08-01T00:00:00,GHCND:USC00454679,178
579,",,7,",MXPN,2018-08-01T00:00:00,GHCND:USC00454679,322
580,",,7,1700",PRCP,2018-08-01T00:00:00,GHCND:USC00454679,0
581,",,7,",SNOW,2018-08-01T00:00:00,GHCND:USC00454679,0
582,",,7,1700",TMAX,2018-08-01T00:00:00,GHCND:USC00454679,350
583,",,7,1700",TMIN,2018-08-01T00:00:00,GHCND:USC00454679,183
584,",,7,1700",TOBS,2018-08-01T00:00:00,GHCND:USC00454679,333
585,",,7,0800",PRCP,2018-08-01T00:00:00,GHCND:USC00455387,0
586,",,H,0400",PRCP,2018-08-01T00:00:00,GHCND:USC00458932,0
587,",,H,",SNOW,2018-08-01T00:00:00,GHCND:USC00458932,0
588,",,H,0400",SNWD,2018-08-01T00:00:00,GHCND:USC00458932,0
589,",,7,0800",EVAP,2018-08-01T00:00:00,GHCND:USC00459200,69
590,",,7,",MNPN,2018-08-01T00:00:00,GHCND:USC00459200,211
591,",,7,",MXPN,2018-08-01T00:00:00,GHCND:USC00459200,344
592,",,7,0800",PRCP,2018-08-01T00:00:00,GHCND:USC00459200,0
593,",,7,0800",TMAX,2018-08-01T00:00:00,GHCND:USC00459200,367
594,",,7,0800",TMIN,2018-08-01T00:00:00,GHCND:USC00459200,161
595,",,7,0800",TOBS,2018-08-01T00:00:00,GHCND:USC00459200,222
596,",,7,",WDMV,2018-08-01T00:00:00,GHCND:USC00459200,37
597,",,W,",AWND,2018-08-01T00:00:00,GHCND:USW00024160,50
598,",,W,",PRCP,2018-08-01T00:00:00,GHCND:USW00024160,0
599,",,W,",SNOW,2018-08-01T00:00:00,GHCND:USW00024160,0
600,",,W,",SNWD,2018-08-01T00:00:00,GHCND:USW00024160,0
601,",,W,",TMAX,2018-08-01T00:00:00,GHCND:USW00024160,361
602,",,W,",TMIN,2018-08-01T00:00:00,GHCND:USW00024160,233
603,",,W,",WDF2,2018-08-01T00:00:00,GHCND:USW00024160,190
604,",,W,",WDF5,2018-08-01T00:00:00,GHCND:USW00024160,200
605,",,W,",WSF2,2018-08-01T00:00:00,GHCND:USW00024160,94
606,",,W,",WSF5,2018-08-01T00:00:00,GHCND:USW00024160,121
607,",,N,",PRCP,2018-08-02T00:00:00,GHCND:US1WAWW0009,0
608,",,N,",SNOW,2018-08-02T00:00:00,GHCND:US1WAWW0009,0
609,",,N,",PRCP,2018-08-02T00:00:00,GHCND:US1WAWW0014,0
610,",,7,0900",PRCP,2018-08-02T00:00:00,GHCND:USC00355593,0
611,",,7,0900",TMAX,2018-08-02T00:00:00,GHCND:USC00355593,367
612,",,7,0900",TMIN,2018-08-02T00:00:00,GHCND:USC00355593,189
613,",,7,0900",TOBS,2018-08-02T00:00:00,GHCND:USC00355593,256
614,",,7,1700",EVAP,2018-08-02T00:00:00,GHCND:USC00454679,114
615,",,7,",MNPN,2018-08-02T00:00:00,GHCND:USC00454679,156
616,",,7,",MXPN,2018-08-02T00:00:00,GHCND:USC00454679,306
617,",,7,1700",PRCP,2018-08-02T00:00:00,GHCND:USC00454679,0
618,",,7,",SNOW,2018-08-02T00:00:00,GHCND:USC00454679,0
619,",,7,1700",TMAX,2018-08-02T00:00:00,GHCND:USC00454679,344
620,",,7,1700",TMIN,2018-08-02T00:00:00,GHCND:USC00454679,111
621,",,7,1700",TOBS,2018-08-02T00:00:00,GHCND:USC00454679,306
622,",,7,0800",PRCP,2018-08-02T00:00:00,GHCND:USC00455387,0
623,",,7,0800",EVAP,2018-08-02T00:00:00,GHCND:USC00459200,91
624,",,7,",MNPN,2018-08-02T00:00:00,GHCND:USC00459200,200
625,",,7,",MXPN,2018-08-02T00:00:00,GHCND:USC00459200,344
626,",,7,0800",PRCP,2018-08-02T00:00:00,GHCND:USC00459200,0
627,",,7,0800",TMAX,2018-08-02T00:00:00,GHCND:USC00459200,356
628,",,7,0800",TMIN,2018-08-02T00:00:00,GHCND:USC00459200,139
629,",,7,0800",TOBS,2018-08-02T00:00:00,GHCND:USC00459200,161
630,",,7,",WDMV,2018-08-02T00:00:00,GHCND:USC00459200,71
631,",,W,",AWND,2018-08-02T00:00:00,GHCND:USW00024160,58
632,",,W,",PRCP,2018-08-02T00:00:00,GHCND:USW00024160,0
633,",,W,",SNOW,2018-08-02T00:00:00,GHCND:USW00024160,0
634,",,W,",SNWD,2018-08-02T00:00:00,GHCND:USW00024160,0
635,",,W,",TMAX,2018-08-02T00:00:00,GHCND:USW00024160,333
636,",,W,",TMIN,2018-08-02T00:00:00,GHCND:USW00024160,183
637,",,W,",WDF2,2018-08-02T00:00:00,GHCND:USW00024160,250
638,",,W,",WDF5,2018-08-02T00:00:00,GHCND:USW00024160,250
639,",,W,",WSF2,2018-08-02T00:00:00,GHCND:USW00024160,98
640,",,W,",WSF5,2018-08-02T00:00:00,GHCND:USW00024160,130
641,",,N,",PRCP,2018-08-03T00:00:00,GHCND:US1WAWW0009,0
642,",,N,",SNOW,2018-08-03T00:00:00,GHCND:US1WAWW0009,0
643,",,N,",PRCP,2018-08-03T00:00:00,GHCND:US1WAWW0014,0
644,",,7,0900",PRCP,2018-08-03T00:00:00,GHCND:USC00355593,0
645,",,7,0900",TMAX,2018-08-03T00:00:00,GHCND:USC00355593,333
646,",,7,0900",TMIN,2018-08-03T00:00:00,GHCND:USC00355593,156
647,",,7,0900",TOBS,2018-08-03T00:00:00,GHCND:USC00355593,261
648,",,7,1700",EVAP,2018-08-03T00:00:00,GHCND:USC00454679,102
649,",,7,",MNPN,2018-08-03T00:00:00,GHCND:USC00454679,128
650,",,7,",MXPN,2018-08-03T00:00:00,GHCND:USC00454679,289
651,",,7,1700",PRCP,2018-08-03T00:00:00,GHCND:USC00454679,0
652,",,7,",SNOW,2018-08-03T00:00:00,GHCND:USC00454679,0
653,",,7,1700",TMAX,2018-08-03T00:00:00,GHCND:USC00454679,311
654,",,7,1700",TMIN,2018-08-03T00:00:00,GHCND:USC00454679,117
655,",,7,1700",TOBS,2018-08-03T00:00:00,GHCND:USC00454679,256
656,",,7,0800",PRCP,2018-08-03T00:00:00,GHCND:USC00455387,0
657,",,7,0800",EVAP,2018-08-03T00:00:00,GHCND:USC00459200,109
658,",,7,",MNPN,2018-08-03T00:00:00,GHCND:USC00459200,172
659,",,7,",MXPN,2018-08-03T00:00:00,GHCND:USC00459200,322
660,",,7,0800",PRCP,2018-08-03T00:00:00,GHCND:USC00459200,0
661,",,7,0800",TMAX,2018-08-03T00:00:00,GHCND:USC00459200,333
662,",,7,0800",TMIN,2018-08-03T00:00:00,GHCND:USC00459200,144
663,",,7,0800",TOBS,2018-08-03T00:00:00,GHCND:USC00459200,161
664,",,7,",WDMV,2018-08-03T00:00:00,GHCND:USC00459200,130
665,",,W,",AWND,2018-08-03T00:00:00,GHCND:USW00024160,60
666,",,W,",PRCP,2018-08-03T00:00:00,GHCND:USW00024160,0
667,",,W,",SNOW,2018-08-03T00:00:00,GHCND:USW00024160,0
668,",,W,",SNWD,2018-08-03T00:00:00,GHCND:USW00024160,0
669,",,W,",TMAX,2018-08-03T00:00:00,GHCND:USW00024160,283
670,",,W,",TMIN,2018-08-03T00:00:00,GHCND:USW00024160,172
671,",,W,",WDF2,2018-08-03T00:00:00,GHCND:USW00024160,220
672,",,W,",WDF5,2018-08-03T00:00:00,GHCND:USW00024160,220
673,",,W,",WSF2,2018-08-03T00:00:00,GHCND:USW00024160,112
674,",,W,",WSF5,2018-08-03T00:00:00,GHCND:USW00024160,170
675,",,N,",PRCP,2018-08-04T00:00:00,GHCND:US1WAWW0009,0
676,",,N,",SNOW,2018-08-04T00:00:00,GHCND:US1WAWW0009,0
677,",,N,",PRCP,2018-08-04T00:00:00,GHCND:US1WAWW0014,0
678,",,7,0900",PRCP,2018-08-04T00:00:00,GHCND:USC00355593,0
679,",,7,0900",TMAX,2018-08-04T00:00:00,GHCND:USC00355593,289
680,",,7,0900",TMIN,2018-08-04T00:00:00,GHCND:USC00355593,144
681,",,7,1700",EVAP,2018-08-04T00:00:00,GHCND:USC00454679,74
682,",,7,",MNPN,2018-08-04T00:00:00,GHCND:USC00454679,139
683,",,7,",MXPN,2018-08-04T00:00:00,GHCND:USC00454679,294
684,",,7,1700",PRCP,2018-08-04T00:00:00,GHCND:USC00454679,0
685,",,7,",SNOW,2018-08-04T00:00:00,GHCND:USC00454679,0
686,",,7,1700",TMAX,2018-08-04T00:00:00,GHCND:USC00454679,278
687,",,7,1700",TMIN,2018-08-04T00:00:00,GHCND:USC00454679,100
688,",,7,1700",TOBS,2018-08-04T00:00:00,GHCND:USC00454679,278
689,",,7,0800",PRCP,2018-08-04T00:00:00,GHCND:USC00455387,0
690,",,7,0800",EVAP,2018-08-04T00:00:00,GHCND:USC00459200,76
691,",,7,",MNPN,2018-08-04T00:00:00,GHCND:USC00459200,167
692,",,7,",MXPN,2018-08-04T00:00:00,GHCND:USC00459200,317
693,",,7,0800",PRCP,2018-08-04T00:00:00,GHCND:USC00459200,0
694,",,7,0800",TMAX,2018-08-04T00:00:00,GHCND:USC00459200,289
695,",,7,0800",TMIN,2018-08-04T00:00:00,GHCND:USC00459200,111
696,",,7,0800",TOBS,2018-08-04T00:00:00,GHCND:USC00459200,111
697,",,7,",WDMV,2018-08-04T00:00:00,GHCND:USC00459200,93
698,",,W,",AWND,2018-08-04T00:00:00,GHCND:USW00024160,26
699,",,W,",PRCP,2018-08-04T00:00:00,GHCND:USW00024160,0
700,",,W,",SNOW,2018-08-04T00:00:00,GHCND:USW00024160,0
701,",,W,",SNWD,2018-08-04T00:00:00,GHCND:USW00024160,0
702,",,W,",TMAX,2018-08-04T00:00:00,GHCND:USW00024160,300
703,",,W,",TMIN,2018-08-04T00:00:00,GHCND:USW00024160,150
704,",,W,",WDF2,2018-08-04T00:00:00,GHCND:USW00024160,230
705,",,W,",WDF5,2018-08-04T00:00:00,GHCND:USW00024160,240
706,",,W,",WSF2,2018-08-04T00:00:00,GHCND:USW00024160,58
707,",,W,",WSF5,2018-08-04T00:00:00,GHCND:USW00024160,76
708,",,N,",PRCP,2018-08-05T00:00:00,GHCND:US1WAWW0009,0
709,",,N,",SNOW,2018-08-05T00:00:00,GHCND:US1WAWW0009,0
710,",,N,",PRCP,2018-08-05T00:00:00,GHCND:US1WAWW0014,0
711,",,7,0900",PRCP,2018-08-05T00:00:00,GHCND:USC00355593,0
712,",,7,0900",TMAX,2018-08-05T00:00:00,GHCND:USC00355593,317
713,",,7,0900",TMIN,2018-08-05T00:00:00,GHCND:USC00355593,183
714,",,7,1700",EVAP,2018-08-05T00:00:00,GHCND:USC00454679,71
715,",,7,",MNPN,2018-08-05T00:00:00,GHCND:USC00454679,150
716,",,7,",MXPN,2018-08-05T00:00:00,GHCND:USC00454679,311
717,",,7,1700",PRCP,2018-08-05T00:00:00,GHCND:USC00454679,0
718,",,7,",SNOW,2018-08-05T00:00:00,GHCND:USC00454679,0
719,",,7,1700",TMAX,2018-08-05T00:00:00,GHCND:USC00454679,317
720,",,7,1700",TMIN,2018-08-05T00:00:00,GHCND:USC00454679,106
721,",,7,1700",TOBS,2018-08-05T00:00:00,GHCND:USC00454679,311
722,",,7,0800",PRCP,2018-08-05T00:00:00,GHCND:USC00455387,0
723,",,7,0800",EVAP,2018-08-05T00:00:00,GHCND:USC00459200,71
724,",,7,",MNPN,2018-08-05T00:00:00,GHCND:USC00459200,156
725,",,7,",MXPN,2018-08-05T00:00:00,GHCND:USC00459200,333
726,",,7,0800",PRCP,2018-08-05T00:00:00,GHCND:USC00459200,0
727,",,7,0800",TMAX,2018-08-05T00:00:00,GHCND:USC00459200,306
728,",,7,0800",TMIN,2018-08-05T00:00:00,GHCND:USC00459200,106
729,",,7,0800",TOBS,2018-08-05T00:00:00,GHCND:USC00459200,117
730,",,7,",WDMV,2018-08-05T00:00:00,GHCND:USC00459200,27
731,",,W,",AWND,2018-08-05T00:00:00,GHCND:USW00024160,22
732,",,W,",PRCP,2018-08-05T00:00:00,GHCND:USW00024160,0
733,",,W,",SNOW,2018-08-05T00:00:00,GHCND:USW00024160,0
734,",,W,",SNWD,2018-08-05T00:00:00,GHCND:USW00024160,0
735,",,W,",TMAX,2018-08-05T00:00:00,GHCND:USW00024160,339
736,",,W,",TMIN,2018-08-05T00:00:00,GHCND:USW00024160,156
737,",,W,",WDF2,2018-08-05T00:00:00,GHCND:USW00024160,290
738,",,W,",WDF5,2018-08-05T00:00:00,GHCND:USW00024160,280
739,",,W,",WSF2,2018-08-05T00:00:00,GHCND:USW00024160,54
740,",,W,",WSF5,2018-08-05T00:00:00,GHCND:USW00024160,81
741,",,N,",PRCP,2018-08-06T00:00:00,GHCND:US1WAWW0009,0
742,",,N,",SNOW,2018-08-06T00:00:00,GHCND:US1WAWW0009,0
743,",,N,",PRCP,2018-08-06T00:00:00,GHCND:US1WAWW0014,0
744,",,7,0900",PRCP,2018-08-06T00:00:00,GHCND:USC00355593,0
745,",,7,0900",TMAX,2018-08-06T00:00:00,GHCND:USC00355593,344
746,",,7,0900",TMIN,2018-08-06T00:00:00,GHCND:USC00355593,183
747,",,7,0900",TOBS,2018-08-06T00:00:00,GHCND:USC00355593,239
748,",,7,1700",EVAP,2018-08-06T00:00:00,GHCND:USC00454679,102
749,",,7,",MNPN,2018-08-06T00:00:00,GHCND:USC00454679,156
750,",,7,",MXPN,2018-08-06T00:00:00,GHCND:USC00454679,317
751,",,7,1700",PRCP,2018-08-06T00:00:00,GHCND:USC00454679,0
752,",,7,",SNOW,2018-08-06T00:00:00,GHCND:USC00454679,0
753,",,7,1700",TMAX,2018-08-06T00:00:00,GHCND:USC00454679,333
754,",,7,1700",TMIN,2018-08-06T00:00:00,GHCND:USC00454679,122
755,",,7,1700",TOBS,2018-08-06T00:00:00,GHCND:USC00454679,328
756,",,7,0800",PRCP,2018-08-06T00:00:00,GHCND:USC00455387,0
757,",,H,0400",SNWD,2018-08-06T00:00:00,GHCND:USC00458932,0
758,",,7,0800",EVAP,2018-08-06T00:00:00,GHCND:USC00459200,69
759,",,7,",MNPN,2018-08-06T00:00:00,GHCND:USC00459200,178
760,",,7,",MXPN,2018-08-06T00:00:00,GHCND:USC00459200,339
761,",,7,0800",PRCP,2018-08-06T00:00:00,GHCND:USC00459200,0
762,",,7,0800",TMAX,2018-08-06T00:00:00,GHCND:USC00459200,333
763,",,7,0800",TMIN,2018-08-06T00:00:00,GHCND:USC00459200,111
764,",,7,0800",TOBS,2018-08-06T00:00:00,GHCND:USC00459200,117
765,",,7,",WDMV,2018-08-06T00:00:00,GHCND:USC00459200,37
766,",,W,",AWND,2018-08-06T00:00:00,GHCND:USW00024160,26
767,",,W,",PRCP,2018-08-06T00:00:00,GHCND:USW00024160,0
768,",,W,",SNOW,2018-08-06T00:00:00,GHCND:USW00024160,0
769,",,W,",SNWD,2018-08-06T00:00:00,GHCND:USW00024160,0
770,",,W,",TMAX,2018-08-06T00:00:00,GHCND:USW00024160,361
771,",,W,",TMIN,2018-08-06T00:00:00,GHCND:USW00024160,178
772,",,W,",WDF2,2018-08-06T00:00:00,GHCND:USW00024160,260
773,",,W,",WDF5,2018-08-06T00:00:00,GHCND:USW00024160,250
774,",,W,",WSF2,2018-08-06T00:00:00,GHCND:USW00024160,63
775,",,W,",WSF5,2018-08-06T00:00:00,GHCND:USW00024160,81
776,",,N,",PRCP,2018-08-07T00:00:00,GHCND:US1WAWW0009,0
777,",,N,",SNOW,2018-08-07T00:00:00,GHCND:US1WAWW0009,0
778,",,N,",PRCP,2018-08-07T00:00:00,GHCND:US1WAWW0014,0
779,",,7,0900",PRCP,2018-08-07T00:00:00,GHCND:USC00355593,0
780,",,7,0900",TMAX,2018-08-07T00:00:00,GHCND:USC00355593,356
781,",,7,0900",TMIN,2018-08-07T00:00:00,GHCND:USC00355593,189
782,",,7,0900",TOBS,2018-08-07T00:00:00,GHCND:USC00355593,244
783,",,7,1700",EVAP,2018-08-07T00:00:00,GHCND:USC00454679,84
784,",,7,",MNPN,2018-08-07T00:00:00,GHCND:USC00454679,161
785,",,7,",MXPN,2018-08-07T00:00:00,GHCND:USC00454679,322
786,",,7,1700",PRCP,2018-08-07T00:00:00,GHCND:USC00454679,0
787,",,7,",SNOW,2018-08-07T00:00:00,GHCND:USC00454679,0
788,",,7,1700",TMAX,2018-08-07T00:00:00,GHCND:USC00454679,350
789,",,7,1700",TMIN,2018-08-07T00:00:00,GHCND:USC00454679,133
790,",,7,1700",TOBS,2018-08-07T00:00:00,GHCND:USC00454679,344
791,",,7,0800",PRCP,2018-08-07T00:00:00,GHCND:USC00455387,0
792,",,H,0400",PRCP,2018-08-07T00:00:00,GHCND:USC00458932,0
793,",,H,",SNOW,2018-08-07T00:00:00,GHCND:USC00458932,0
794,",,H,0400",SNWD,2018-08-07T00:00:00,GHCND:USC00458932,0
795,",,7,0800",EVAP,2018-08-07T00:00:00,GHCND:USC00459200,71
796,",,7,",MNPN,2018-08-07T00:00:00,GHCND:USC00459200,150
797,",,7,",MXPN,2018-08-07T00:00:00,GHCND:USC00459200,339
798,",,7,0800",PRCP,2018-08-07T00:00:00,GHCND:USC00459200,0
799,",,7,0800",TMAX,2018-08-07T00:00:00,GHCND:USC00459200,350
800,",,7,0800",TMIN,2018-08-07T00:00:00,GHCND:USC00459200,111
801,",,7,0800",TOBS,2018-08-07T00:00:00,GHCND:USC00459200,117
802,",,7,",WDMV,2018-08-07T00:00:00,GHCND:USC00459200,35
803,",,W,",AWND,2018-08-07T00:00:00,GHCND:USW00024160,24
804,",,W,",PRCP,2018-08-07T00:00:00,GHCND:USW00024160,0
805,",,W,",SNOW,2018-08-07T00:00:00,GHCND:USW00024160,0
806,",,W,",SNWD,2018-08-07T00:00:00,GHCND:USW00024160,0
807,",,W,",TMAX,2018-08-07T00:00:00,GHCND:USW00024160,383
808,",,W,",TMIN,2018-08-07T00:00:00,GHCND:USW00024160,194
809,",,W,",WDF2,2018-08-07T00:00:00,GHCND:USW00024160,90
810,",,W,",WDF5,2018-08-07T00:00:00,GHCND:USW00024160,90
811,",,W,",WSF2,2018-08-07T00:00:00,GHCND:USW00024160,54
812,",,W,",WSF5,2018-08-07T00:00:00,GHCND:USW00024160,63
813,",,N,",PRCP,2018-08-08T00:00:00,GHCND:US1WAWW0009,0
814,",,N,",SNOW,2018-08-08T00:00:00,GHCND:US1WAWW0009,0
815,",,N,",PRCP,2018-08-08T00:00:00,GHCND:US1WAWW0014,0
816,",,7,0900",PRCP,2018-08-08T00:00:00,GHCND:USC00355593,0
817,",,7,0900",TMAX,2018-08-08T00:00:00,GHCND:USC00355593,372
818,",,7,0900",TMIN,2018-08-08T00:00:00,GHCND:USC00355593,178
819,",,7,0900",TOBS,2018-08-08T00:00:00,GHCND:USC00355593,261
820,",,7,1700",EVAP,2018-08-08T00:00:00,GHCND:USC00454679,89
821,",,7,",MNPN,2018-08-08T00:00:00,GHCND:USC00454679,167
822,",,7,",MXPN,2018-08-08T00:00:00,GHCND:USC00454679,339
823,",,7,1700",PRCP,2018-08-08T00:00:00,GHCND:USC00454679,0
824,",,7,",SNOW,2018-08-08T00:00:00,GHCND:USC00454679,0
825,",,7,1700",TMAX,2018-08-08T00:00:00,GHCND:USC00454679,389
826,",,7,1700",TMIN,2018-08-08T00:00:00,GHCND:USC00454679,139
827,",,7,1700",TOBS,2018-08-08T00:00:00,GHCND:USC00454679,389
828,",,7,0800",PRCP,2018-08-08T00:00:00,GHCND:USC00455387,0
829,",,H,0400",PRCP,2018-08-08T00:00:00,GHCND:USC00458932,0
830,",,H,",SNOW,2018-08-08T00:00:00,GHCND:USC00458932,0
831,",,H,0400",SNWD,2018-08-08T00:00:00,GHCND:USC00458932,0
832,",,7,0800",EVAP,2018-08-08T00:00:00,GHCND:USC00459200,76
833,",,7,",MNPN,2018-08-08T00:00:00,GHCND:USC00459200,178
834,",,7,",MXPN,2018-08-08T00:00:00,GHCND:USC00459200,344
835,",,7,0800",PRCP,2018-08-08T00:00:00,GHCND:USC00459200,0
836,",,7,0800",TMAX,2018-08-08T00:00:00,GHCND:USC00459200,383
837,",,7,0800",TMIN,2018-08-08T00:00:00,GHCND:USC00459200,111
838,",,7,0800",TOBS,2018-08-08T00:00:00,GHCND:USC00459200,117
839,",,7,",WDMV,2018-08-08T00:00:00,GHCND:USC00459200,21
840,",,W,",AWND,2018-08-08T00:00:00,GHCND:USW00024160,22
841,",,W,",PRCP,2018-08-08T00:00:00,GHCND:USW00024160,0
842,",,W,",SNOW,2018-08-08T00:00:00,GHCND:USW00024160,0
843,",,W,",SNWD,2018-08-08T00:00:00,GHCND:USW00024160,0
844,",,W,",TMAX,2018-08-08T00:00:00,GHCND:USW00024160,422
845,",,W,",TMIN,2018-08-08T00:00:00,GHCND:USW00024160,200
846,",,W,",WDF2,2018-08-08T00:00:00,GHCND:USW00024160,30
847,",,W,",WDF5,2018-08-08T00:00:00,GHCND:USW00024160,10
848,",,W,",WSF2,2018-08-08T00:00:00,GHCND:USW00024160,54
849,",,W,",WSF5,2018-08-08T00:00:00,GHCND:USW00024160,72
850,",,N,",PRCP,2018-08-09T00:00:00,GHCND:US1WAWW0009,0
851,",,N,",SNOW,2018-08-09T00:00:00,GHCND:US1WAWW0009,0
852,",,N,",PRCP,2018-08-09T00:00:00,GHCND:US1WAWW0014,0
853,",,7,0900",PRCP,2018-08-09T00:00:00,GHCND:USC00355593,0
854,",,7,0900",TMAX,2018-08-09T00:00:00,GHCND:USC00355593,383
855,",,7,0900",TMIN,2018-08-09T00:00:00,GHCND:USC00355593,261
856,",,7,0900",TOBS,2018-08-09T00:00:00,GHCND:USC00355593,289
857,",,7,1700",EVAP,2018-08-09T00:00:00,GHCND:USC00454679,109
858,",,7,",MNPN,2018-08-09T00:00:00,GHCND:USC00454679,178
859,",,7,",MXPN,2018-08-09T00:00:00,GHCND:USC00454679,344
860,",,7,1700",PRCP,2018-08-09T00:00:00,GHCND:USC00454679,0
861,",,7,",SNOW,2018-08-09T00:00:00,GHCND:USC00454679,0
862,",,7,1700",TMAX,2018-08-09T00:00:00,GHCND:USC00454679,406
863,",,7,1700",TMIN,2018-08-09T00:00:00,GHCND:USC00454679,156
864,",,7,1700",TOBS,2018-08-09T00:00:00,GHCND:USC00454679,406
865,",,7,0800",PRCP,2018-08-09T00:00:00,GHCND:USC00455387,0
866,",,7,0800",EVAP,2018-08-09T00:00:00,GHCND:USC00459200,64
867,",,7,",MNPN,2018-08-09T00:00:00,GHCND:USC00459200,189
868,",,7,",MXPN,2018-08-09T00:00:00,GHCND:USC00459200,356
869,",,7,0800",PRCP,2018-08-09T00:00:00,GHCND:USC00459200,0
870,",,7,0800",TMAX,2018-08-09T00:00:00,GHCND:USC00459200,406
871,",,7,0800",TMIN,2018-08-09T00:00:00,GHCND:USC00459200,111
872,",,7,0800",TOBS,2018-08-09T00:00:00,GHCND:USC00459200,144
873,",,7,",WDMV,2018-08-09T00:00:00,GHCND:USC00459200,21
874,",,W,",AWND,2018-08-09T00:00:00,GHCND:USW00024160,30
875,",,W,",PRCP,2018-08-09T00:00:00,GHCND:USW00024160,0
876,",,W,",SNOW,2018-08-09T00:00:00,GHCND:USW00024160,0
877,",,W,",SNWD,2018-08-09T00:00:00,GHCND:USW00024160,0
878,",,W,",TMAX,2018-08-09T00:00:00,GHCND:USW00024160,400
879,",,W,",TMIN,2018-08-09T00:00:00,GHCND:USW00024160,217
880,",,W,",WDF2,2018-08-09T00:00:00,GHCND:USW00024160,190
881,",,W,",WDF5,2018-08-09T00:00:00,GHCND:USW00024160,220
882,",,W,",WSF2,2018-08-09T00:00:00,GHCND:USW00024160,58
883,",,W,",WSF5,2018-08-09T00:00:00,GHCND:USW00024160,72
884,",,N,",PRCP,2018-08-10T00:00:00,GHCND:US1WAWW0009,0
885,",,N,",SNOW,2018-08-10T00:00:00,GHCND:US1WAWW0009,0
886,",,N,",PRCP,2018-08-10T00:00:00,GHCND:US1WAWW0014,0
887,",,7,0900",PRCP,2018-08-10T00:00:00,GHCND:USC00355593,0
888,",,7,0900",TMAX,2018-08-10T00:00:00,GHCND:USC00355593,389
889,",,7,0900",TMIN,2018-08-10T00:00:00,GHCND:USC00355593,244
890,",,7,0900",TOBS,2018-08-10T00:00:00,GHCND:USC00355593,283
891,",,7,1700",EVAP,2018-08-10T00:00:00,GHCND:USC00454679,127
892,",,7,",MNPN,2018-08-10T00:00:00,GHCND:USC00454679,189
893,",,7,",MXPN,2018-08-10T00:00:00,GHCND:USC00454679,344
894,",,7,1700",PRCP,2018-08-10T00:00:00,GHCND:USC00454679,0
895,",,7,",SNOW,2018-08-10T00:00:00,GHCND:USC00454679,0
896,",,7,1700",TMAX,2018-08-10T00:00:00,GHCND:USC00454679,411
897,",,7,1700",TMIN,2018-08-10T00:00:00,GHCND:USC00454679,178
898,",,7,1700",TOBS,2018-08-10T00:00:00,GHCND:USC00454679,361
899,",,7,0800",PRCP,2018-08-10T00:00:00,GHCND:USC00455387,0
900,",,7,0800",EVAP,2018-08-10T00:00:00,GHCND:USC00459200,74
901,",,7,",MNPN,2018-08-10T00:00:00,GHCND:USC00459200,200
902,",,7,",MXPN,2018-08-10T00:00:00,GHCND:USC00459200,356
903,",,7,0800",PRCP,2018-08-10T00:00:00,GHCND:USC00459200,0
904,",,7,0800",TMAX,2018-08-10T00:00:00,GHCND:USC00459200,389
905,",,7,0800",TMIN,2018-08-10T00:00:00,GHCND:USC00459200,139
906,",,7,0800",TOBS,2018-08-10T00:00:00,GHCND:USC00459200,150
907,",,7,",WDMV,2018-08-10T00:00:00,GHCND:USC00459200,40
908,",,W,",AWND,2018-08-10T00:00:00,GHCND:USW00024160,40
909,",,W,",PRCP,2018-08-10T00:00:00,GHCND:USW00024160,0
910,",,W,",SNOW,2018-08-10T00:00:00,GHCND:USW00024160,0
911,",,W,",SNWD,2018-08-10T00:00:00,GHCND:USW00024160,0
912,",,W,",TMAX,2018-08-10T00:00:00,GHCND:USW00024160,394
913,",,W,",TMIN,2018-08-10T00:00:00,GHCND:USW00024160,228
914,",,W,",WDF2,2018-08-10T00:00:00,GHCND:USW00024160,220
915,",,W,",WDF5,2018-08-10T00:00:00,GHCND:USW00024160,220
916,",,W,",WSF2,2018-08-10T00:00:00,GHCND:USW00024160,81
917,",,W,",WSF5,2018-08-10T00:00:00,GHCND:USW00024160,107
918,"T,,N,",PRCP,2018-08-11T00:00:00,GHCND:US1WAWW0005,0
919,"T,,N,",PRCP,2018-08-11T00:00:00,GHCND:US1WAWW0009,0
920,",,7,0900",PRCP,2018-08-11T00:00:00,GHCND:USC00355593,0
921,",,7,0900",TMAX,2018-08-11T00:00:00,GHCND:USC00355593,394
922,",,7,0900",TMIN,2018-08-11T00:00:00,GHCND:USC00355593,211
923,",,7,1700",EVAP,2018-08-11T00:00:00,GHCND:USC00454679,124
924,",,7,",MNPN,2018-08-11T00:00:00,GHCND:USC00454679,183
925,",,7,",MXPN,2018-08-11T00:00:00,GHCND:USC00454679,317
926,",,7,1700",PRCP,2018-08-11T00:00:00,GHCND:USC00454679,0
927,",,7,",SNOW,2018-08-11T00:00:00,GHCND:USC00454679,0
928,",,7,1700",TMAX,2018-08-11T00:00:00,GHCND:USC00454679,361
929,",,7,1700",TMIN,2018-08-11T00:00:00,GHCND:USC00454679,167
930,",,7,1700",TOBS,2018-08-11T00:00:00,GHCND:USC00454679,289
931,",,7,0800",PRCP,2018-08-11T00:00:00,GHCND:USC00455387,0
932,",,7,0800",EVAP,2018-08-11T00:00:00,GHCND:USC00459200,74
933,",,7,",MNPN,2018-08-11T00:00:00,GHCND:USC00459200,217
934,",,7,",MXPN,2018-08-11T00:00:00,GHCND:USC00459200,350
935,",,7,0800",PRCP,2018-08-11T00:00:00,GHCND:USC00459200,0
936,",,7,0800",TMAX,2018-08-11T00:00:00,GHCND:USC00459200,389
937,",,7,0800",TMIN,2018-08-11T00:00:00,GHCND:USC00459200,150
938,",,7,0800",TOBS,2018-08-11T00:00:00,GHCND:USC00459200,211
939,",,7,",WDMV,2018-08-11T00:00:00,GHCND:USC00459200,50
940,",,W,",AWND,2018-08-11T00:00:00,GHCND:USW00024160,60
941,",,W,",PRCP,2018-08-11T00:00:00,GHCND:USW00024160,0
942,",,W,",SNOW,2018-08-11T00:00:00,GHCND:USW00024160,0
943,",,W,",SNWD,2018-08-11T00:00:00,GHCND:USW00024160,0
944,",,W,",TMAX,2018-08-11T00:00:00,GHCND:USW00024160,306
945,",,W,",TMIN,2018-08-11T00:00:00,GHCND:USW00024160,183
946,",,W,",WDF2,2018-08-11T00:00:00,GHCND:USW00024160,250
947,",,W,",WDF5,2018-08-11T00:00:00,GHCND:USW00024160,240
948,",,W,",WSF2,2018-08-11T00:00:00,GHCND:USW00024160,94
949,",,W,",WSF5,2018-08-11T00:00:00,GHCND:USW00024160,121
950,",,N,",PRCP,2018-08-12T00:00:00,GHCND:US1WAWW0009,0
951,",,N,",SNOW,2018-08-12T00:00:00,GHCND:US1WAWW0009,0
952,",,7,0900",PRCP,2018-08-12T00:00:00,GHCND:USC00355593,0
953,",,7,0900",TMAX,2018-08-12T00:00:00,GHCND:USC00355593,300
954,",,7,0900",TMIN,2018-08-12T00:00:00,GHCND:USC00355593,144
955,",,7,1700",EVAP,2018-08-12T00:00:00,GHCND:USC00454679,81
956,",,7,",MNPN,2018-08-12T00:00:00,GHCND:USC00454679,128
957,",,7,",MXPN,2018-08-12T00:00:00,GHCND:USC00454679,278
958,",,7,1700",PRCP,2018-08-12T00:00:00,GHCND:USC00454679,0
959,",,7,",SNOW,2018-08-12T00:00:00,GHCND:USC00454679,0
960,",,7,1700",TMAX,2018-08-12T00:00:00,GHCND:USC00454679,294
961,",,7,1700",TMIN,2018-08-12T00:00:00,GHCND:USC00454679,100
962,",,7,1700",TOBS,2018-08-12T00:00:00,GHCND:USC00454679,256
963,",,7,0800",PRCP,2018-08-12T00:00:00,GHCND:USC00455387,0
964,",,7,0800",EVAP,2018-08-12T00:00:00,GHCND:USC00459200,94
965,",,7,",MNPN,2018-08-12T00:00:00,GHCND:USC00459200,172
966,",,7,",MXPN,2018-08-12T00:00:00,GHCND:USC00459200,311
967,",,7,0800",PRCP,2018-08-12T00:00:00,GHCND:USC00459200,0
968,",,7,0800",TMAX,2018-08-12T00:00:00,GHCND:USC00459200,306
969,",,7,0800",TMIN,2018-08-12T00:00:00,GHCND:USC00459200,111
970,",,7,0800",TOBS,2018-08-12T00:00:00,GHCND:USC00459200,117
971,",,7,",WDMV,2018-08-12T00:00:00,GHCND:USC00459200,138
972,",,W,",AWND,2018-08-12T00:00:00,GHCND:USW00024160,30
973,",,W,",PRCP,2018-08-12T00:00:00,GHCND:USW00024160,0
974,",,W,",SNOW,2018-08-12T00:00:00,GHCND:USW00024160,0
975,",,W,",SNWD,2018-08-12T00:00:00,GHCND:USW00024160,0
976,",,W,",TMAX,2018-08-12T00:00:00,GHCND:USW00024160,283
977,",,W,",TMIN,2018-08-12T00:00:00,GHCND:USW00024160,161
978,",,W,",WDF2,2018-08-12T00:00:00,GHCND:USW00024160,220
979,",,W,",WDF5,2018-08-12T00:00:00,GHCND:USW00024160,200
980,",,W,",WSF2,2018-08-12T00:00:00,GHCND:USW00024160,67
981,",,W,",WSF5,2018-08-12T00:00:00,GHCND:USW00024160,94
982,",,N,",PRCP,2018-08-13T00:00:00,GHCND:US1WAWW0009,0
983,",,N,",SNOW,2018-08-13T00:00:00,GHCND:US1WAWW0009,0
984,",,N,",PRCP,2018-08-13T00:00:00,GHCND:US1WAWW0014,0
985,",,7,0900",PRCP,2018-08-13T00:00:00,GHCND:USC00355593,0
986,",,7,0900",TMAX,2018-08-13T00:00:00,GHCND:USC00355593,278
987,",,7,0900",TMIN,2018-08-13T00:00:00,GHCND:USC00355593,122
988,",,7,0900",TOBS,2018-08-13T00:00:00,GHCND:USC00355593,189
989,",,7,1700",EVAP,2018-08-13T00:00:00,GHCND:USC00454679,53
990,",,7,",MNPN,2018-08-13T00:00:00,GHCND:USC00454679,133
991,",,7,",MXPN,2018-08-13T00:00:00,GHCND:USC00454679,278
992,",,7,1700",PRCP,2018-08-13T00:00:00,GHCND:USC00454679,0
993,",,7,",SNOW,2018-08-13T00:00:00,GHCND:USC00454679,0
994,",,7,1700",TMAX,2018-08-13T00:00:00,GHCND:USC00454679,294
995,",,7,1700",TMIN,2018-08-13T00:00:00,GHCND:USC00454679,111
996,",,7,1700",TOBS,2018-08-13T00:00:00,GHCND:USC00454679,289
997,",,7,0800",PRCP,2018-08-13T00:00:00,GHCND:USC00455387,0
998,",,7,0800",EVAP,2018-08-13T00:00:00,GHCND:USC00459200,76
999,",,7,",MNPN,2018-08-13T00:00:00,GHCND:USC00459200,167
0,",,7,",MXPN,2018-08-13T00:00:00,GHCND:USC00459200,322
1,",,7,0800",PRCP,2018-08-13T00:00:00,GHCND:USC00459200,0
2,",,7,0800",TMAX,2018-08-13T00:00:00,GHCND:USC00459200,283
3,",,7,0800",TMIN,2018-08-13T00:00:00,GHCND:USC00459200,78
4,",,7,0800",TOBS,2018-08-13T00:00:00,GHCND:USC00459200,78
5,",,7,",WDMV,2018-08-13T00:00:00,GHCND:USC00459200,45
6,",,W,",AWND,2018-08-13T00:00:00,GHCND:USW00024160,23
7,",,W,",PRCP,2018-08-13T00:00:00,GHCND:USW00024160,0
8,",,W,",SNOW,2018-08-13T00:00:00,GHCND:USW00024160,0
9,",,W,",SNWD,2018-08-13T00:00:00,GHCND:USW00024160,0
10,",,W,",TMAX,2018-08-13T00:00:00,GHCND:USW00024160,317
11,",,W,",TMIN,2018-08-13T00:00:00,GHCND:USW00024160,122
12,",,W,",WDF2,2018-08-13T00:00:00,GHCND:USW00024160,10
13,",,W,",WSF2,2018-08-13T00:00:00,GHCND:USW00024160,40
14,",,N,",PRCP,2018-08-14T00:00:00,GHCND:US1WAWW0009,0
15,",,N,",SNOW,2018-08-14T00:00:00,GHCND:US1WAWW0009,0
16,",,7,0900",PRCP,2018-08-14T00:00:00,GHCND:USC00355593,0
17,",,7,0900",TMAX,2018-08-14T00:00:00,GHCND:USC00355593,311
18,",,7,0900",TMIN,2018-08-14T00:00:00,GHCND:USC00355593,172
19,",,7,0900",TOBS,2018-08-14T00:00:00,GHCND:USC00355593,194
20,",,7,1700",EVAP,2018-08-14T00:00:00,GHCND:USC00454679,74
21,",,7,",MNPN,2018-08-14T00:00:00,GHCND:USC00454679,133
22,",,7,",MXPN,2018-08-14T00:00:00,GHCND:USC00454679,289
23,",,7,1700",PRCP,2018-08-14T00:00:00,GHCND:USC00454679,0
24,",,7,",SNOW,2018-08-14T00:00:00,GHCND:USC00454679,0
25,",,7,1700",TMAX,2018-08-14T00:00:00,GHCND:USC00454679,311
26,",,7,1700",TMIN,2018-08-14T00:00:00,GHCND:USC00454679,83
27,",,7,1700",TOBS,2018-08-14T00:00:00,GHCND:USC00454679,306
28,",,7,0800",PRCP,2018-08-14T00:00:00,GHCND:USC00455387,0
29,",,7,0800",EVAP,2018-08-14T00:00:00,GHCND:USC00459200,69
30,",,7,",MNPN,2018-08-14T00:00:00,GHCND:USC00459200,167
31,",,7,",MXPN,2018-08-14T00:00:00,GHCND:USC00459200,317
32,",,7,0800",PRCP,2018-08-14T00:00:00,GHCND:USC00459200,0
33,",,7,0800",TMAX,2018-08-14T00:00:00,GHCND:USC00459200,311
34,",,7,0800",TMIN,2018-08-14T00:00:00,GHCND:USC00459200,72
35,",,7,0800",TOBS,2018-08-14T00:00:00,GHCND:USC00459200,78
36,",,7,",WDMV,2018-08-14T00:00:00,GHCND:USC00459200,29
37,",,W,",AWND,2018-08-14T00:00:00,GHCND:USW00024160,29
38,",,W,",PRCP,2018-08-14T00:00:00,GHCND:USW00024160,0
39,",,W,",SNOW,2018-08-14T00:00:00,GHCND:USW00024160,0
40,",,W,",SNWD,2018-08-14T00:00:00,GHCND:USW00024160,0
41,",,W,",TMAX,2018-08-14T00:00:00,GHCND:USW00024160,300
42,",,W,",TMIN,2018-08-14T00:00:00,GHCND:USW00024160,161
43,",,W,",WDF2,2018-08-14T00:00:00,GHCND:USW00024160,150
44,",,W,",WSF2,2018-08-14T00:00:00,GHCND:USW00024160,40
45,",,W,",WT08,2018-08-14T00:00:00,GHCND:USW00024160,1
46,",,N,",PRCP,2018-08-15T00:00:00,GHCND:US1WAWW0009,0
47,",,N,",SNOW,2018-08-15T00:00:00,GHCND:US1WAWW0009,0
48,",,N,",PRCP,2018-08-15T00:00:00,GHCND:US1WAWW0014,0
49,",,7,0900",PRCP,2018-08-15T00:00:00,GHCND:USC00355593,0
50,",,7,0900",TMAX,2018-08-15T00:00:00,GHCND:USC00355593,333
51,",,7,0900",TMIN,2018-08-15T00:00:00,GHCND:USC00355593,156
52,",,7,0900",TOBS,2018-08-15T00:00:00,GHCND:USC00355593,267
53,",,7,1700",EVAP,2018-08-15T00:00:00,GHCND:USC00454679,69
54,",,7,",MNPN,2018-08-15T00:00:00,GHCND:USC00454679,139
55,",,7,",MXPN,2018-08-15T00:00:00,GHCND:USC00454679,300
56,",,7,1700",PRCP,2018-08-15T00:00:00,GHCND:USC00454679,0
57,",,7,",SNOW,2018-08-15T00:00:00,GHCND:USC00454679,0
58,",,7,1700",TMAX,2018-08-15T00:00:00,GHCND:USC00454679,344
59,",,7,1700",TMIN,2018-08-15T00:00:00,GHCND:USC00454679,106
60,",,7,1700",TOBS,2018-08-15T00:00:00,GHCND:USC00454679,333
61,",,7,0800",PRCP,2018-08-15T00:00:00,GHCND:USC00455387,0
62,",,7,0800",EVAP,2018-08-15T00:00:00,GHCND:USC00459200,56
63,",,7,",MNPN,2018-08-15T00:00:00,GHCND:USC00459200,172
64,",,7,",MXPN,2018-08-15T00:00:00,GHCND:USC00459200,328
65,",,7,0800",PRCP,2018-08-15T00:00:00,GHCND:USC00459200,0
66,",,7,0800",TMAX,2018-08-15T00:00:00,GHCND:USC00459200,339
67,",,7,0800",TMIN,2018-08-15T00:00:00,GHCND:USC00459200,78
68,",,7,0800",TOBS,2018-08-15T00:00:00,GHCND:USC00459200,89
69,",,7,",WDMV,2018-08-15T00:00:00,GHCND:USC00459200,27
70,",,W,",AWND,2018-08-15T00:00:00,GHCND:USW00024160,21
71,",,W,",PRCP,2018-08-15T00:00:00,GHCND:USW00024160,0
72,",,W,",SNOW,2018-08-15T00:00:00,GHCND:USW00024160,0
73,",,W,",SNWD,2018-08-15T00:00:00,GHCND:USW00024160,0
74,",,W,",TMAX,2018-08-15T00:00:00,GHCND:USW00024160,372
75,",,W,",TMIN,2018-08-15T00:00:00,GHCND:USW00024160,161
76,",,W,",WDF2,2018-08-15T00:00:00,GHCND:USW00024160,160
77,",,W,",WDF5,2018-08-15T00:00:00,GHCND:USW00024160,160
78,",,W,",WSF2,2018-08-15T00:00:00,GHCND:USW00024160,58
79,",,W,",WSF5,2018-08-15T00:00:00,GHCND:USW00024160,63
80,",,W,",WT08,2018-08-15T00:00:00,GHCND:USW00024160,1
81,"T,,N,",PRCP,2018-08-16T00:00:00,GHCND:US1WAWW0006,0
82,",,N,",PRCP,2018-08-16T00:00:00,GHCND:US1WAWW0009,0
83,",,N,",SNOW,2018-08-16T00:00:00,GHCND:US1WAWW0009,0
84,",,N,",PRCP,2018-08-16T00:00:00,GHCND:US1WAWW0014,0
85,",,7,0900",PRCP,2018-08-16T00:00:00,GHCND:USC00355593,0
86,",,7,0900",TMAX,2018-08-16T00:00:00,GHCND:USC00355593,339
87,",,7,0900",TMIN,2018-08-16T00:00:00,GHCND:USC00355593,222
88,",,7,0900",TOBS,2018-08-16T00:00:00,GHCND:USC00355593,267
89,",,7,1700",EVAP,2018-08-16T00:00:00,GHCND:USC00454679,86
90,",,7,",MNPN,2018-08-16T00:00:00,GHCND:USC00454679,172
91,",,7,",MXPN,2018-08-16T00:00:00,GHCND:USC00454679,317
92,",,7,1700",PRCP,2018-08-16T00:00:00,GHCND:USC00454679,0
93,",,7,",SNOW,2018-08-16T00:00:00,GHCND:USC00454679,0
94,",,7,1700",TMAX,2018-08-16T00:00:00,GHCND:USC00454679,356
95,",,7,1700",TMIN,2018-08-16T00:00:00,GHCND:USC00454679,178
96,",,7,1700",TOBS,2018-08-16T00:00:00,GHCND:USC00454679,350
97,",,7,0800",PRCP,2018-08-16T00:00:00,GHCND:USC00455387,0
98,",,7,0800",EVAP,2018-08-16T00:00:00,GHCND:USC00459200,48
99,",,7,",MNPN,2018-08-16T00:00:00,GHCND:USC00459200,167
100,",,7,",MXPN,2018-08-16T00:00:00,GHCND:USC00459200,317
101,",,7,0800",PRCP,2018-08-16T00:00:00,GHCND:USC00459200,0
102,",,7,0800",TMAX,2018-08-16T00:00:00,GHCND:USC00459200,356
103,",,7,0800",TMIN,2018-08-16T00:00:00,GHCND:USC00459200,50
104,",,7,0800",TOBS,2018-08-16T00:00:00,GHCND:USC00459200,178
105,",,7,",WDMV,2018-08-16T00:00:00,GHCND:USC00459200,32
106,",,W,",AWND,2018-08-16T00:00:00,GHCND:USW00024160,26
107,"T,,W,",PRCP,2018-08-16T00:00:00,GHCND:USW00024160,0
108,",,W,",SNOW,2018-08-16T00:00:00,GHCND:USW00024160,0
109,",,W,",SNWD,2018-08-16T00:00:00,GHCND:USW00024160,0
110,",,W,",TMAX,2018-08-16T00:00:00,GHCND:USW00024160,383
111,",,W,",TMIN,2018-08-16T00:00:00,GHCND:USW00024160,239
112,",,W,",WDF2,2018-08-16T00:00:00,GHCND:USW00024160,240
113,",,W,",WDF5,2018-08-16T00:00:00,GHCND:USW00024160,230
114,",,W,",WSF2,2018-08-16T00:00:00,GHCND:USW00024160,125
115,",,W,",WSF5,2018-08-16T00:00:00,GHCND:USW00024160,165
116,",,W,",WT08,2018-08-16T00:00:00,GHCND:USW00024160,1
117,"T,,N,",PRCP,2018-08-17T00:00:00,GHCND:US1WAWW0005,0
118,"T,,N,",PRCP,2018-08-17T00:00:00,GHCND:US1WAWW0006,0
119,"T,,N,",PRCP,2018-08-17T00:00:00,GHCND:US1WAWW0009,0
120,"T,,N,",PRCP,2018-08-17T00:00:00,GHCND:US1WAWW0014,0
121,",,7,0900",PRCP,2018-08-17T00:00:00,GHCND:USC00355593,0
122,",,7,0900",TMAX,2018-08-17T00:00:00,GHCND:USC00355593,356
123,",,7,0900",TMIN,2018-08-17T00:00:00,GHCND:USC00355593,200
124,",,7,0900",TOBS,2018-08-17T00:00:00,GHCND:USC00355593,256
125,",,7,1700",EVAP,2018-08-17T00:00:00,GHCND:USC00454679,97
126,",,7,",MNPN,2018-08-17T00:00:00,GHCND:USC00454679,189
127,",,7,",MXPN,2018-08-17T00:00:00,GHCND:USC00454679,311
128,",,7,1700",PRCP,2018-08-17T00:00:00,GHCND:USC00454679,0
129,",,7,",SNOW,2018-08-17T00:00:00,GHCND:USC00454679,0
130,",,7,1700",TMAX,2018-08-17T00:00:00,GHCND:USC00454679,356
131,",,7,1700",TMIN,2018-08-17T00:00:00,GHCND:USC00454679,200
132,",,7,1700",TOBS,2018-08-17T00:00:00,GHCND:USC00454679,300
133,",,7,0800",PRCP,2018-08-17T00:00:00,GHCND:USC00455387,8
134,",,7,0800",EVAP,2018-08-17T00:00:00,GHCND:USC00459200,76
135,",,7,",MNPN,2018-08-17T00:00:00,GHCND:USC00459200,183
136,",,7,",MXPN,2018-08-17T00:00:00,GHCND:USC00459200,333
137,"T,,7,0800",PRCP,2018-08-17T00:00:00,GHCND:USC00459200,0
138,",,7,0800",TMAX,2018-08-17T00:00:00,GHCND:USC00459200,378
139,",,7,0800",TMIN,2018-08-17T00:00:00,GHCND:USC00459200,178
140,",,7,0800",TOBS,2018-08-17T00:00:00,GHCND:USC00459200,206
141,",,7,",WDMV,2018-08-17T00:00:00,GHCND:USC00459200,42
142,",,W,",AWND,2018-08-17T00:00:00,GHCND:USW00024160,36
143,",,W,",PRCP,2018-08-17T00:00:00,GHCND:USW00024160,5
144,",,W,",SNOW,2018-08-17T00:00:00,GHCND:USW00024160,0
145,",,W,",SNWD,2018-08-17T00:00:00,GHCND:USW00024160,0
146,",,W,",TMAX,2018-08-17T00:00:00,GHCND:USW00024160,322
147,",,W,",TMIN,2018-08-17T00:00:00,GHCND:USW00024160,206
148,",,W,",WDF2,2018-08-17T00:00:00,GHCND:USW00024160,200
149,",,W,",WDF5,2018-08-17T00:00:00,GHCND:USW00024160,210
150,",,W,",WSF2,2018-08-17T00:00:00,GHCND:USW00024160,76
151,",,W,",WSF5,2018-08-17T00:00:00,GHCND:USW00024160,98
152,",,W,",WT03,2018-08-17T00:00:00,GHCND:USW00024160,1
153,",,W,",WT08,2018-08-17T00:00:00,GHCND:USW00024160,1
154,",,N,",PRCP,2018-08-18T00:00:00,GHCND:US1WAWW0009,5
155,"T,,N,",PRCP,2018-08-18T00:00:00,GHCND:US1WAWW0014,0
156,",,7,0900",PRCP,2018-08-18T00:00:00,GHCND:USC00355593,0
157,",,7,0900",TMAX,2018-08-18T00:00:00,GHCND:USC00355593,328
158,",,7,0900",TMIN,2018-08-18T00:00:00,GHCND:USC00355593,172
159,",,7,1700",EVAP,2018-08-18T00:00:00,GHCND:USC00454679,81
160,",,7,",MNPN,2018-08-18T00:00:00,GHCND:USC00454679,144
161,",,7,",MXPN,2018-08-18T00:00:00,GHCND:USC00454679,300
162,",,7,1700",PRCP,2018-08-18T00:00:00,GHCND:USC00454679,0
163,",,7,",SNOW,2018-08-18T00:00:00,GHCND:USC00454679,0
164,",,7,1700",TMAX,2018-08-18T00:00:00,GHCND:USC00454679,322
165,",,7,1700",TMIN,2018-08-18T00:00:00,GHCND:USC00454679,100
166,",,7,1700",TOBS,2018-08-18T00:00:00,GHCND:USC00454679,311
167,",,7,0800",PRCP,2018-08-18T00:00:00,GHCND:USC00455387,0
168,",,7,0800",EVAP,2018-08-18T00:00:00,GHCND:USC00459200,48
169,",,7,",MNPN,2018-08-18T00:00:00,GHCND:USC00459200,183
170,",,7,",MXPN,2018-08-18T00:00:00,GHCND:USC00459200,294
171,",,7,0800",PRCP,2018-08-18T00:00:00,GHCND:USC00459200,0
172,",,7,0800",TMAX,2018-08-18T00:00:00,GHCND:USC00459200,333
173,",,7,0800",TMIN,2018-08-18T00:00:00,GHCND:USC00459200,133
174,",,7,0800",TOBS,2018-08-18T00:00:00,GHCND:USC00459200,139
175,",,7,",WDMV,2018-08-18T00:00:00,GHCND:USC00459200,37
176,",,W,",AWND,2018-08-18T00:00:00,GHCND:USW00024160,30
177,",,W,",PRCP,2018-08-18T00:00:00,GHCND:USW00024160,0
178,",,W,",SNOW,2018-08-18T00:00:00,GHCND:USW00024160,0
179,",,W,",SNWD,2018-08-18T00:00:00,GHCND:USW00024160,0
180,",,W,",TMAX,2018-08-18T00:00:00,GHCND:USW00024160,344
181,",,W,",TMIN,2018-08-18T00:00:00,GHCND:USW00024160,189
182,",,W,",WDF2,2018-08-18T00:00:00,GHCND:USW00024160,240
183,",,W,",WDF5,2018-08-18T00:00:00,GHCND:USW00024160,30
184,",,W,",WSF2,2018-08-18T00:00:00,GHCND:USW00024160,58
185,",,W,",WSF5,2018-08-18T00:00:00,GHCND:USW00024160,76
186,",,N,",PRCP,2018-08-19T00:00:00,GHCND:US1WAWW0009,0
187,",,N,",SNOW,2018-08-19T00:00:00,GHCND:US1WAWW0009,0
188,",,N,",PRCP,2018-08-19T00:00:00,GHCND:US1WAWW0014,0
189,",,7,0900",PRCP,2018-08-19T00:00:00,GHCND:USC00355593,0
190,",,7,0900",TMAX,2018-08-19T00:00:00,GHCND:USC00355593,328
191,",,7,0900",TMIN,2018-08-19T00:00:00,GHCND:USC00355593,156
192,",,7,1700",EVAP,2018-08-19T00:00:00,GHCND:USC00454679,66
193,",,7,",MNPN,2018-08-19T00:00:00,GHCND:USC00454679,106
194,",,7,",MXPN,2018-08-19T00:00:00,GHCND:USC00454679,300
195,",,7,1700",PRCP,2018-08-19T00:00:00,GHCND:USC00454679,0
196,",,7,",SNOW,2018-08-19T00:00:00,GHCND:USC00454679,0
197,",,7,1700",TMAX,2018-08-19T00:00:00,GHCND:USC00454679,311
198,",,7,1700",TMIN,2018-08-19T00:00:00,GHCND:USC00454679,122
199,",,7,1700",TOBS,2018-08-19T00:00:00,GHCND:USC00454679,283
200,",,7,0800",PRCP,2018-08-19T00:00:00,GHCND:USC00455387,0
201,",,7,0800",EVAP,2018-08-19T00:00:00,GHCND:USC00459200,58
202,",,7,",MNPN,2018-08-19T00:00:00,GHCND:USC00459200,178
203,",,7,",MXPN,2018-08-19T00:00:00,GHCND:USC00459200,333
204,",,7,0800",PRCP,2018-08-19T00:00:00,GHCND:USC00459200,0
205,",,7,0800",TMAX,2018-08-19T00:00:00,GHCND:USC00459200,344
206,",,7,0800",TMIN,2018-08-19T00:00:00,GHCND:USC00459200,94
207,",,7,0800",TOBS,2018-08-19T00:00:00,GHCND:USC00459200,94
208,",,7,",WDMV,2018-08-19T00:00:00,GHCND:USC00459200,21
209,",,W,",AWND,2018-08-19T00:00:00,GHCND:USW00024160,29
210,",,W,",PRCP,2018-08-19T00:00:00,GHCND:USW00024160,0
211,",,W,",SNOW,2018-08-19T00:00:00,GHCND:USW00024160,0
212,",,W,",SNWD,2018-08-19T00:00:00,GHCND:USW00024160,0
213,",,W,",TMAX,2018-08-19T00:00:00,GHCND:USW00024160,333
214,",,W,",TMIN,2018-08-19T00:00:00,GHCND:USW00024160,167
215,",,W,",WDF2,2018-08-19T00:00:00,GHCND:USW00024160,170
216,",,W,",WDF5,2018-08-19T00:00:00,GHCND:USW00024160,180
217,",,W,",WSF2,2018-08-19T00:00:00,GHCND:USW00024160,81
218,",,W,",WSF5,2018-08-19T00:00:00,GHCND:USW00024160,94
219,",,W,",WT03,2018-08-19T00:00:00,GHCND:USW00024160,1
220,",,W,",WT08,2018-08-19T00:00:00,GHCND:USW00024160,1
221,",,N,",PRCP,2018-08-20T00:00:00,GHCND:US1WAWW0009,0
222,",,N,",SNOW,2018-08-20T00:00:00,GHCND:US1WAWW0009,0
223,",,N,",PRCP,2018-08-20T00:00:00,GHCND:US1WAWW0014,0
224,",,7,0900",PRCP,2018-08-20T00:00:00,GHCND:USC00355593,0
225,",,7,0900",TMAX,2018-08-20T00:00:00,GHCND:USC00355593,306
226,",,7,0900",TMIN,2018-08-20T00:00:00,GHCND:USC00355593,178
227,",,7,0900",TOBS,2018-08-20T00:00:00,GHCND:USC00355593,194
228,",,7,1700",EVAP,2018-08-20T00:00:00,GHCND:USC00454679,76
229,",,7,",MNPN,2018-08-20T00:00:00,GHCND:USC00454679,128
230,",,7,",MXPN,2018-08-20T00:00:00,GHCND:USC00454679,261
231,",,7,1700",PRCP,2018-08-20T00:00:00,GHCND:USC00454679,0
232,",,7,",SNOW,2018-08-20T00:00:00,GHCND:USC00454679,0
233,",,7,1700",TMAX,2018-08-20T00:00:00,GHCND:USC00454679,294
234,",,7,1700",TMIN,2018-08-20T00:00:00,GHCND:USC00454679,106
235,",,7,1700",TOBS,2018-08-20T00:00:00,GHCND:USC00454679,289
236,",,7,0800",PRCP,2018-08-20T00:00:00,GHCND:USC00455387,0
237,",,7,0800",EVAP,2018-08-20T00:00:00,GHCND:USC00459200,61
238,",,7,",MNPN,2018-08-20T00:00:00,GHCND:USC00459200,172
239,",,7,",MXPN,2018-08-20T00:00:00,GHCND:USC00459200,306
240,",,7,0800",PRCP,2018-08-20T00:00:00,GHCND:USC00459200,0
241,",,7,0800",TMAX,2018-08-20T00:00:00,GHCND:USC00459200,328
242,",,7,0800",TMIN,2018-08-20T00:00:00,GHCND:USC00459200,89
243,",,7,0800",TOBS,2018-08-20T00:00:00,GHCND:USC00459200,139
244,",,7,",WDMV,2018-08-20T00:00:00,GHCND:USC00459200,51
245,",,W,",AWND,2018-08-20T00:00:00,GHCND:USW00024160,26
246,",,W,",PRCP,2018-08-20T00:00:00,GHCND:USW00024160,0
247,",,W,",SNOW,2018-08-20T00:00:00,GHCND:USW00024160,0
248,",,W,",SNWD,2018-08-20T00:00:00,GHCND:USW00024160,0
249,",,W,",TMAX,2018-08-20T00:00:00,GHCND:USW00024160,272
250,",,W,",TMIN,2018-08-20T00:00:00,GHCND:USW00024160,161
251,",,W,",WDF2,2018-08-20T00:00:00,GHCND:USW00024160,170
252,",,W,",WDF5,2018-08-20T00:00:00,GHCND:USW00024160,180
253,",,W,",WSF2,2018-08-20T00:00:00,GHCND:USW00024160,89
254,",,W,",WSF5,2018-08-20T00:00:00,GHCND:USW00024160,112
255,",,W,",WT08,2018-08-20T00:00:00,GHCND:USW00024160,1
256,",,N,",PRCP,2018-08-21T00:00:00,GHCND:US1WAWW0009,0
257,",,N,",SNOW,2018-08-21T00:00:00,GHCND:US1WAWW0009,0
258,",,7,0900",PRCP,2018-08-21T00:00:00,GHCND:USC00355593,0
259,",,7,0900",TMAX,2018-08-21T00:00:00,GHCND:USC00355593,272
260,",,7,0900",TMIN,2018-08-21T00:00:00,GHCND:USC00355593,139
261,",,7,0900",TOBS,2018-08-21T00:00:00,GHCND:USC00355593,189
262,",,7,1700",EVAP,2018-08-21T00:00:00,GHCND:USC00454679,107
263,",,7,",MNPN,2018-08-21T00:00:00,GHCND:USC00454679,117
264,",,7,",MXPN,2018-08-21T00:00:00,GHCND:USC00454679,278
265,",,7,1700",PRCP,2018-08-21T00:00:00,GHCND:USC00454679,0
266,",,7,",SNOW,2018-08-21T00:00:00,GHCND:USC00454679,0
267,",,7,1700",TMAX,2018-08-21T00:00:00,GHCND:USC00454679,294
268,",,7,1700",TMIN,2018-08-21T00:00:00,GHCND:USC00454679,122
269,",,7,1700",TOBS,2018-08-21T00:00:00,GHCND:USC00454679,289
270,",,7,0800",PRCP,2018-08-21T00:00:00,GHCND:USC00455387,0
271,",,H,0400",PRCP,2018-08-21T00:00:00,GHCND:USC00458932,0
272,",,H,",SNOW,2018-08-21T00:00:00,GHCND:USC00458932,0
273,",,H,0400",SNWD,2018-08-21T00:00:00,GHCND:USC00458932,0
274,",,7,0800",EVAP,2018-08-21T00:00:00,GHCND:USC00459200,38
275,",,7,",MNPN,2018-08-21T00:00:00,GHCND:USC00459200,161
276,",,7,",MXPN,2018-08-21T00:00:00,GHCND:USC00459200,256
277,",,7,0800",PRCP,2018-08-21T00:00:00,GHCND:USC00459200,0
278,",,7,0800",TMAX,2018-08-21T00:00:00,GHCND:USC00459200,278
279,",,7,0800",TMIN,2018-08-21T00:00:00,GHCND:USC00459200,89
280,",,7,0800",TOBS,2018-08-21T00:00:00,GHCND:USC00459200,89
281,",,7,",WDMV,2018-08-21T00:00:00,GHCND:USC00459200,23
282,",,W,",AWND,2018-08-21T00:00:00,GHCND:USW00024160,26
283,",,W,",PRCP,2018-08-21T00:00:00,GHCND:USW00024160,0
284,",,W,",SNOW,2018-08-21T00:00:00,GHCND:USW00024160,0
285,",,W,",SNWD,2018-08-21T00:00:00,GHCND:USW00024160,0
286,",,W,",TMAX,2018-08-21T00:00:00,GHCND:USW00024160,306
287,",,W,",TMIN,2018-08-21T00:00:00,GHCND:USW00024160,111
288,",,W,",WDF2,2018-08-21T00:00:00,GHCND:USW00024160,200
289,",,W,",WDF5,2018-08-21T00:00:00,GHCND:USW00024160,210
290,",,W,",WSF2,2018-08-21T00:00:00,GHCND:USW00024160,63
291,",,W,",WSF5,2018-08-21T00:00:00,GHCND:USW00024160,81
292,",,W,",WT08,2018-08-21T00:00:00,GHCND:USW00024160,1
293,",,N,",PRCP,2018-08-22T00:00:00,GHCND:US1WAWW0009,0
294,",,N,",SNOW,2018-08-22T00:00:00,GHCND:US1WAWW0009,0
295,",,7,0900",PRCP,2018-08-22T00:00:00,GHCND:USC00355593,0
296,",,7,0900",TMAX,2018-08-22T00:00:00,GHCND:USC00355593,306
297,",,7,0900",TMIN,2018-08-22T00:00:00,GHCND:USC00355593,178
298,",,7,0900",TOBS,2018-08-22T00:00:00,GHCND:USC00355593,244
299,",,7,1700",EVAP,2018-08-22T00:00:00,GHCND:USC00454679,86
300,",,7,",MNPN,2018-08-22T00:00:00,GHCND:USC00454679,122
301,",,7,",MXPN,2018-08-22T00:00:00,GHCND:USC00454679,289
302,",,7,1700",PRCP,2018-08-22T00:00:00,GHCND:USC00454679,0
303,",,7,",SNOW,2018-08-22T00:00:00,GHCND:USC00454679,0
304,",,7,1700",TMAX,2018-08-22T00:00:00,GHCND:USC00454679,311
305,",,7,1700",TMIN,2018-08-22T00:00:00,GHCND:USC00454679,89
306,",,7,1700",TOBS,2018-08-22T00:00:00,GHCND:USC00454679,300
307,",,7,0800",PRCP,2018-08-22T00:00:00,GHCND:USC00455387,0
308,",,H,0400",PRCP,2018-08-22T00:00:00,GHCND:USC00458932,0
309,",,H,",SNOW,2018-08-22T00:00:00,GHCND:USC00458932,0
310,",,H,0400",SNWD,2018-08-22T00:00:00,GHCND:USC00458932,0
311,",,7,0800",EVAP,2018-08-22T00:00:00,GHCND:USC00459200,41
312,",,7,",MNPN,2018-08-22T00:00:00,GHCND:USC00459200,156
313,",,7,",MXPN,2018-08-22T00:00:00,GHCND:USC00459200,306
314,",,7,0800",PRCP,2018-08-22T00:00:00,GHCND:USC00459200,0
315,",,7,0800",TMAX,2018-08-22T00:00:00,GHCND:USC00459200,300
316,",,7,0800",TMIN,2018-08-22T00:00:00,GHCND:USC00459200,83
317,",,7,0800",TOBS,2018-08-22T00:00:00,GHCND:USC00459200,106
318,",,7,",WDMV,2018-08-22T00:00:00,GHCND:USC00459200,26
319,",,W,",AWND,2018-08-22T00:00:00,GHCND:USW00024160,30
320,",,W,",PRCP,2018-08-22T00:00:00,GHCND:USW00024160,0
321,",,W,",SNOW,2018-08-22T00:00:00,GHCND:USW00024160,0
322,",,W,",SNWD,2018-08-22T00:00:00,GHCND:USW00024160,0
323,",,W,",TMAX,2018-08-22T00:00:00,GHCND:USW00024160,328
324,",,W,",TMIN,2018-08-22T00:00:00,GHCND:USW00024160,156
325,",,W,",WDF2,2018-08-22T00:00:00,GHCND:USW00024160,180
326,",,W,",WDF5,2018-08-22T00:00:00,GHCND:USW00024160,180
327,",,W,",WSF2,2018-08-22T00:00:00,GHCND:USW00024160,58
328,",,W,",WSF5,2018-08-22T00:00:00,GHCND:USW00024160,67
329,",,W,",WT08,2018-08-22T00:00:00,GHCND:USW00024160,1
330,",,N,",PRCP,2018-08-23T00:00:00,GHCND:US1WAWW0009,0
331,",,N,",SNOW,2018-08-23T00:00:00,GHCND:US1WAWW0009,0
332,",,N,",PRCP,2018-08-23T00:00:00,GHCND:US1WAWW0014,0
333,",,7,0900",PRCP,2018-08-23T00:00:00,GHCND:USC00355593,0
334,",,7,0900",TMAX,2018-08-23T00:00:00,GHCND:USC00355593,322
335,",,7,0900",TMIN,2018-08-23T00:00:00,GHCND:USC00355593,211
336,",,7,0900",TOBS,2018-08-23T00:00:00,GHCND:USC00355593,244
337,",,7,1700",EVAP,2018-08-23T00:00:00,GHCND:USC00454679,91
338,",,7,",MNPN,2018-08-23T00:00:00,GHCND:USC00454679,156
339,",,7,",MXPN,2018-08-23T00:00:00,GHCND:USC00454679,289
340,",,7,1700",PRCP,2018-08-23T00:00:00,GHCND:USC00454679,0
341,",,7,",SNOW,2018-08-23T00:00:00,GHCND:USC00454679,0
342,",,7,1700",TMAX,2018-08-23T00:00:00,GHCND:USC00454679,306
343,",,7,1700",TMIN,2018-08-23T00:00:00,GHCND:USC00454679,144
344,",,7,1700",TOBS,2018-08-23T00:00:00,GHCND:USC00454679,283
345,",,7,0800",PRCP,2018-08-23T00:00:00,GHCND:USC00455387,0
346,",,H,0400",PRCP,2018-08-23T00:00:00,GHCND:USC00458932,0
347,",,H,",SNOW,2018-08-23T00:00:00,GHCND:USC00458932,0
348,",,H,0400",SNWD,2018-08-23T00:00:00,GHCND:USC00458932,0
349,",,7,0800",EVAP,2018-08-23T00:00:00,GHCND:USC00459200,53
350,",,7,",MNPN,2018-08-23T00:00:00,GHCND:USC00459200,167
351,",,7,",MXPN,2018-08-23T00:00:00,GHCND:USC00459200,317
352,",,7,0800",PRCP,2018-08-23T00:00:00,GHCND:USC00459200,0
353,",,7,0800",TMAX,2018-08-23T00:00:00,GHCND:USC00459200,333
354,",,7,0800",TMIN,2018-08-23T00:00:00,GHCND:USC00459200,94
355,",,7,0800",TOBS,2018-08-23T00:00:00,GHCND:USC00459200,172
356,",,7,",WDMV,2018-08-23T00:00:00,GHCND:USC00459200,29
357,",,W,",AWND,2018-08-23T00:00:00,GHCND:USW00024160,59
358,",,W,",PRCP,2018-08-23T00:00:00,GHCND:USW00024160,0
359,",,W,",SNOW,2018-08-23T00:00:00,GHCND:USW00024160,0
360,",,W,",SNWD,2018-08-23T00:00:00,GHCND:USW00024160,0
361,",,W,",TMAX,2018-08-23T00:00:00,GHCND:USW00024160,311
362,",,W,",TMIN,2018-08-23T00:00:00,GHCND:USW00024160,189
363,",,W,",WDF2,2018-08-23T00:00:00,GHCND:USW00024160,250
364,",,W,",WDF5,2018-08-23T00:00:00,GHCND:USW00024160,250
365,",,W,",WSF2,2018-08-23T00:00:00,GHCND:USW00024160,98
366,",,W,",WSF5,2018-08-23T00:00:00,GHCND:USW00024160,121
367,",,W,",WT08,2018-08-23T00:00:00,GHCND:USW00024160,1
368,",,N,",PRCP,2018-08-24T00:00:00,GHCND:US1WAWW0009,0
369,",,N,",SNOW,2018-08-24T00:00:00,GHCND:US1WAWW0009,0
370,",,N,",PRCP,2018-08-24T00:00:00,GHCND:US1WAWW0014,0
371,",,7,0900",PRCP,2018-08-24T00:00:00,GHCND:USC00355593,0
372,",,7,0900",TMAX,2018-08-24T00:00:00,GHCND:USC00355593,311
373,",,7,0900",TMIN,2018-08-24T00:00:00,GHCND:USC00355593,139
374,",,7,0900",TOBS,2018-08-24T00:00:00,GHCND:USC00355593,167
375,",,7,1700",EVAP,2018-08-24T00:00:00,GHCND:USC00454679,97
376,",,7,",MNPN,2018-08-24T00:00:00,GHCND:USC00454679,122
377,",,7,",MXPN,2018-08-24T00:00:00,GHCND:USC00454679,267
378,",,7,1700",PRCP,2018-08-24T00:00:00,GHCND:USC00454679,0
379,",,7,",SNOW,2018-08-24T00:00:00,GHCND:USC00454679,0
380,",,7,1700",TMAX,2018-08-24T00:00:00,GHCND:USC00454679,289
381,",,7,1700",TMIN,2018-08-24T00:00:00,GHCND:USC00454679,100
382,",,7,1700",TOBS,2018-08-24T00:00:00,GHCND:USC00454679,228
383,",,7,0800",PRCP,2018-08-24T00:00:00,GHCND:USC00455387,0
384,",,7,0800",EVAP,2018-08-24T00:00:00,GHCND:USC00459200,81
385,",,7,",MNPN,2018-08-24T00:00:00,GHCND:USC00459200,167
386,",,7,",MXPN,2018-08-24T00:00:00,GHCND:USC00459200,283
387,",,7,0800",PRCP,2018-08-24T00:00:00,GHCND:USC00459200,0
388,",,7,0800",TMAX,2018-08-24T00:00:00,GHCND:USC00459200,311
389,",,7,0800",TMIN,2018-08-24T00:00:00,GHCND:USC00459200,150
390,",,7,0800",TOBS,2018-08-24T00:00:00,GHCND:USC00459200,150
391,",,7,",WDMV,2018-08-24T00:00:00,GHCND:USC00459200,114
392,",,W,",AWND,2018-08-24T00:00:00,GHCND:USW00024160,57
393,",,W,",PRCP,2018-08-24T00:00:00,GHCND:USW00024160,0
394,",,W,",SNOW,2018-08-24T00:00:00,GHCND:USW00024160,0
395,",,W,",SNWD,2018-08-24T00:00:00,GHCND:USW00024160,0
396,",,W,",TMAX,2018-08-24T00:00:00,GHCND:USW00024160,244
397,",,W,",TMIN,2018-08-24T00:00:00,GHCND:USW00024160,150
398,",,W,",WDF2,2018-08-24T00:00:00,GHCND:USW00024160,190
399,",,W,",WDF5,2018-08-24T00:00:00,GHCND:USW00024160,190
400,",,W,",WSF2,2018-08-24T00:00:00,GHCND:USW00024160,98
401,",,W,",WSF5,2018-08-24T00:00:00,GHCND:USW00024160,125
402,",,N,",PRCP,2018-08-25T00:00:00,GHCND:US1WAWW0009,0
403,",,N,",SNOW,2018-08-25T00:00:00,GHCND:US1WAWW0009,0
404,",,N,",PRCP,2018-08-25T00:00:00,GHCND:US1WAWW0014,0
405,",,7,0900",PRCP,2018-08-25T00:00:00,GHCND:USC00355593,0
406,",,7,0900",TMAX,2018-08-25T00:00:00,GHCND:USC00355593,244
407,",,7,0900",TMIN,2018-08-25T00:00:00,GHCND:USC00355593,111
408,",,7,1700",EVAP,2018-08-25T00:00:00,GHCND:USC00454679,36
409,",,7,",MNPN,2018-08-25T00:00:00,GHCND:USC00454679,117
410,",,7,",MXPN,2018-08-25T00:00:00,GHCND:USC00454679,244
411,",,7,1700",PRCP,2018-08-25T00:00:00,GHCND:USC00454679,0
412,",,7,",SNOW,2018-08-25T00:00:00,GHCND:USC00454679,0
413,",,7,1700",TMAX,2018-08-25T00:00:00,GHCND:USC00454679,233
414,",,7,1700",TMIN,2018-08-25T00:00:00,GHCND:USC00454679,78
415,",,7,1700",TOBS,2018-08-25T00:00:00,GHCND:USC00454679,211
416,",,7,0800",PRCP,2018-08-25T00:00:00,GHCND:USC00455387,0
417,",,7,0800",EVAP,2018-08-25T00:00:00,GHCND:USC00459200,69
418,",,7,",MNPN,2018-08-25T00:00:00,GHCND:USC00459200,150
419,",,7,",MXPN,2018-08-25T00:00:00,GHCND:USC00459200,278
420,",,7,0800",PRCP,2018-08-25T00:00:00,GHCND:USC00459200,0
421,",,7,0800",TMAX,2018-08-25T00:00:00,GHCND:USC00459200,250
422,",,7,0800",TMIN,2018-08-25T00:00:00,GHCND:USC00459200,78
423,",,7,0800",TOBS,2018-08-25T00:00:00,GHCND:USC00459200,100
424,",,7,",WDMV,2018-08-25T00:00:00,GHCND:USC00459200,85
425,",,W,",AWND,2018-08-25T00:00:00,GHCND:USW00024160,34
426,"T,,W,",PRCP,2018-08-25T00:00:00,GHCND:USW00024160,0
427,",,W,",SNOW,2018-08-25T00:00:00,GHCND:USW00024160,0
428,",,W,",SNWD,2018-08-25T00:00:00,GHCND:USW00024160,0
429,",,W,",TMAX,2018-08-25T00:00:00,GHCND:USW00024160,239
430,",,W,",TMIN,2018-08-25T00:00:00,GHCND:USW00024160,117
431,",,W,",WDF2,2018-08-25T00:00:00,GHCND:USW00024160,220
432,",,W,",WDF5,2018-08-25T00:00:00,GHCND:USW00024160,210
433,",,W,",WSF2,2018-08-25T00:00:00,GHCND:USW00024160,72
434,",,W,",WSF5,2018-08-25T00:00:00,GHCND:USW00024160,85
435,"T,,N,",PRCP,2018-08-26T00:00:00,GHCND:US1WAWW0009,0
436,",,N,",PRCP,2018-08-26T00:00:00,GHCND:US1WAWW0014,0
437,",,7,0900",PRCP,2018-08-26T00:00:00,GHCND:USC00355593,0
438,",,7,0900",TMAX,2018-08-26T00:00:00,GHCND:USC00355593,239
439,",,7,0900",TMIN,2018-08-26T00:00:00,GHCND:USC00355593,161
440,",,7,1700",EVAP,2018-08-26T00:00:00,GHCND:USC00454679,36
441,",,7,",MNPN,2018-08-26T00:00:00,GHCND:USC00454679,122
442,",,7,",MXPN,2018-08-26T00:00:00,GHCND:USC00454679,222
443,"T,,7,1700",PRCP,2018-08-26T00:00:00,GHCND:USC00454679,0
444,",,7,",SNOW,2018-08-26T00:00:00,GHCND:USC00454679,0
445,",,7,1700",TMAX,2018-08-26T00:00:00,GHCND:USC00454679,217
446,",,7,1700",TMIN,2018-08-26T00:00:00,GHCND:USC00454679,89
447,",,7,1700",TOBS,2018-08-26T00:00:00,GHCND:USC00454679,178
448,",,7,0800",PRCP,2018-08-26T00:00:00,GHCND:USC00455387,0
449,",,7,0800",EVAP,2018-08-26T00:00:00,GHCND:USC00459200,43
450,",,7,",MNPN,2018-08-26T00:00:00,GHCND:USC00459200,139
451,",,7,",MXPN,2018-08-26T00:00:00,GHCND:USC00459200,250
452,",,7,0800",PRCP,2018-08-26T00:00:00,GHCND:USC00459200,0
453,",,7,0800",TMAX,2018-08-26T00:00:00,GHCND:USC00459200,239
454,",,7,0800",TMIN,2018-08-26T00:00:00,GHCND:USC00459200,83
455,",,7,0800",TOBS,2018-08-26T00:00:00,GHCND:USC00459200,144
456,",,7,",WDMV,2018-08-26T00:00:00,GHCND:USC00459200,51
457,",,W,",AWND,2018-08-26T00:00:00,GHCND:USW00024160,47
458,",,W,",PRCP,2018-08-26T00:00:00,GHCND:USW00024160,3
459,",,W,",SNOW,2018-08-26T00:00:00,GHCND:USW00024160,0
460,",,W,",SNWD,2018-08-26T00:00:00,GHCND:USW00024160,0
461,",,W,",TMAX,2018-08-26T00:00:00,GHCND:USW00024160,211
462,",,W,",TMIN,2018-08-26T00:00:00,GHCND:USW00024160,139
463,",,W,",WDF2,2018-08-26T00:00:00,GHCND:USW00024160,250
464,",,W,",WDF5,2018-08-26T00:00:00,GHCND:USW00024160,250
465,",,W,",WSF2,2018-08-26T00:00:00,GHCND:USW00024160,94
466,",,W,",WSF5,2018-08-26T00:00:00,GHCND:USW00024160,116
467,",,N,",PRCP,2018-08-27T00:00:00,GHCND:US1WAWW0005,38
468,",,N,",PRCP,2018-08-27T00:00:00,GHCND:US1WAWW0009,33
469,",,N,",PRCP,2018-08-27T00:00:00,GHCND:US1WAWW0014,28
470,",,7,0900",PRCP,2018-08-27T00:00:00,GHCND:USC00355593,64
471,",,7,0900",TMAX,2018-08-27T00:00:00,GHCND:USC00355593,211
472,",,7,0900",TMIN,2018-08-27T00:00:00,GHCND:USC00355593,128
473,",,7,0900",TOBS,2018-08-27T00:00:00,GHCND:USC00355593,167
474,",,7,1700",EVAP,2018-08-27T00:00:00,GHCND:USC00454679,33
475,",,7,",MNPN,2018-08-27T00:00:00,GHCND:USC00454679,122
476,",,7,",MXPN,2018-08-27T00:00:00,GHCND:USC00454679,211
477,",,7,1700",PRCP,2018-08-27T00:00:00,GHCND:USC00454679,5
478,",,7,",SNOW,2018-08-27T00:00:00,GHCND:USC00454679,0
479,",,7,1700",TMAX,2018-08-27T00:00:00,GHCND:USC00454679,211
480,",,7,1700",TMIN,2018-08-27T00:00:00,GHCND:USC00454679,83
481,",,7,1700",TOBS,2018-08-27T00:00:00,GHCND:USC00454679,206
482,",,7,0800",PRCP,2018-08-27T00:00:00,GHCND:USC00455387,30
483,",,W,",AWND,2018-08-27T00:00:00,GHCND:USW00024160,31
484,",,W,",PRCP,2018-08-27T00:00:00,GHCND:USW00024160,15
485,",,W,",SNOW,2018-08-27T00:00:00,GHCND:USW00024160,0
486,",,W,",SNWD,2018-08-27T00:00:00,GHCND:USW00024160,0
487,",,W,",TMAX,2018-08-27T00:00:00,GHCND:USW00024160,217
488,",,W,",TMIN,2018-08-27T00:00:00,GHCND:USW00024160,133
489,",,W,",WDF2,2018-08-27T00:00:00,GHCND:USW00024160,180
490,",,W,",WDF5,2018-08-27T00:00:00,GHCND:USW00024160,180
491,",,W,",WSF2,2018-08-27T00:00:00,GHCND:USW00024160,67
492,",,W,",WSF5,2018-08-27T00:00:00,GHCND:USW00024160,85
493,",,N,",PRCP,2018-08-28T00:00:00,GHCND:US1WAWW0009,0
494,",,N,",SNOW,2018-08-28T00:00:00,GHCND:US1WAWW0009,0
495,",,N,",PRCP,2018-08-28T00:00:00,GHCND:US1WAWW0014,0
496,",,7,0900",PRCP,2018-08-28T00:00:00,GHCND:USC00355593,0
497,",,7,0900",TMAX,2018-08-28T00:00:00,GHCND:USC00355593,261
498,",,7,0900",TMIN,2018-08-28T00:00:00,GHCND:USC00355593,106
499,",,7,0900",TOBS,2018-08-28T00:00:00,GHCND:USC00355593,206
500,",,7,1700",EVAP,2018-08-28T00:00:00,GHCND:USC00454679,41
501,",,7,",MNPN,2018-08-28T00:00:00,GHCND:USC00454679,100
502,",,7,",MXPN,2018-08-28T00:00:00,GHCND:USC00454679,272
503,",,7,1700",PRCP,2018-08-28T00:00:00,GHCND:USC00454679,0
504,",,7,",SNOW,2018-08-28T00:00:00,GHCND:USC00454679,0
505,",,7,1700",TMAX,2018-08-28T00:00:00,GHCND:USC00454679,261
506,",,7,1700",TMIN,2018-08-28T00:00:00,GHCND:USC00454679,50
507,",,7,1700",TOBS,2018-08-28T00:00:00,GHCND:USC00454679,250
508,",,7,0800",PRCP,2018-08-28T00:00:00,GHCND:USC00455387,0
509,",,W,",AWND,2018-08-28T00:00:00,GHCND:USW00024160,24
510,",,W,",PRCP,2018-08-28T00:00:00,GHCND:USW00024160,0
511,",,W,",SNOW,2018-08-28T00:00:00,GHCND:USW00024160,0
512,",,W,",SNWD,2018-08-28T00:00:00,GHCND:USW00024160,0
513,",,W,",TMAX,2018-08-28T00:00:00,GHCND:USW00024160,289
514,",,W,",TMIN,2018-08-28T00:00:00,GHCND:USW00024160,106
515,",,W,",WDF2,2018-08-28T00:00:00,GHCND:USW00024160,80
516,",,W,",WDF5,2018-08-28T00:00:00,GHCND:USW00024160,220
517,",,W,",WSF2,2018-08-28T00:00:00,GHCND:USW00024160,45
518,",,W,",WSF5,2018-08-28T00:00:00,GHCND:USW00024160,67
519,",,N,",PRCP,2018-08-29T00:00:00,GHCND:US1WAWW0009,0
520,",,N,",SNOW,2018-08-29T00:00:00,GHCND:US1WAWW0009,0
521,",,N,",PRCP,2018-08-29T00:00:00,GHCND:US1WAWW0014,0
522,",,7,0900",PRCP,2018-08-29T00:00:00,GHCND:USC00355593,0
523,",,7,0900",TMAX,2018-08-29T00:00:00,GHCND:USC00355593,311
524,",,7,0900",TMIN,2018-08-29T00:00:00,GHCND:USC00355593,161
525,",,7,0900",TOBS,2018-08-29T00:00:00,GHCND:USC00355593,222
526,",,7,1700",EVAP,2018-08-29T00:00:00,GHCND:USC00454679,71
527,",,7,",MNPN,2018-08-29T00:00:00,GHCND:USC00454679,111
528,",,7,",MXPN,2018-08-29T00:00:00,GHCND:USC00454679,272
529,",,7,1700",PRCP,2018-08-29T00:00:00,GHCND:USC00454679,0
530,",,7,",SNOW,2018-08-29T00:00:00,GHCND:USC00454679,0
531,",,7,1700",TMAX,2018-08-29T00:00:00,GHCND:USC00454679,289
532,",,7,1700",TMIN,2018-08-29T00:00:00,GHCND:USC00454679,72
533,",,7,1700",TOBS,2018-08-29T00:00:00,GHCND:USC00454679,278
534,",,7,0800",PRCP,2018-08-29T00:00:00,GHCND:USC00455387,0
535,",,7,",DAPR,2018-08-29T00:00:00,GHCND:USC00459200,3
536,",,7,0800",EVAP,2018-08-29T00:00:00,GHCND:USC00459200,114
537,",,7,",MDPR,2018-08-29T00:00:00,GHCND:USC00459200,28
538,",,7,",MNPN,2018-08-29T00:00:00,GHCND:USC00459200,128
539,",,7,",MXPN,2018-08-29T00:00:00,GHCND:USC00459200,300
540,",,7,0800",TMAX,2018-08-29T00:00:00,GHCND:USC00459200,283
541,",,7,0800",TMIN,2018-08-29T00:00:00,GHCND:USC00459200,56
542,",,7,0800",TOBS,2018-08-29T00:00:00,GHCND:USC00459200,78
543,",,7,",WDMV,2018-08-29T00:00:00,GHCND:USC00459200,106
544,",,W,",AWND,2018-08-29T00:00:00,GHCND:USW00024160,38
545,",,W,",PRCP,2018-08-29T00:00:00,GHCND:USW00024160,0
546,",,W,",SNOW,2018-08-29T00:00:00,GHCND:USW00024160,0
547,",,W,",SNWD,2018-08-29T00:00:00,GHCND:USW00024160,0
548,",,W,",TMAX,2018-08-29T00:00:00,GHCND:USW00024160,317
549,",,W,",TMIN,2018-08-29T00:00:00,GHCND:USW00024160,150
550,",,W,",WDF2,2018-08-29T00:00:00,GHCND:USW00024160,260
551,",,W,",WDF5,2018-08-29T00:00:00,GHCND:USW00024160,260
552,",,W,",WSF2,2018-08-29T00:00:00,GHCND:USW00024160,81
553,",,W,",WSF5,2018-08-29T00:00:00,GHCND:USW00024160,107
554,",,N,",PRCP,2018-08-30T00:00:00,GHCND:US1WAWW0009,0
555,",,N,",SNOW,2018-08-30T00:00:00,GHCND:US1WAWW0009,0
556,",,N,",PRCP,2018-08-30T00:00:00,GHCND:US1WAWW0014,0
557,",,7,0900",PRCP,2018-08-30T00:00:00,GHCND:USC00355593,0
558,",,7,0900",TMAX,2018-08-30T00:00:00,GHCND:USC00355593,322
559,",,7,0900",TMIN,2018-08-30T00:00:00,GHCND:USC00355593,172
560,",,7,0900",TOBS,2018-08-30T00:00:00,GHCND:USC00355593,211
561,",,7,1700",EVAP,2018-08-30T00:00:00,GHCND:USC00454679,86
562,",,7,",MNPN,2018-08-30T00:00:00,GHCND:USC00454679,139
563,",,7,",MXPN,2018-08-30T00:00:00,GHCND:USC00454679,261
564,",,7,1700",PRCP,2018-08-30T00:00:00,GHCND:USC00454679,0
565,",,7,",SNOW,2018-08-30T00:00:00,GHCND:USC00454679,0
566,",,7,1700",TMAX,2018-08-30T00:00:00,GHCND:USC00454679,283
567,",,7,1700",TMIN,2018-08-30T00:00:00,GHCND:USC00454679,117
568,",,7,1700",TOBS,2018-08-30T00:00:00,GHCND:USC00454679,250
569,",,7,0800",PRCP,2018-08-30T00:00:00,GHCND:USC00455387,0
570,",,7,0800",EVAP,2018-08-30T00:00:00,GHCND:USC00459200,25
571,",,7,",MNPN,2018-08-30T00:00:00,GHCND:USC00459200,150
572,",,7,",MXPN,2018-08-30T00:00:00,GHCND:USC00459200,300
573,",,7,0800",PRCP,2018-08-30T00:00:00,GHCND:USC00459200,0
574,",,7,0800",TMAX,2018-08-30T00:00:00,GHCND:USC00459200,328
575,",,7,0800",TMIN,2018-08-30T00:00:00,GHCND:USC00459200,78
576,",,7,0800",TOBS,2018-08-30T00:00:00,GHCND:USC00459200,106
577,",,7,",WDMV,2018-08-30T00:00:00,GHCND:USC00459200,47
578,",,W,",AWND,2018-08-30T00:00:00,GHCND:USW00024160,41
579,",,W,",PRCP,2018-08-30T00:00:00,GHCND:USW00024160,0
580,",,W,",SNOW,2018-08-30T00:00:00,GHCND:USW00024160,0
581,",,W,",SNWD,2018-08-30T00:00:00,GHCND:USW00024160,0
582,",,W,",TMAX,2018-08-30T00:00:00,GHCND:USW00024160,272
583,",,W,",TMIN,2018-08-30T00:00:00,GHCND:USW00024160,161
584,",,W,",WDF2,2018-08-30T00:00:00,GHCND:USW00024160,210
585,",,W,",WDF5,2018-08-30T00:00:00,GHCND:USW00024160,210
586,",,W,",WSF2,2018-08-30T00:00:00,GHCND:USW00024160,81
587,",,W,",WSF5,2018-08-30T00:00:00,GHCND:USW00024160,103
588,",,N,",PRCP,2018-08-31T00:00:00,GHCND:US1WAWW0009,0
589,",,N,",SNOW,2018-08-31T00:00:00,GHCND:US1WAWW0009,0
590,",,N,",PRCP,2018-08-31T00:00:00,GHCND:US1WAWW0014,0
591,",,7,0900",PRCP,2018-08-31T00:00:00,GHCND:USC00355593,0
592,",,7,0900",TMAX,2018-08-31T00:00:00,GHCND:USC00355593,278
593,",,7,0900",TMIN,2018-08-31T00:00:00,GHCND:USC00355593,156
594,",,7,0900",TOBS,2018-08-31T00:00:00,GHCND:USC00355593,183
595,",,7,1700",EVAP,2018-08-31T00:00:00,GHCND:USC00454679,71
596,",,7,",MNPN,2018-08-31T00:00:00,GHCND:USC00454679,106
597,",,7,",MXPN,2018-08-31T00:00:00,GHCND:USC00454679,256
598,",,7,1700",PRCP,2018-08-31T00:00:00,GHCND:USC00454679,0
599,",,7,",SNOW,2018-08-31T00:00:00,GHCND:USC00454679,0
600,",,7,1700",TMAX,2018-08-31T00:00:00,GHCND:USC00454679,256
601,",,7,1700",TMIN,2018-08-31T00:00:00,GHCND:USC00454679,83
602,",,7,1700",TOBS,2018-08-31T00:00:00,GHCND:USC00454679,239
603,",,7,0800",PRCP,2018-08-31T00:00:00,GHCND:USC00455387,0
604,",,7,0800",EVAP,2018-08-31T00:00:00,GHCND:USC00459200,41
605,",,7,",MNPN,2018-08-31T00:00:00,GHCND:USC00459200,161
606,",,7,",MXPN,2018-08-31T00:00:00,GHCND:USC00459200,256
607,",,7,0800",PRCP,2018-08-31T00:00:00,GHCND:USC00459200,0
608,",,7,0800",TMAX,2018-08-31T00:00:00,GHCND:USC00459200,278
609,",,7,0800",TMIN,2018-08-31T00:00:00,GHCND:USC00459200,106
610,",,7,0800",TOBS,2018-08-31T00:00:00,GHCND:USC00459200,128
611,",,7,",WDMV,2018-08-31T00:00:00,GHCND:USC00459200,51
612,",,W,",AWND,2018-08-31T00:00:00,GHCND:USW00024160,49
613,",,W,",PRCP,2018-08-31T00:00:00,GHCND:USW00024160,0
614,",,W,",SNOW,2018-08-31T00:00:00,GHCND:USW00024160,0
615,",,W,",SNWD,2018-08-31T00:00:00,GHCND:USW00024160,0
616,",,W,",TMAX,2018-08-31T00:00:00,GHCND:USW00024160,261
617,",,W,",TMIN,2018-08-31T00:00:00,GHCND:USW00024160,156
618,",,W,",WDF2,2018-08-31T00:00:00,GHCND:USW00024160,210
619,",,W,",WDF5,2018-08-31T00:00:00,GHCND:USW00024160,210
620,",,W,",WSF2,2018-08-31T00:00:00,GHCND:USW00024160,81
621,",,W,",WSF5,2018-08-31T00:00:00,GHCND:USW00024160,103
622,",,N,",PRCP,2018-09-01T00:00:00,GHCND:US1WAWW0009,0
623,",,N,",SNOW,2018-09-01T00:00:00,GHCND:US1WAWW0009,0
624,",,N,",PRCP,2018-09-01T00:00:00,GHCND:US1WAWW0014,0
625,",,7,0900",PRCP,2018-09-01T00:00:00,GHCND:USC00355593,0
626,",,7,0900",TMAX,2018-09-01T00:00:00,GHCND:USC00355593,267
627,",,7,0900",TMIN,2018-09-01T00:00:00,GHCND:USC00355593,133
628,",,7,1700",EVAP,2018-09-01T00:00:00,GHCND:USC00454679,61
629,",,7,",MNPN,2018-09-01T00:00:00,GHCND:USC00454679,117
630,",,7,",MXPN,2018-09-01T00:00:00,GHCND:USC00454679,261
631,",,7,1700",PRCP,2018-09-01T00:00:00,GHCND:USC00454679,0
632,",,7,",SNOW,2018-09-01T00:00:00,GHCND:USC00454679,0
633,",,7,1700",TMAX,2018-09-01T00:00:00,GHCND:USC00454679,250
634,",,7,1700",TMIN,2018-09-01T00:00:00,GHCND:USC00454679,72
635,",,7,1700",TOBS,2018-09-01T00:00:00,GHCND:USC00454679,239
636,",,7,0800",PRCP,2018-09-01T00:00:00,GHCND:USC00455387,0
637,",,7,0800",EVAP,2018-09-01T00:00:00,GHCND:USC00459200,51
638,",,7,",MNPN,2018-09-01T00:00:00,GHCND:USC00459200,156
639,",,7,",MXPN,2018-09-01T00:00:00,GHCND:USC00459200,294
640,",,7,0800",PRCP,2018-09-01T00:00:00,GHCND:USC00459200,0
641,",,7,0800",TMAX,2018-09-01T00:00:00,GHCND:USC00459200,272
642,",,7,0800",TMIN,2018-09-01T00:00:00,GHCND:USC00459200,111
643,",,7,0800",TOBS,2018-09-01T00:00:00,GHCND:USC00459200,122
644,",,7,",WDMV,2018-09-01T00:00:00,GHCND:USC00459200,48
645,",,W,",AWND,2018-09-01T00:00:00,GHCND:USW00024160,38
646,",,W,",PRCP,2018-09-01T00:00:00,GHCND:USW00024160,0
647,",,W,",SNOW,2018-09-01T00:00:00,GHCND:USW00024160,0
648,",,W,",SNWD,2018-09-01T00:00:00,GHCND:USW00024160,0
649,",,W,",TMAX,2018-09-01T00:00:00,GHCND:USW00024160,267
650,",,W,",TMIN,2018-09-01T00:00:00,GHCND:USW00024160,133
651,",,W,",WDF2,2018-09-01T00:00:00,GHCND:USW00024160,260
652,",,W,",WDF5,2018-09-01T00:00:00,GHCND:USW00024160,220
653,",,W,",WSF2,2018-09-01T00:00:00,GHCND:USW00024160,67
654,",,W,",WSF5,2018-09-01T00:00:00,GHCND:USW00024160,89
655,",,N,",PRCP,2018-09-02T00:00:00,GHCND:US1WAWW0009,0
656,",,N,",SNOW,2018-09-02T00:00:00,GHCND:US1WAWW0009,0
657,",,N,",PRCP,2018-09-02T00:00:00,GHCND:US1WAWW0014,0
658,",,7,0900",PRCP,2018-09-02T00:00:00,GHCND:USC00355593,0
659,",,7,0900",TMAX,2018-09-02T00:00:00,GHCND:USC00355593,267
660,",,7,0900",TMIN,2018-09-02T00:00:00,GHCND:USC00355593,128
661,",,7,1700",EVAP,2018-09-02T00:00:00,GHCND:USC00454679,66
662,",,7,",MNPN,2018-09-02T00:00:00,GHCND:USC00454679,117
663,",,7,",MXPN,2018-09-02T00:00:00,GHCND:USC00454679,261
664,",,7,1700",PRCP,2018-09-02T00:00:00,GHCND:USC00454679,0
665,",,7,",SNOW,2018-09-02T00:00:00,GHCND:USC00454679,0
666,",,7,1700",TMAX,2018-09-02T00:00:00,GHCND:USC00454679,256
667,",,7,1700",TMIN,2018-09-02T00:00:00,GHCND:USC00454679,50
668,",,7,1700",TOBS,2018-09-02T00:00:00,GHCND:USC00454679,250
669,",,7,0800",PRCP,2018-09-02T00:00:00,GHCND:USC00455387,0
670,",,7,0800",EVAP,2018-09-02T00:00:00,GHCND:USC00459200,58
671,",,7,",MNPN,2018-09-02T00:00:00,GHCND:USC00459200,150
672,",,7,",MXPN,2018-09-02T00:00:00,GHCND:USC00459200,294
673,",,7,0800",PRCP,2018-09-02T00:00:00,GHCND:USC00459200,0
674,",,7,0800",TMAX,2018-09-02T00:00:00,GHCND:USC00459200,272
675,",,7,0800",TMIN,2018-09-02T00:00:00,GHCND:USC00459200,72
676,",,7,0800",TOBS,2018-09-02T00:00:00,GHCND:USC00459200,78
677,",,7,",WDMV,2018-09-02T00:00:00,GHCND:USC00459200,37
678,",,W,",AWND,2018-09-02T00:00:00,GHCND:USW00024160,28
679,",,W,",PRCP,2018-09-02T00:00:00,GHCND:USW00024160,0
680,",,W,",SNOW,2018-09-02T00:00:00,GHCND:USW00024160,0
681,",,W,",SNWD,2018-09-02T00:00:00,GHCND:USW00024160,0
682,",,W,",TMAX,2018-09-02T00:00:00,GHCND:USW00024160,283
683,",,W,",TMIN,2018-09-02T00:00:00,GHCND:USW00024160,111
684,",,W,",WDF2,2018-09-02T00:00:00,GHCND:USW00024160,250
685,",,W,",WDF5,2018-09-02T00:00:00,GHCND:USW00024160,240
686,",,W,",WSF2,2018-09-02T00:00:00,GHCND:USW00024160,54
687,",,W,",WSF5,2018-09-02T00:00:00,GHCND:USW00024160,63
688,",,N,",PRCP,2018-09-03T00:00:00,GHCND:US1WAWW0009,0
689,",,N,",SNOW,2018-09-03T00:00:00,GHCND:US1WAWW0009,0
690,",,N,",PRCP,2018-09-03T00:00:00,GHCND:US1WAWW0014,0
691,",,7,0900",PRCP,2018-09-03T00:00:00,GHCND:USC00355593,0
692,",,7,0900",TMAX,2018-09-03T00:00:00,GHCND:USC00355593,283
693,",,7,0900",TMIN,2018-09-03T00:00:00,GHCND:USC00355593,156
694,",,7,1700",EVAP,2018-09-03T00:00:00,GHCND:USC00454679,71
695,",,7,",MNPN,2018-09-03T00:00:00,GHCND:USC00454679,122
696,",,7,",MXPN,2018-09-03T00:00:00,GHCND:USC00454679,272
697,",,7,1700",PRCP,2018-09-03T00:00:00,GHCND:USC00454679,0
698,",,7,",SNOW,2018-09-03T00:00:00,GHCND:USC00454679,0
699,",,7,1700",TMAX,2018-09-03T00:00:00,GHCND:USC00454679,261
700,",,7,1700",TMIN,2018-09-03T00:00:00,GHCND:USC00454679,83
701,",,7,1700",TOBS,2018-09-03T00:00:00,GHCND:USC00454679,256
702,",,7,0800",PRCP,2018-09-03T00:00:00,GHCND:USC00455387,0
703,",,7,0800",EVAP,2018-09-03T00:00:00,GHCND:USC00459200,53
704,",,7,",MNPN,2018-09-03T00:00:00,GHCND:USC00459200,139
705,",,7,",MXPN,2018-09-03T00:00:00,GHCND:USC00459200,300
706,",,7,0800",PRCP,2018-09-03T00:00:00,GHCND:USC00459200,0
707,",,7,0800",TMAX,2018-09-03T00:00:00,GHCND:USC00459200,294
708,",,7,0800",TMIN,2018-09-03T00:00:00,GHCND:USC00459200,67
709,",,7,0800",TOBS,2018-09-03T00:00:00,GHCND:USC00459200,89
710,",,7,",WDMV,2018-09-03T00:00:00,GHCND:USC00459200,27
711,",,W,",AWND,2018-09-03T00:00:00,GHCND:USW00024160,30
712,",,W,",PRCP,2018-09-03T00:00:00,GHCND:USW00024160,0
713,",,W,",SNOW,2018-09-03T00:00:00,GHCND:USW00024160,0
714,",,W,",SNWD,2018-09-03T00:00:00,GHCND:USW00024160,0
715,",,W,",TMAX,2018-09-03T00:00:00,GHCND:USW00024160,278
716,",,W,",TMIN,2018-09-03T00:00:00,GHCND:USW00024160,133
717,",,W,",WDF2,2018-09-03T00:00:00,GHCND:USW00024160,290
718,",,W,",WDF5,2018-09-03T00:00:00,GHCND:USW00024160,280
719,",,W,",WSF2,2018-09-03T00:00:00,GHCND:USW00024160,54
720,",,W,",WSF5,2018-09-03T00:00:00,GHCND:USW00024160,67
721,",,N,",PRCP,2018-09-04T00:00:00,GHCND:US1WAWW0009,0
722,",,N,",SNOW,2018-09-04T00:00:00,GHCND:US1WAWW0009,0
723,",,N,",PRCP,2018-09-04T00:00:00,GHCND:US1WAWW0014,0
724,",,7,0900",PRCP,2018-09-04T00:00:00,GHCND:USC00355593,0
725,",,7,0900",TMAX,2018-09-04T00:00:00,GHCND:USC00355593,272
726,",,7,0900",TMIN,2018-09-04T00:00:00,GHCND:USC00355593,111
727,",,7,0900",TOBS,2018-09-04T00:00:00,GHCND:USC00355593,156
728,",,7,1700",EVAP,2018-09-04T00:00:00,GHCND:USC00454679,69
729,",,7,",MNPN,2018-09-04T00:00:00,GHCND:USC00454679,94
730,",,7,",MXPN,2018-09-04T00:00:00,GHCND:USC00454679,267
731,",,7,1700",PRCP,2018-09-04T00:00:00,GHCND:USC00454679,0
732,",,7,",SNOW,2018-09-04T00:00:00,GHCND:USC00454679,0
733,",,7,1700",TMAX,2018-09-04T00:00:00,GHCND:USC00454679,267
734,",,7,1700",TMIN,2018-09-04T00:00:00,GHCND:USC00454679,78
735,",,7,1700",TOBS,2018-09-04T00:00:00,GHCND:USC00454679,261
736,",,7,0800",PRCP,2018-09-04T00:00:00,GHCND:USC00455387,0
737,",,7,0800",EVAP,2018-09-04T00:00:00,GHCND:USC00459200,53
738,",,7,",MNPN,2018-09-04T00:00:00,GHCND:USC00459200,144
739,",,7,",MXPN,2018-09-04T00:00:00,GHCND:USC00459200,300
740,",,7,0800",PRCP,2018-09-04T00:00:00,GHCND:USC00459200,0
741,",,7,0800",TMAX,2018-09-04T00:00:00,GHCND:USC00459200,283
742,",,7,0800",TMIN,2018-09-04T00:00:00,GHCND:USC00459200,61
743,",,7,0800",TOBS,2018-09-04T00:00:00,GHCND:USC00459200,61
744,",,7,",WDMV,2018-09-04T00:00:00,GHCND:USC00459200,27
745,",,W,",AWND,2018-09-04T00:00:00,GHCND:USW00024160,26
746,",,W,",PRCP,2018-09-04T00:00:00,GHCND:USW00024160,0
747,",,W,",SNOW,2018-09-04T00:00:00,GHCND:USW00024160,0
748,",,W,",SNWD,2018-09-04T00:00:00,GHCND:USW00024160,0
749,",,W,",TMAX,2018-09-04T00:00:00,GHCND:USW00024160,294
750,",,W,",TMIN,2018-09-04T00:00:00,GHCND:USW00024160,128
751,",,W,",WDF2,2018-09-04T00:00:00,GHCND:USW00024160,360
752,",,W,",WDF5,2018-09-04T00:00:00,GHCND:USW00024160,360
753,",,W,",WSF2,2018-09-04T00:00:00,GHCND:USW00024160,58
754,",,W,",WSF5,2018-09-04T00:00:00,GHCND:USW00024160,81
755,",,N,",PRCP,2018-09-05T00:00:00,GHCND:US1WAWW0009,0
756,",,N,",SNOW,2018-09-05T00:00:00,GHCND:US1WAWW0009,0
757,",,N,",PRCP,2018-09-05T00:00:00,GHCND:US1WAWW0014,0
758,",,7,0900",PRCP,2018-09-05T00:00:00,GHCND:USC00355593,0
759,",,7,0900",TMAX,2018-09-05T00:00:00,GHCND:USC00355593,272
760,",,7,0900",TMIN,2018-09-05T00:00:00,GHCND:USC00355593,94
761,",,7,0900",TOBS,2018-09-05T00:00:00,GHCND:USC00355593,156
762,",,7,1700",EVAP,2018-09-05T00:00:00,GHCND:USC00454679,84
763,",,7,",MNPN,2018-09-05T00:00:00,GHCND:USC00454679,100
764,",,7,",MXPN,2018-09-05T00:00:00,GHCND:USC00454679,272
765,",,7,1700",PRCP,2018-09-05T00:00:00,GHCND:USC00454679,0
766,",,7,",SNOW,2018-09-05T00:00:00,GHCND:USC00454679,0
767,",,7,1700",TMAX,2018-09-05T00:00:00,GHCND:USC00454679,294
768,",,7,1700",TMIN,2018-09-05T00:00:00,GHCND:USC00454679,78
769,",,7,1700",TOBS,2018-09-05T00:00:00,GHCND:USC00454679,289
770,",,7,0800",PRCP,2018-09-05T00:00:00,GHCND:USC00455387,0
771,",,7,0800",EVAP,2018-09-05T00:00:00,GHCND:USC00459200,51
772,",,7,",MNPN,2018-09-05T00:00:00,GHCND:USC00459200,139
773,",,7,",MXPN,2018-09-05T00:00:00,GHCND:USC00459200,289
774,",,7,0800",PRCP,2018-09-05T00:00:00,GHCND:USC00459200,0
775,",,7,0800",TMAX,2018-09-05T00:00:00,GHCND:USC00459200,289
776,",,7,0800",TMIN,2018-09-05T00:00:00,GHCND:USC00459200,44
777,",,7,0800",TOBS,2018-09-05T00:00:00,GHCND:USC00459200,50
778,",,7,",WDMV,2018-09-05T00:00:00,GHCND:USC00459200,26
779,",,W,",AWND,2018-09-05T00:00:00,GHCND:USW00024160,26
780,",,W,",PRCP,2018-09-05T00:00:00,GHCND:USW00024160,0
781,",,W,",SNOW,2018-09-05T00:00:00,GHCND:USW00024160,0
782,",,W,",SNWD,2018-09-05T00:00:00,GHCND:USW00024160,0
783,",,W,",TMAX,2018-09-05T00:00:00,GHCND:USW00024160,289
784,",,W,",TMIN,2018-09-05T00:00:00,GHCND:USW00024160,122
785,",,W,",WDF2,2018-09-05T00:00:00,GHCND:USW00024160,170
786,",,W,",WDF5,2018-09-05T00:00:00,GHCND:USW00024160,180
787,",,W,",WSF2,2018-09-05T00:00:00,GHCND:USW00024160,58
788,",,W,",WSF5,2018-09-05T00:00:00,GHCND:USW00024160,67
789,",,N,",PRCP,2018-09-06T00:00:00,GHCND:US1WAWW0009,0
790,",,7,0900",PRCP,2018-09-06T00:00:00,GHCND:USC00355593,0
791,",,7,0900",TMAX,2018-09-06T00:00:00,GHCND:USC00355593,283
792,",,7,0900",TMIN,2018-09-06T00:00:00,GHCND:USC00355593,150
793,",,7,0900",TOBS,2018-09-06T00:00:00,GHCND:USC00355593,178
794,",,7,1700",EVAP,2018-09-06T00:00:00,GHCND:USC00454679,71
795,",,7,",MNPN,2018-09-06T00:00:00,GHCND:USC00454679,106
796,",,7,",MXPN,2018-09-06T00:00:00,GHCND:USC00454679,272
797,",,7,1700",PRCP,2018-09-06T00:00:00,GHCND:USC00454679,0
798,",,7,",SNOW,2018-09-06T00:00:00,GHCND:USC00454679,0
799,",,7,1700",TMAX,2018-09-06T00:00:00,GHCND:USC00454679,311
800,",,7,1700",TMIN,2018-09-06T00:00:00,GHCND:USC00454679,83
801,",,7,1700",TOBS,2018-09-06T00:00:00,GHCND:USC00454679,306
802,",,7,0800",PRCP,2018-09-06T00:00:00,GHCND:USC00455387,0
803,",,7,0800",EVAP,2018-09-06T00:00:00,GHCND:USC00459200,46
804,",,7,",MNPN,2018-09-06T00:00:00,GHCND:USC00459200,128
805,",,7,",MXPN,2018-09-06T00:00:00,GHCND:USC00459200,278
806,",,7,0800",PRCP,2018-09-06T00:00:00,GHCND:USC00459200,0
807,",,7,0800",TMAX,2018-09-06T00:00:00,GHCND:USC00459200,300
808,",,7,0800",TMIN,2018-09-06T00:00:00,GHCND:USC00459200,44
809,",,7,0800",TOBS,2018-09-06T00:00:00,GHCND:USC00459200,72
810,",,7,",WDMV,2018-09-06T00:00:00,GHCND:USC00459200,35
811,",,W,",AWND,2018-09-06T00:00:00,GHCND:USW00024160,22
812,",,W,",PRCP,2018-09-06T00:00:00,GHCND:USW00024160,0
813,",,W,",SNOW,2018-09-06T00:00:00,GHCND:USW00024160,0
814,",,W,",SNWD,2018-09-06T00:00:00,GHCND:USW00024160,0
815,",,W,",TMAX,2018-09-06T00:00:00,GHCND:USW00024160,294
816,",,W,",TMIN,2018-09-06T00:00:00,GHCND:USW00024160,144
817,",,W,",WDF2,2018-09-06T00:00:00,GHCND:USW00024160,220
818,",,W,",WSF2,2018-09-06T00:00:00,GHCND:USW00024160,40
819,",,N,",PRCP,2018-09-07T00:00:00,GHCND:US1WAWW0009,0
820,",,N,",SNOW,2018-09-07T00:00:00,GHCND:US1WAWW0009,0
821,",,N,",PRCP,2018-09-07T00:00:00,GHCND:US1WAWW0014,0
822,",,7,0900",PRCP,2018-09-07T00:00:00,GHCND:USC00355593,0
823,",,7,0900",TMAX,2018-09-07T00:00:00,GHCND:USC00355593,311
824,",,7,0900",TMIN,2018-09-07T00:00:00,GHCND:USC00355593,178
825,",,7,0900",TOBS,2018-09-07T00:00:00,GHCND:USC00355593,206
826,",,7,1700",EVAP,2018-09-07T00:00:00,GHCND:USC00454679,76
827,",,7,",MNPN,2018-09-07T00:00:00,GHCND:USC00454679,128
828,",,7,",MXPN,2018-09-07T00:00:00,GHCND:USC00454679,289
829,",,7,1700",PRCP,2018-09-07T00:00:00,GHCND:USC00454679,0
830,",,7,",SNOW,2018-09-07T00:00:00,GHCND:USC00454679,0
831,",,7,1700",TMAX,2018-09-07T00:00:00,GHCND:USC00454679,306
832,",,7,1700",TMIN,2018-09-07T00:00:00,GHCND:USC00454679,106
833,",,7,1700",TOBS,2018-09-07T00:00:00,GHCND:USC00454679,300
834,",,7,0800",PRCP,2018-09-07T00:00:00,GHCND:USC00455387,0
835,",,7,0800",EVAP,2018-09-07T00:00:00,GHCND:USC00459200,46
836,",,7,",MNPN,2018-09-07T00:00:00,GHCND:USC00459200,139
837,",,7,",MXPN,2018-09-07T00:00:00,GHCND:USC00459200,278
838,",,7,0800",PRCP,2018-09-07T00:00:00,GHCND:USC00459200,0
839,",,7,0800",TMAX,2018-09-07T00:00:00,GHCND:USC00459200,306
840,",,7,0800",TMIN,2018-09-07T00:00:00,GHCND:USC00459200,67
841,",,7,0800",TOBS,2018-09-07T00:00:00,GHCND:USC00459200,139
842,",,7,",WDMV,2018-09-07T00:00:00,GHCND:USC00459200,27
843,",,W,",AWND,2018-09-07T00:00:00,GHCND:USW00024160,32
844,",,W,",PRCP,2018-09-07T00:00:00,GHCND:USW00024160,0
845,",,W,",SNOW,2018-09-07T00:00:00,GHCND:USW00024160,0
846,",,W,",SNWD,2018-09-07T00:00:00,GHCND:USW00024160,0
847,",,W,",TMAX,2018-09-07T00:00:00,GHCND:USW00024160,339
848,",,W,",TMIN,2018-09-07T00:00:00,GHCND:USW00024160,133
849,",,W,",WDF2,2018-09-07T00:00:00,GHCND:USW00024160,230
850,",,W,",WDF5,2018-09-07T00:00:00,GHCND:USW00024160,270
851,",,W,",WSF2,2018-09-07T00:00:00,GHCND:USW00024160,67
852,",,W,",WSF5,2018-09-07T00:00:00,GHCND:USW00024160,72
853,",,N,",PRCP,2018-09-08T00:00:00,GHCND:US1WAWW0009,0
854,",,N,",SNOW,2018-09-08T00:00:00,GHCND:US1WAWW0009,0
855,",,N,",PRCP,2018-09-08T00:00:00,GHCND:US1WAWW0014,0
856,",,7,0900",PRCP,2018-09-08T00:00:00,GHCND:USC00355593,0
857,",,7,0900",TMAX,2018-09-08T00:00:00,GHCND:USC00355593,322
858,",,7,0900",TMIN,2018-09-08T00:00:00,GHCND:USC00355593,161
859,",,7,1700",EVAP,2018-09-08T00:00:00,GHCND:USC00454679,89
860,",,7,",MNPN,2018-09-08T00:00:00,GHCND:USC00454679,144
861,",,7,",MXPN,2018-09-08T00:00:00,GHCND:USC00454679,289
862,"T,,7,1700",PRCP,2018-09-08T00:00:00,GHCND:USC00454679,0
863,",,7,",SNOW,2018-09-08T00:00:00,GHCND:USC00454679,0
864,",,7,1700",TMAX,2018-09-08T00:00:00,GHCND:USC00454679,306
865,",,7,1700",TMIN,2018-09-08T00:00:00,GHCND:USC00454679,94
866,",,7,1700",TOBS,2018-09-08T00:00:00,GHCND:USC00454679,228
867,",,7,0800",PRCP,2018-09-08T00:00:00,GHCND:USC00455387,0
868,",,7,0800",EVAP,2018-09-08T00:00:00,GHCND:USC00459200,56
869,",,7,",MNPN,2018-09-08T00:00:00,GHCND:USC00459200,156
870,",,7,",MXPN,2018-09-08T00:00:00,GHCND:USC00459200,317
871,",,7,0800",PRCP,2018-09-08T00:00:00,GHCND:USC00459200,0
872,",,7,0800",TMAX,2018-09-08T00:00:00,GHCND:USC00459200,344
873,",,7,0800",TMIN,2018-09-08T00:00:00,GHCND:USC00459200,122
874,",,7,0800",TOBS,2018-09-08T00:00:00,GHCND:USC00459200,144
875,",,7,",WDMV,2018-09-08T00:00:00,GHCND:USC00459200,34
876,",,W,",AWND,2018-09-08T00:00:00,GHCND:USW00024160,46
877,",,W,",PRCP,2018-09-08T00:00:00,GHCND:USW00024160,0
878,",,W,",SNOW,2018-09-08T00:00:00,GHCND:USW00024160,0
879,",,W,",SNWD,2018-09-08T00:00:00,GHCND:USW00024160,0
880,",,W,",TMAX,2018-09-08T00:00:00,GHCND:USW00024160,261
881,",,W,",TMIN,2018-09-08T00:00:00,GHCND:USW00024160,161
882,",,W,",WDF2,2018-09-08T00:00:00,GHCND:USW00024160,220
883,",,W,",WDF5,2018-09-08T00:00:00,GHCND:USW00024160,230
884,",,W,",WSF2,2018-09-08T00:00:00,GHCND:USW00024160,81
885,",,W,",WSF5,2018-09-08T00:00:00,GHCND:USW00024160,112
886,",,N,",PRCP,2018-09-09T00:00:00,GHCND:US1WAWW0009,0
887,",,N,",SNOW,2018-09-09T00:00:00,GHCND:US1WAWW0009,0
888,",,N,",PRCP,2018-09-09T00:00:00,GHCND:US1WAWW0014,0
889,",,7,0900",PRCP,2018-09-09T00:00:00,GHCND:USC00355593,0
890,",,7,0900",TMAX,2018-09-09T00:00:00,GHCND:USC00355593,267
891,",,7,0900",TMIN,2018-09-09T00:00:00,GHCND:USC00355593,144
892,",,7,1700",EVAP,2018-09-09T00:00:00,GHCND:USC00454679,56
893,",,7,",MNPN,2018-09-09T00:00:00,GHCND:USC00454679,111
894,",,7,",MXPN,2018-09-09T00:00:00,GHCND:USC00454679,250
895,",,7,1700",PRCP,2018-09-09T00:00:00,GHCND:USC00454679,0
896,",,7,",SNOW,2018-09-09T00:00:00,GHCND:USC00454679,0
897,",,7,1700",TMAX,2018-09-09T00:00:00,GHCND:USC00454679,250
898,",,7,1700",TMIN,2018-09-09T00:00:00,GHCND:USC00454679,56
899,",,7,1700",TOBS,2018-09-09T00:00:00,GHCND:USC00454679,244
900,",,7,0800",PRCP,2018-09-09T00:00:00,GHCND:USC00455387,0
901,",,7,0800",EVAP,2018-09-09T00:00:00,GHCND:USC00459200,61
902,",,7,",MNPN,2018-09-09T00:00:00,GHCND:USC00459200,156
903,",,7,",MXPN,2018-09-09T00:00:00,GHCND:USC00459200,278
904,",,7,0800",PRCP,2018-09-09T00:00:00,GHCND:USC00459200,0
905,",,7,0800",TMAX,2018-09-09T00:00:00,GHCND:USC00459200,267
906,",,7,0800",TMIN,2018-09-09T00:00:00,GHCND:USC00459200,106
907,",,7,0800",TOBS,2018-09-09T00:00:00,GHCND:USC00459200,144
908,",,7,",WDMV,2018-09-09T00:00:00,GHCND:USC00459200,58
909,",,W,",AWND,2018-09-09T00:00:00,GHCND:USW00024160,32
910,",,W,",PRCP,2018-09-09T00:00:00,GHCND:USW00024160,0
911,",,W,",SNOW,2018-09-09T00:00:00,GHCND:USW00024160,0
912,",,W,",SNWD,2018-09-09T00:00:00,GHCND:USW00024160,0
913,",,W,",TMAX,2018-09-09T00:00:00,GHCND:USW00024160,272
914,",,W,",TMIN,2018-09-09T00:00:00,GHCND:USW00024160,139
915,",,W,",WDF2,2018-09-09T00:00:00,GHCND:USW00024160,180
916,",,W,",WDF5,2018-09-09T00:00:00,GHCND:USW00024160,180
917,",,W,",WSF2,2018-09-09T00:00:00,GHCND:USW00024160,63
918,",,W,",WSF5,2018-09-09T00:00:00,GHCND:USW00024160,76
919,",,N,",PRCP,2018-09-10T00:00:00,GHCND:US1WAWW0009,0
920,",,N,",SNOW,2018-09-10T00:00:00,GHCND:US1WAWW0009,0
921,",,N,",PRCP,2018-09-10T00:00:00,GHCND:US1WAWW0014,0
922,",,7,0900",PRCP,2018-09-10T00:00:00,GHCND:USC00355593,0
923,",,7,0900",TMAX,2018-09-10T00:00:00,GHCND:USC00355593,267
924,",,7,0900",TMIN,2018-09-10T00:00:00,GHCND:USC00355593,161
925,",,7,0900",TOBS,2018-09-10T00:00:00,GHCND:USC00355593,183
926,",,7,1700",EVAP,2018-09-10T00:00:00,GHCND:USC00454679,69
927,",,7,",MNPN,2018-09-10T00:00:00,GHCND:USC00454679,122
928,",,7,",MXPN,2018-09-10T00:00:00,GHCND:USC00454679,250
929,",,7,1700",PRCP,2018-09-10T00:00:00,GHCND:USC00454679,0
930,",,7,",SNOW,2018-09-10T00:00:00,GHCND:USC00454679,0
931,",,7,1700",TMAX,2018-09-10T00:00:00,GHCND:USC00454679,250
932,",,7,1700",TMIN,2018-09-10T00:00:00,GHCND:USC00454679,117
933,",,7,1700",TOBS,2018-09-10T00:00:00,GHCND:USC00454679,211
934,",,7,0800",PRCP,2018-09-10T00:00:00,GHCND:USC00455387,0
935,",,7,0800",EVAP,2018-09-10T00:00:00,GHCND:USC00459200,61
936,",,7,",MNPN,2018-09-10T00:00:00,GHCND:USC00459200,144
937,",,7,",MXPN,2018-09-10T00:00:00,GHCND:USC00459200,294
938,",,7,0800",PRCP,2018-09-10T00:00:00,GHCND:USC00459200,0
939,",,7,0800",TMAX,2018-09-10T00:00:00,GHCND:USC00459200,278
940,",,7,0800",TMIN,2018-09-10T00:00:00,GHCND:USC00459200,100
941,",,7,0800",TOBS,2018-09-10T00:00:00,GHCND:USC00459200,144
942,",,7,",WDMV,2018-09-10T00:00:00,GHCND:USC00459200,32
943,",,W,",AWND,2018-09-10T00:00:00,GHCND:USW00024160,56
944,",,W,",PRCP,2018-09-10T00:00:00,GHCND:USW00024160,0
945,",,W,",SNOW,2018-09-10T00:00:00,GHCND:USW00024160,0
946,",,W,",SNWD,2018-09-10T00:00:00,GHCND:USW00024160,0
947,",,W,",TMAX,2018-09-10T00:00:00,GHCND:USW00024160,261
948,",,W,",TMIN,2018-09-10T00:00:00,GHCND:USW00024160,139
949,",,W,",WDF2,2018-09-10T00:00:00,GHCND:USW00024160,220
950,",,W,",WDF5,2018-09-10T00:00:00,GHCND:USW00024160,220
951,",,W,",WSF2,2018-09-10T00:00:00,GHCND:USW00024160,107
952,",,W,",WSF5,2018-09-10T00:00:00,GHCND:USW00024160,139
953,",,N,",PRCP,2018-09-11T00:00:00,GHCND:US1WAWW0009,0
954,",,N,",SNOW,2018-09-11T00:00:00,GHCND:US1WAWW0009,0
955,",,N,",PRCP,2018-09-11T00:00:00,GHCND:US1WAWW0014,0
956,",,7,0900",PRCP,2018-09-11T00:00:00,GHCND:USC00355593,0
957,",,7,0900",TMAX,2018-09-11T00:00:00,GHCND:USC00355593,256
958,",,7,0900",TMIN,2018-09-11T00:00:00,GHCND:USC00355593,128
959,",,7,0900",TOBS,2018-09-11T00:00:00,GHCND:USC00355593,144
960,",,7,1700",EVAP,2018-09-11T00:00:00,GHCND:USC00454679,61
961,",,7,",MNPN,2018-09-11T00:00:00,GHCND:USC00454679,111
962,",,7,",MXPN,2018-09-11T00:00:00,GHCND:USC00454679,222
963,",,7,1700",PRCP,2018-09-11T00:00:00,GHCND:USC00454679,0
964,",,7,",SNOW,2018-09-11T00:00:00,GHCND:USC00454679,0
965,",,7,1700",TMAX,2018-09-11T00:00:00,GHCND:USC00454679,211
966,",,7,1700",TMIN,2018-09-11T00:00:00,GHCND:USC00454679,94
967,",,7,1700",TOBS,2018-09-11T00:00:00,GHCND:USC00454679,200
968,",,7,0800",PRCP,2018-09-11T00:00:00,GHCND:USC00455387,0
969,",,7,0800",EVAP,2018-09-11T00:00:00,GHCND:USC00459200,56
970,",,7,",MNPN,2018-09-11T00:00:00,GHCND:USC00459200,150
971,",,7,",MXPN,2018-09-11T00:00:00,GHCND:USC00459200,261
972,",,7,0800",PRCP,2018-09-11T00:00:00,GHCND:USC00459200,0
973,",,7,0800",TMAX,2018-09-11T00:00:00,GHCND:USC00459200,256
974,",,7,0800",TMIN,2018-09-11T00:00:00,GHCND:USC00459200,94
975,",,7,0800",TOBS,2018-09-11T00:00:00,GHCND:USC00459200,106
976,",,7,",WDMV,2018-09-11T00:00:00,GHCND:USC00459200,92
977,",,W,",AWND,2018-09-11T00:00:00,GHCND:USW00024160,49
978,",,W,",PRCP,2018-09-11T00:00:00,GHCND:USW00024160,0
979,",,W,",SNOW,2018-09-11T00:00:00,GHCND:USW00024160,0
980,",,W,",SNWD,2018-09-11T00:00:00,GHCND:USW00024160,0
981,",,W,",TMAX,2018-09-11T00:00:00,GHCND:USW00024160,222
982,",,W,",TMIN,2018-09-11T00:00:00,GHCND:USW00024160,128
983,",,W,",WDF2,2018-09-11T00:00:00,GHCND:USW00024160,210
984,",,W,",WDF5,2018-09-11T00:00:00,GHCND:USW00024160,200
985,",,W,",WSF2,2018-09-11T00:00:00,GHCND:USW00024160,94
986,",,W,",WSF5,2018-09-11T00:00:00,GHCND:USW00024160,112
987,",,N,",PRCP,2018-09-12T00:00:00,GHCND:US1WAWW0009,0
988,",,7,0900",PRCP,2018-09-12T00:00:00,GHCND:USC00355593,0
989,",,7,0900",TMAX,2018-09-12T00:00:00,GHCND:USC00355593,222
990,",,7,0900",TMIN,2018-09-12T00:00:00,GHCND:USC00355593,111
991,",,7,0900",TOBS,2018-09-12T00:00:00,GHCND:USC00355593,161
992,",,7,1700",EVAP,2018-09-12T00:00:00,GHCND:USC00454679,56
993,",,7,",MNPN,2018-09-12T00:00:00,GHCND:USC00454679,100
994,",,7,",MXPN,2018-09-12T00:00:00,GHCND:USC00454679,233
995,",,7,1700",PRCP,2018-09-12T00:00:00,GHCND:USC00454679,0
996,",,7,",SNOW,2018-09-12T00:00:00,GHCND:USC00454679,0
997,",,7,1700",TMAX,2018-09-12T00:00:00,GHCND:USC00454679,211
998,",,7,1700",TMIN,2018-09-12T00:00:00,GHCND:USC00454679,50
999,",,7,1700",TOBS,2018-09-12T00:00:00,GHCND:USC00454679,200
0,",,7,0800",PRCP,2018-09-12T00:00:00,GHCND:USC00455387,0
1,",,7,0800",PRCP,2018-09-12T00:00:00,GHCND:USC00459200,0
2,",,7,0800",TMAX,2018-09-12T00:00:00,GHCND:USC00459200,233
3,",,7,0800",TMIN,2018-09-12T00:00:00,GHCND:USC00459200,89
4,",,7,0800",TOBS,2018-09-12T00:00:00,GHCND:USC00459200,89
5,",,W,",AWND,2018-09-12T00:00:00,GHCND:USW00024160,40
6,",,W,",PRCP,2018-09-12T00:00:00,GHCND:USW00024160,0
7,",,W,",SNOW,2018-09-12T00:00:00,GHCND:USW00024160,0
8,",,W,",SNWD,2018-09-12T00:00:00,GHCND:USW00024160,0
9,",,W,",TMAX,2018-09-12T00:00:00,GHCND:USW00024160,228
10,",,W,",TMIN,2018-09-12T00:00:00,GHCND:USW00024160,100
11,",,W,",WDF2,2018-09-12T00:00:00,GHCND:USW00024160,230
12,",,W,",WDF5,2018-09-12T00:00:00,GHCND:USW00024160,220
13,",,W,",WSF2,2018-09-12T00:00:00,GHCND:USW00024160,76
14,",,W,",WSF5,2018-09-12T00:00:00,GHCND:USW00024160,103
15,",,N,",PRCP,2018-09-13T00:00:00,GHCND:US1WAWW0009,0
16,",,N,",SNOW,2018-09-13T00:00:00,GHCND:US1WAWW0009,0
17,"T,,N,",PRCP,2018-09-13T00:00:00,GHCND:US1WAWW0014,0
18,",,7,0900",PRCP,2018-09-13T00:00:00,GHCND:USC00355593,0
19,",,7,0900",TMAX,2018-09-13T00:00:00,GHCND:USC00355593,228
20,",,7,0900",TMIN,2018-09-13T00:00:00,GHCND:USC00355593,139
21,",,7,0900",TOBS,2018-09-13T00:00:00,GHCND:USC00355593,150
22,",,7,1700",EVAP,2018-09-13T00:00:00,GHCND:USC00454679,56
23,",,7,",MNPN,2018-09-13T00:00:00,GHCND:USC00454679,94
24,",,7,",MXPN,2018-09-13T00:00:00,GHCND:USC00454679,233
25,",,7,1700",PRCP,2018-09-13T00:00:00,GHCND:USC00454679,0
26,",,7,",SNOW,2018-09-13T00:00:00,GHCND:USC00454679,0
27,",,7,1700",TMAX,2018-09-13T00:00:00,GHCND:USC00454679,211
28,",,7,1700",TMIN,2018-09-13T00:00:00,GHCND:USC00454679,50
29,",,7,1700",TOBS,2018-09-13T00:00:00,GHCND:USC00454679,194
30,",,7,0800",PRCP,2018-09-13T00:00:00,GHCND:USC00455387,0
31,",,7,0800",EVAP,2018-09-13T00:00:00,GHCND:USC00459200,38
32,",,7,",MNPN,2018-09-13T00:00:00,GHCND:USC00459200,128
33,",,7,",MXPN,2018-09-13T00:00:00,GHCND:USC00459200,261
34,",,7,0800",PRCP,2018-09-13T00:00:00,GHCND:USC00459200,0
35,",,7,0800",TMAX,2018-09-13T00:00:00,GHCND:USC00459200,239
36,",,7,0800",TMIN,2018-09-13T00:00:00,GHCND:USC00459200,72
37,",,7,0800",TOBS,2018-09-13T00:00:00,GHCND:USC00459200,111
38,",,7,",WDMV,2018-09-13T00:00:00,GHCND:USC00459200,51
39,",,W,",AWND,2018-09-13T00:00:00,GHCND:USW00024160,36
40,"T,,W,",PRCP,2018-09-13T00:00:00,GHCND:USW00024160,0
41,",,W,",SNOW,2018-09-13T00:00:00,GHCND:USW00024160,0
42,",,W,",SNWD,2018-09-13T00:00:00,GHCND:USW00024160,0
43,",,W,",TMAX,2018-09-13T00:00:00,GHCND:USW00024160,228
44,",,W,",TMIN,2018-09-13T00:00:00,GHCND:USW00024160,122
45,",,W,",WDF2,2018-09-13T00:00:00,GHCND:USW00024160,220
46,",,W,",WDF5,2018-09-13T00:00:00,GHCND:USW00024160,210
47,",,W,",WSF2,2018-09-13T00:00:00,GHCND:USW00024160,89
48,",,W,",WSF5,2018-09-13T00:00:00,GHCND:USW00024160,107
49,",,N,",PRCP,2018-09-14T00:00:00,GHCND:US1WAWW0009,0
50,",,N,",SNOW,2018-09-14T00:00:00,GHCND:US1WAWW0009,0
51,",,7,0900",PRCP,2018-09-14T00:00:00,GHCND:USC00355593,0
52,",,7,0900",TMAX,2018-09-14T00:00:00,GHCND:USC00355593,228
53,",,7,0900",TMIN,2018-09-14T00:00:00,GHCND:USC00355593,106
54,",,7,0900",TOBS,2018-09-14T00:00:00,GHCND:USC00355593,167
55,",,7,1700",EVAP,2018-09-14T00:00:00,GHCND:USC00454679,51
56,",,7,",MNPN,2018-09-14T00:00:00,GHCND:USC00454679,78
57,",,7,",MXPN,2018-09-14T00:00:00,GHCND:USC00454679,239
58,",,7,1700",PRCP,2018-09-14T00:00:00,GHCND:USC00454679,0
59,",,7,",SNOW,2018-09-14T00:00:00,GHCND:USC00454679,0
60,",,7,1700",TMAX,2018-09-14T00:00:00,GHCND:USC00454679,228
61,",,7,1700",TMIN,2018-09-14T00:00:00,GHCND:USC00454679,44
62,",,7,1700",TOBS,2018-09-14T00:00:00,GHCND:USC00454679,222
63,",,7,0800",PRCP,2018-09-14T00:00:00,GHCND:USC00455387,0
64,",,7,0800",EVAP,2018-09-14T00:00:00,GHCND:USC00459200,51
65,",,7,",MNPN,2018-09-14T00:00:00,GHCND:USC00459200,122
66,",,7,",MXPN,2018-09-14T00:00:00,GHCND:USC00459200,250
67,",,7,0800",PRCP,2018-09-14T00:00:00,GHCND:USC00459200,0
68,",,7,0800",TMAX,2018-09-14T00:00:00,GHCND:USC00459200,233
69,",,7,0800",TMIN,2018-09-14T00:00:00,GHCND:USC00459200,44
70,",,7,0800",TOBS,2018-09-14T00:00:00,GHCND:USC00459200,50
71,",,7,",WDMV,2018-09-14T00:00:00,GHCND:USC00459200,53
72,",,W,",AWND,2018-09-14T00:00:00,GHCND:USW00024160,23
73,",,W,",PRCP,2018-09-14T00:00:00,GHCND:USW00024160,0
74,",,W,",SNOW,2018-09-14T00:00:00,GHCND:USW00024160,0
75,",,W,",SNWD,2018-09-14T00:00:00,GHCND:USW00024160,0
76,",,W,",TMAX,2018-09-14T00:00:00,GHCND:USW00024160,228
77,",,W,",TMIN,2018-09-14T00:00:00,GHCND:USW00024160,94
78,",,W,",WDF2,2018-09-14T00:00:00,GHCND:USW00024160,180
79,",,W,",WDF5,2018-09-14T00:00:00,GHCND:USW00024160,180
80,",,W,",WSF2,2018-09-14T00:00:00,GHCND:USW00024160,45
81,",,W,",WSF5,2018-09-14T00:00:00,GHCND:USW00024160,54
82,",,N,",PRCP,2018-09-15T00:00:00,GHCND:US1WAWW0009,0
83,",,N,",SNOW,2018-09-15T00:00:00,GHCND:US1WAWW0009,0
84,",,7,0900",PRCP,2018-09-15T00:00:00,GHCND:USC00355593,0
85,",,7,0900",TMAX,2018-09-15T00:00:00,GHCND:USC00355593,233
86,",,7,0900",TMIN,2018-09-15T00:00:00,GHCND:USC00355593,111
87,",,7,1700",EVAP,2018-09-15T00:00:00,GHCND:USC00454679,61
88,",,7,",MNPN,2018-09-15T00:00:00,GHCND:USC00454679,111
89,",,7,",MXPN,2018-09-15T00:00:00,GHCND:USC00454679,239
90,",,7,1700",PRCP,2018-09-15T00:00:00,GHCND:USC00454679,0
91,",,7,",SNOW,2018-09-15T00:00:00,GHCND:USC00454679,0
92,",,7,1700",TMAX,2018-09-15T00:00:00,GHCND:USC00454679,222
93,",,7,1700",TMIN,2018-09-15T00:00:00,GHCND:USC00454679,78
94,",,7,1700",TOBS,2018-09-15T00:00:00,GHCND:USC00454679,211
95,",,7,0800",PRCP,2018-09-15T00:00:00,GHCND:USC00455387,0
96,",,7,0800",EVAP,2018-09-15T00:00:00,GHCND:USC00459200,38
97,",,7,",MNPN,2018-09-15T00:00:00,GHCND:USC00459200,111
98,",,7,",MXPN,2018-09-15T00:00:00,GHCND:USC00459200,239
99,",,7,0800",PRCP,2018-09-15T00:00:00,GHCND:USC00459200,0
100,",,7,0800",TMAX,2018-09-15T00:00:00,GHCND:USC00459200,233
101,",,7,0800",TMIN,2018-09-15T00:00:00,GHCND:USC00459200,39
102,",,7,0800",TOBS,2018-09-15T00:00:00,GHCND:USC00459200,56
103,",,7,",WDMV,2018-09-15T00:00:00,GHCND:USC00459200,24
104,",,W,",AWND,2018-09-15T00:00:00,GHCND:USW00024160,24
105,",,W,",PRCP,2018-09-15T00:00:00,GHCND:USW00024160,0
106,",,W,",SNOW,2018-09-15T00:00:00,GHCND:USW00024160,0
107,",,W,",SNWD,2018-09-15T00:00:00,GHCND:USW00024160,0
108,",,W,",TMAX,2018-09-15T00:00:00,GHCND:USW00024160,217
109,",,W,",TMIN,2018-09-15T00:00:00,GHCND:USW00024160,94
110,",,W,",WDF2,2018-09-15T00:00:00,GHCND:USW00024160,180
111,",,W,",WDF5,2018-09-15T00:00:00,GHCND:USW00024160,180
112,",,W,",WSF2,2018-09-15T00:00:00,GHCND:USW00024160,63
113,",,W,",WSF5,2018-09-15T00:00:00,GHCND:USW00024160,72
114,"T,,N,",PRCP,2018-09-16T00:00:00,GHCND:US1WAWW0005,0
115,",,N,",PRCP,2018-09-16T00:00:00,GHCND:US1WAWW0009,3
116,",,N,",PRCP,2018-09-16T00:00:00,GHCND:US1WAWW0014,0
117,",,7,0900",PRCP,2018-09-16T00:00:00,GHCND:USC00355593,0
118,",,7,0900",TMAX,2018-09-16T00:00:00,GHCND:USC00355593,244
119,",,7,0900",TMIN,2018-09-16T00:00:00,GHCND:USC00355593,106
120,",,7,1700",EVAP,2018-09-16T00:00:00,GHCND:USC00454679,58
121,",,7,",MNPN,2018-09-16T00:00:00,GHCND:USC00454679,106
122,",,7,",MXPN,2018-09-16T00:00:00,GHCND:USC00454679,211
123,",,7,1700",PRCP,2018-09-16T00:00:00,GHCND:USC00454679,0
124,",,7,",SNOW,2018-09-16T00:00:00,GHCND:USC00454679,0
125,",,7,1700",TMAX,2018-09-16T00:00:00,GHCND:USC00454679,211
126,",,7,1700",TMIN,2018-09-16T00:00:00,GHCND:USC00454679,78
127,",,7,1700",TOBS,2018-09-16T00:00:00,GHCND:USC00454679,189
128,",,7,0800",PRCP,2018-09-16T00:00:00,GHCND:USC00455387,0
129,",,7,0800",EVAP,2018-09-16T00:00:00,GHCND:USC00459200,30
130,",,7,",MNPN,2018-09-16T00:00:00,GHCND:USC00459200,117
131,",,7,",MXPN,2018-09-16T00:00:00,GHCND:USC00459200,222
132,"T,,7,0800",PRCP,2018-09-16T00:00:00,GHCND:USC00459200,0
133,",,7,0800",TMAX,2018-09-16T00:00:00,GHCND:USC00459200,233
134,",,7,0800",TMIN,2018-09-16T00:00:00,GHCND:USC00459200,44
135,",,7,0800",TOBS,2018-09-16T00:00:00,GHCND:USC00459200,100
136,",,7,",WDMV,2018-09-16T00:00:00,GHCND:USC00459200,23
137,",,W,",AWND,2018-09-16T00:00:00,GHCND:USW00024160,42
138,"T,,W,",PRCP,2018-09-16T00:00:00,GHCND:USW00024160,0
139,",,W,",SNOW,2018-09-16T00:00:00,GHCND:USW00024160,0
140,",,W,",SNWD,2018-09-16T00:00:00,GHCND:USW00024160,0
141,",,W,",TMAX,2018-09-16T00:00:00,GHCND:USW00024160,233
142,",,W,",TMIN,2018-09-16T00:00:00,GHCND:USW00024160,94
143,",,W,",WDF2,2018-09-16T00:00:00,GHCND:USW00024160,260
144,",,W,",WDF5,2018-09-16T00:00:00,GHCND:USW00024160,260
145,",,W,",WSF2,2018-09-16T00:00:00,GHCND:USW00024160,107
146,",,W,",WSF5,2018-09-16T00:00:00,GHCND:USW00024160,121
147,",,N,",PRCP,2018-09-17T00:00:00,GHCND:US1WAWW0009,0
148,",,N,",SNOW,2018-09-17T00:00:00,GHCND:US1WAWW0009,0
149,",,N,",PRCP,2018-09-17T00:00:00,GHCND:US1WAWW0014,0
150,",,7,0900",PRCP,2018-09-17T00:00:00,GHCND:USC00355593,0
151,",,7,0900",TMAX,2018-09-17T00:00:00,GHCND:USC00355593,233
152,",,7,0900",TMIN,2018-09-17T00:00:00,GHCND:USC00355593,100
153,",,7,0900",TOBS,2018-09-17T00:00:00,GHCND:USC00355593,150
154,",,7,1700",EVAP,2018-09-17T00:00:00,GHCND:USC00454679,28
155,",,7,",MNPN,2018-09-17T00:00:00,GHCND:USC00454679,61
156,",,7,",MXPN,2018-09-17T00:00:00,GHCND:USC00454679,217
157,",,7,1700",PRCP,2018-09-17T00:00:00,GHCND:USC00454679,0
158,",,7,",SNOW,2018-09-17T00:00:00,GHCND:USC00454679,0
159,",,7,1700",TMAX,2018-09-17T00:00:00,GHCND:USC00454679,200
160,",,7,1700",TMIN,2018-09-17T00:00:00,GHCND:USC00454679,0
161,",,7,1700",TOBS,2018-09-17T00:00:00,GHCND:USC00454679,194
162,",,7,0800",PRCP,2018-09-17T00:00:00,GHCND:USC00455387,0
163,",,7,0800",EVAP,2018-09-17T00:00:00,GHCND:USC00459200,48
164,",,7,",MNPN,2018-09-17T00:00:00,GHCND:USC00459200,128
165,",,7,",MXPN,2018-09-17T00:00:00,GHCND:USC00459200,233
166,"T,,7,0800",PRCP,2018-09-17T00:00:00,GHCND:USC00459200,0
167,",,7,0800",TMAX,2018-09-17T00:00:00,GHCND:USC00459200,239
168,",,7,0800",TMIN,2018-09-17T00:00:00,GHCND:USC00459200,67
169,",,7,0800",TOBS,2018-09-17T00:00:00,GHCND:USC00459200,78
170,",,7,",WDMV,2018-09-17T00:00:00,GHCND:USC00459200,68
171,",,W,",AWND,2018-09-17T00:00:00,GHCND:USW00024160,26
172,",,W,",PRCP,2018-09-17T00:00:00,GHCND:USW00024160,0
173,",,W,",SNOW,2018-09-17T00:00:00,GHCND:USW00024160,0
174,",,W,",SNWD,2018-09-17T00:00:00,GHCND:USW00024160,0
175,",,W,",TMAX,2018-09-17T00:00:00,GHCND:USW00024160,222
176,",,W,",TMIN,2018-09-17T00:00:00,GHCND:USW00024160,89
177,",,W,",WDF2,2018-09-17T00:00:00,GHCND:USW00024160,350
178,",,W,",WDF5,2018-09-17T00:00:00,GHCND:USW00024160,10
179,",,W,",WSF2,2018-09-17T00:00:00,GHCND:USW00024160,58
180,",,W,",WSF5,2018-09-17T00:00:00,GHCND:USW00024160,76
181,",,N,",PRCP,2018-09-18T00:00:00,GHCND:US1WAWW0009,0
182,",,N,",SNOW,2018-09-18T00:00:00,GHCND:US1WAWW0009,0
183,",,7,0900",PRCP,2018-09-18T00:00:00,GHCND:USC00355593,0
184,",,7,0900",TMAX,2018-09-18T00:00:00,GHCND:USC00355593,211
185,",,7,0900",TMIN,2018-09-18T00:00:00,GHCND:USC00355593,106
186,",,7,0900",TOBS,2018-09-18T00:00:00,GHCND:USC00355593,144
187,",,7,1700",EVAP,2018-09-18T00:00:00,GHCND:USC00454679,46
188,",,7,",MNPN,2018-09-18T00:00:00,GHCND:USC00454679,72
189,",,7,",MXPN,2018-09-18T00:00:00,GHCND:USC00454679,233
190,",,7,1700",PRCP,2018-09-18T00:00:00,GHCND:USC00454679,0
191,",,7,",SNOW,2018-09-18T00:00:00,GHCND:USC00454679,0
192,",,7,1700",TMAX,2018-09-18T00:00:00,GHCND:USC00454679,222
193,",,7,1700",TMIN,2018-09-18T00:00:00,GHCND:USC00454679,22
194,",,7,1700",TOBS,2018-09-18T00:00:00,GHCND:USC00454679,211
195,",,7,0800",PRCP,2018-09-18T00:00:00,GHCND:USC00455387,0
196,",,7,0800",EVAP,2018-09-18T00:00:00,GHCND:USC00459200,36
197,",,7,",MNPN,2018-09-18T00:00:00,GHCND:USC00459200,106
198,",,7,",MXPN,2018-09-18T00:00:00,GHCND:USC00459200,239
199,",,7,0800",PRCP,2018-09-18T00:00:00,GHCND:USC00459200,0
200,",,7,0800",TMAX,2018-09-18T00:00:00,GHCND:USC00459200,217
201,",,7,0800",TMIN,2018-09-18T00:00:00,GHCND:USC00459200,28
202,",,7,0800",TOBS,2018-09-18T00:00:00,GHCND:USC00459200,28
203,",,7,",WDMV,2018-09-18T00:00:00,GHCND:USC00459200,24
204,",,W,",AWND,2018-09-18T00:00:00,GHCND:USW00024160,25
205,",,W,",PRCP,2018-09-18T00:00:00,GHCND:USW00024160,0
206,",,W,",SNOW,2018-09-18T00:00:00,GHCND:USW00024160,0
207,",,W,",SNWD,2018-09-18T00:00:00,GHCND:USW00024160,0
208,",,W,",TMAX,2018-09-18T00:00:00,GHCND:USW00024160,228
209,",,W,",TMIN,2018-09-18T00:00:00,GHCND:USW00024160,83
210,",,W,",WDF2,2018-09-18T00:00:00,GHCND:USW00024160,300
211,",,W,",WDF5,2018-09-18T00:00:00,GHCND:USW00024160,300
212,",,W,",WSF2,2018-09-18T00:00:00,GHCND:USW00024160,45
213,",,W,",WSF5,2018-09-18T00:00:00,GHCND:USW00024160,58
214,",,N,",PRCP,2018-09-19T00:00:00,GHCND:US1WAWW0009,0
215,",,N,",PRCP,2018-09-19T00:00:00,GHCND:US1WAWW0014,0
216,",,7,0900",PRCP,2018-09-19T00:00:00,GHCND:USC00355593,0
217,",,7,0900",TMAX,2018-09-19T00:00:00,GHCND:USC00355593,217
218,",,7,0900",TMIN,2018-09-19T00:00:00,GHCND:USC00355593,94
219,",,7,0900",TOBS,2018-09-19T00:00:00,GHCND:USC00355593,150
220,",,7,1700",EVAP,2018-09-19T00:00:00,GHCND:USC00454679,58
221,",,7,",MNPN,2018-09-19T00:00:00,GHCND:USC00454679,78
222,",,7,",MXPN,2018-09-19T00:00:00,GHCND:USC00454679,233
223,",,7,1700",PRCP,2018-09-19T00:00:00,GHCND:USC00454679,0
224,",,7,",SNOW,2018-09-19T00:00:00,GHCND:USC00454679,0
225,",,7,1700",TMAX,2018-09-19T00:00:00,GHCND:USC00454679,233
226,",,7,1700",TMIN,2018-09-19T00:00:00,GHCND:USC00454679,22
227,",,7,1700",TOBS,2018-09-19T00:00:00,GHCND:USC00454679,217
228,",,7,0800",PRCP,2018-09-19T00:00:00,GHCND:USC00455387,0
229,",,7,0800",EVAP,2018-09-19T00:00:00,GHCND:USC00459200,38
230,",,7,",MNPN,2018-09-19T00:00:00,GHCND:USC00459200,106
231,",,7,",MXPN,2018-09-19T00:00:00,GHCND:USC00459200,250
232,",,7,0800",PRCP,2018-09-19T00:00:00,GHCND:USC00459200,0
233,",,7,0800",TMAX,2018-09-19T00:00:00,GHCND:USC00459200,233
234,",,7,0800",TMIN,2018-09-19T00:00:00,GHCND:USC00459200,22
235,",,7,0800",TOBS,2018-09-19T00:00:00,GHCND:USC00459200,22
236,",,7,",WDMV,2018-09-19T00:00:00,GHCND:USC00459200,27
237,",,W,",AWND,2018-09-19T00:00:00,GHCND:USW00024160,30
238,",,W,",PRCP,2018-09-19T00:00:00,GHCND:USW00024160,0
239,",,W,",SNOW,2018-09-19T00:00:00,GHCND:USW00024160,0
240,",,W,",SNWD,2018-09-19T00:00:00,GHCND:USW00024160,0
241,",,W,",TMAX,2018-09-19T00:00:00,GHCND:USW00024160,239
242,",,W,",TMIN,2018-09-19T00:00:00,GHCND:USW00024160,78
243,",,W,",WDF2,2018-09-19T00:00:00,GHCND:USW00024160,180
244,",,W,",WDF5,2018-09-19T00:00:00,GHCND:USW00024160,180
245,",,W,",WSF2,2018-09-19T00:00:00,GHCND:USW00024160,76
246,",,W,",WSF5,2018-09-19T00:00:00,GHCND:USW00024160,89
247,",,N,",PRCP,2018-09-20T00:00:00,GHCND:US1WAWW0009,0
248,",,N,",SNOW,2018-09-20T00:00:00,GHCND:US1WAWW0009,0
249,",,N,",PRCP,2018-09-20T00:00:00,GHCND:US1WAWW0014,0
250,",,7,0900",PRCP,2018-09-20T00:00:00,GHCND:USC00355593,0
251,",,7,0900",TMAX,2018-09-20T00:00:00,GHCND:USC00355593,228
252,",,7,0900",TMIN,2018-09-20T00:00:00,GHCND:USC00355593,111
253,",,7,0900",TOBS,2018-09-20T00:00:00,GHCND:USC00355593,156
254,",,7,1700",EVAP,2018-09-20T00:00:00,GHCND:USC00454679,51
255,",,7,",MNPN,2018-09-20T00:00:00,GHCND:USC00454679,89
256,",,7,",MXPN,2018-09-20T00:00:00,GHCND:USC00454679,228
257,",,7,1700",PRCP,2018-09-20T00:00:00,GHCND:USC00454679,0
258,",,7,",SNOW,2018-09-20T00:00:00,GHCND:USC00454679,0
259,",,7,1700",TMAX,2018-09-20T00:00:00,GHCND:USC00454679,228
260,",,7,1700",TMIN,2018-09-20T00:00:00,GHCND:USC00454679,56
261,",,7,1700",TOBS,2018-09-20T00:00:00,GHCND:USC00454679,194
262,",,7,0800",PRCP,2018-09-20T00:00:00,GHCND:USC00455387,0
263,",,7,0800",EVAP,2018-09-20T00:00:00,GHCND:USC00459200,36
264,",,7,",MNPN,2018-09-20T00:00:00,GHCND:USC00459200,100
265,",,7,",MXPN,2018-09-20T00:00:00,GHCND:USC00459200,244
266,",,7,0800",PRCP,2018-09-20T00:00:00,GHCND:USC00459200,0
267,",,7,0800",TMAX,2018-09-20T00:00:00,GHCND:USC00459200,239
268,",,7,0800",TMIN,2018-09-20T00:00:00,GHCND:USC00459200,17
269,",,7,0800",TOBS,2018-09-20T00:00:00,GHCND:USC00459200,94
270,",,7,",WDMV,2018-09-20T00:00:00,GHCND:USC00459200,37
271,",,W,",AWND,2018-09-20T00:00:00,GHCND:USW00024160,43
272,",,W,",PRCP,2018-09-20T00:00:00,GHCND:USW00024160,0
273,",,W,",SNOW,2018-09-20T00:00:00,GHCND:USW00024160,0
274,",,W,",SNWD,2018-09-20T00:00:00,GHCND:USW00024160,0
275,",,W,",TMAX,2018-09-20T00:00:00,GHCND:USW00024160,222
276,",,W,",TMIN,2018-09-20T00:00:00,GHCND:USW00024160,117
277,",,W,",WDF2,2018-09-20T00:00:00,GHCND:USW00024160,240
278,",,W,",WDF5,2018-09-20T00:00:00,GHCND:USW00024160,250
279,",,W,",WSF2,2018-09-20T00:00:00,GHCND:USW00024160,94
280,",,W,",WSF5,2018-09-20T00:00:00,GHCND:USW00024160,116
281,",,N,",PRCP,2018-09-21T00:00:00,GHCND:US1WAWW0009,0
282,",,N,",SNOW,2018-09-21T00:00:00,GHCND:US1WAWW0009,0
283,",,7,0900",PRCP,2018-09-21T00:00:00,GHCND:USC00355593,0
284,",,7,0900",TMAX,2018-09-21T00:00:00,GHCND:USC00355593,267
285,",,7,0900",TMIN,2018-09-21T00:00:00,GHCND:USC00355593,94
286,",,7,0900",TOBS,2018-09-21T00:00:00,GHCND:USC00355593,161
287,",,7,1700",EVAP,2018-09-21T00:00:00,GHCND:USC00454679,51
288,",,7,",MNPN,2018-09-21T00:00:00,GHCND:USC00454679,100
289,",,7,",MXPN,2018-09-21T00:00:00,GHCND:USC00454679,222
290,",,7,1700",PRCP,2018-09-21T00:00:00,GHCND:USC00454679,0
291,",,7,",SNOW,2018-09-21T00:00:00,GHCND:USC00454679,0
292,",,7,1700",TMAX,2018-09-21T00:00:00,GHCND:USC00454679,233
293,",,7,1700",TMIN,2018-09-21T00:00:00,GHCND:USC00454679,72
294,",,7,1700",TOBS,2018-09-21T00:00:00,GHCND:USC00454679,233
295,",,7,0800",PRCP,2018-09-21T00:00:00,GHCND:USC00455387,0
296,",,7,0800",EVAP,2018-09-21T00:00:00,GHCND:USC00459200,43
297,",,7,",MNPN,2018-09-21T00:00:00,GHCND:USC00459200,117
298,",,7,",MXPN,2018-09-21T00:00:00,GHCND:USC00459200,239
299,",,7,0800",PRCP,2018-09-21T00:00:00,GHCND:USC00459200,0
300,",,7,0800",TMAX,2018-09-21T00:00:00,GHCND:USC00459200,228
301,",,7,0800",TMIN,2018-09-21T00:00:00,GHCND:USC00459200,44
302,",,7,0800",TOBS,2018-09-21T00:00:00,GHCND:USC00459200,44
303,",,7,",WDMV,2018-09-21T00:00:00,GHCND:USC00459200,64
304,",,W,",AWND,2018-09-21T00:00:00,GHCND:USW00024160,22
305,",,W,",PRCP,2018-09-21T00:00:00,GHCND:USW00024160,0
306,",,W,",SNOW,2018-09-21T00:00:00,GHCND:USW00024160,0
307,",,W,",SNWD,2018-09-21T00:00:00,GHCND:USW00024160,0
308,",,W,",TMAX,2018-09-21T00:00:00,GHCND:USW00024160,289
309,",,W,",TMIN,2018-09-21T00:00:00,GHCND:USW00024160,100
310,",,W,",WDF2,2018-09-21T00:00:00,GHCND:USW00024160,220
311,",,W,",WDF5,2018-09-21T00:00:00,GHCND:USW00024160,200
312,",,W,",WSF2,2018-09-21T00:00:00,GHCND:USW00024160,54
313,",,W,",WSF5,2018-09-21T00:00:00,GHCND:USW00024160,67
314,"T,,N,",PRCP,2018-09-22T00:00:00,GHCND:US1WAWW0005,0
315,"T,,N,",PRCP,2018-09-22T00:00:00,GHCND:US1WAWW0009,0
316,"T,,N,",PRCP,2018-09-22T00:00:00,GHCND:US1WAWW0014,0
317,",,7,0900",PRCP,2018-09-22T00:00:00,GHCND:USC00355593,0
318,",,7,0900",TMAX,2018-09-22T00:00:00,GHCND:USC00355593,267
319,",,7,0900",TMIN,2018-09-22T00:00:00,GHCND:USC00355593,161
320,",,7,1700",EVAP,2018-09-22T00:00:00,GHCND:USC00454679,58
321,",,7,",MNPN,2018-09-22T00:00:00,GHCND:USC00454679,133
322,",,7,",MXPN,2018-09-22T00:00:00,GHCND:USC00454679,217
323,",,7,1700",PRCP,2018-09-22T00:00:00,GHCND:USC00454679,0
324,",,7,",SNOW,2018-09-22T00:00:00,GHCND:USC00454679,0
325,",,7,1700",TMAX,2018-09-22T00:00:00,GHCND:USC00454679,233
326,",,7,1700",TMIN,2018-09-22T00:00:00,GHCND:USC00454679,133
327,",,7,1700",TOBS,2018-09-22T00:00:00,GHCND:USC00454679,189
328,",,7,0800",PRCP,2018-09-22T00:00:00,GHCND:USC00455387,0
329,",,7,0800",EVAP,2018-09-22T00:00:00,GHCND:USC00459200,38
330,",,7,",MNPN,2018-09-22T00:00:00,GHCND:USC00459200,106
331,",,7,",MXPN,2018-09-22T00:00:00,GHCND:USC00459200,250
332,"T,,7,0800",PRCP,2018-09-22T00:00:00,GHCND:USC00459200,0
333,",,7,0800",TMAX,2018-09-22T00:00:00,GHCND:USC00459200,289
334,",,7,0800",TMIN,2018-09-22T00:00:00,GHCND:USC00459200,33
335,",,7,0800",TOBS,2018-09-22T00:00:00,GHCND:USC00459200,161
336,",,7,",WDMV,2018-09-22T00:00:00,GHCND:USC00459200,18
337,",,W,",AWND,2018-09-22T00:00:00,GHCND:USW00024160,43
338,"T,,W,",PRCP,2018-09-22T00:00:00,GHCND:USW00024160,0
339,",,W,",SNOW,2018-09-22T00:00:00,GHCND:USW00024160,0
340,",,W,",SNWD,2018-09-22T00:00:00,GHCND:USW00024160,0
341,",,W,",TMAX,2018-09-22T00:00:00,GHCND:USW00024160,211
342,",,W,",TMIN,2018-09-22T00:00:00,GHCND:USW00024160,150
343,",,W,",WDF2,2018-09-22T00:00:00,GHCND:USW00024160,190
344,",,W,",WDF5,2018-09-22T00:00:00,GHCND:USW00024160,240
345,",,W,",WSF2,2018-09-22T00:00:00,GHCND:USW00024160,72
346,",,W,",WSF5,2018-09-22T00:00:00,GHCND:USW00024160,94
347,",,N,",PRCP,2018-09-23T00:00:00,GHCND:US1WAWW0009,0
348,",,7,0900",PRCP,2018-09-23T00:00:00,GHCND:USC00355593,0
349,",,7,0900",TMAX,2018-09-23T00:00:00,GHCND:USC00355593,211
350,",,7,0900",TMIN,2018-09-23T00:00:00,GHCND:USC00355593,89
351,",,7,1700",EVAP,2018-09-23T00:00:00,GHCND:USC00454679,48
352,",,7,",MNPN,2018-09-23T00:00:00,GHCND:USC00454679,94
353,",,7,",MXPN,2018-09-23T00:00:00,GHCND:USC00454679,211
354,",,7,1700",PRCP,2018-09-23T00:00:00,GHCND:USC00454679,0
355,",,7,",SNOW,2018-09-23T00:00:00,GHCND:USC00454679,0
356,",,7,1700",TMAX,2018-09-23T00:00:00,GHCND:USC00454679,189
357,",,7,1700",TMIN,2018-09-23T00:00:00,GHCND:USC00454679,33
358,",,7,1700",TOBS,2018-09-23T00:00:00,GHCND:USC00454679,183
359,",,7,0800",PRCP,2018-09-23T00:00:00,GHCND:USC00455387,0
360,",,7,0800",EVAP,2018-09-23T00:00:00,GHCND:USC00459200,33
361,",,7,",MNPN,2018-09-23T00:00:00,GHCND:USC00459200,139
362,",,7,",MXPN,2018-09-23T00:00:00,GHCND:USC00459200,206
363,",,7,0800",PRCP,2018-09-23T00:00:00,GHCND:USC00459200,0
364,",,7,0800",TMAX,2018-09-23T00:00:00,GHCND:USC00459200,211
365,",,7,0800",TMIN,2018-09-23T00:00:00,GHCND:USC00459200,111
366,",,7,0800",TOBS,2018-09-23T00:00:00,GHCND:USC00459200,111
367,",,7,",WDMV,2018-09-23T00:00:00,GHCND:USC00459200,61
368,",,W,",AWND,2018-09-23T00:00:00,GHCND:USW00024160,47
369,",,W,",PRCP,2018-09-23T00:00:00,GHCND:USW00024160,0
370,",,W,",SNOW,2018-09-23T00:00:00,GHCND:USW00024160,0
371,",,W,",SNWD,2018-09-23T00:00:00,GHCND:USW00024160,0
372,",,W,",TMAX,2018-09-23T00:00:00,GHCND:USW00024160,200
373,",,W,",TMIN,2018-09-23T00:00:00,GHCND:USW00024160,100
374,",,W,",WDF2,2018-09-23T00:00:00,GHCND:USW00024160,230
375,",,W,",WDF5,2018-09-23T00:00:00,GHCND:USW00024160,200
376,",,W,",WSF2,2018-09-23T00:00:00,GHCND:USW00024160,94
377,",,W,",WSF5,2018-09-23T00:00:00,GHCND:USW00024160,121
378,",,N,",PRCP,2018-09-24T00:00:00,GHCND:US1WAWW0009,0
379,",,N,",SNOW,2018-09-24T00:00:00,GHCND:US1WAWW0009,0
380,",,N,",PRCP,2018-09-24T00:00:00,GHCND:US1WAWW0014,0
381,",,7,0900",PRCP,2018-09-24T00:00:00,GHCND:USC00355593,0
382,",,7,0900",TMAX,2018-09-24T00:00:00,GHCND:USC00355593,206
383,",,7,0900",TMIN,2018-09-24T00:00:00,GHCND:USC00355593,89
384,",,7,0900",TOBS,2018-09-24T00:00:00,GHCND:USC00355593,139
385,",,7,1700",EVAP,2018-09-24T00:00:00,GHCND:USC00454679,30
386,",,7,",MNPN,2018-09-24T00:00:00,GHCND:USC00454679,67
387,",,7,",MXPN,2018-09-24T00:00:00,GHCND:USC00454679,217
388,",,7,1700",PRCP,2018-09-24T00:00:00,GHCND:USC00454679,0
389,",,7,",SNOW,2018-09-24T00:00:00,GHCND:USC00454679,0
390,",,7,1700",TMAX,2018-09-24T00:00:00,GHCND:USC00454679,211
391,",,7,1700",TMIN,2018-09-24T00:00:00,GHCND:USC00454679,0
392,",,7,1700",TOBS,2018-09-24T00:00:00,GHCND:USC00454679,211
393,",,7,0800",PRCP,2018-09-24T00:00:00,GHCND:USC00455387,0
394,",,7,0800",EVAP,2018-09-24T00:00:00,GHCND:USC00459200,38
395,",,7,",MNPN,2018-09-24T00:00:00,GHCND:USC00459200,111
396,",,7,",MXPN,2018-09-24T00:00:00,GHCND:USC00459200,233
397,",,7,0800",PRCP,2018-09-24T00:00:00,GHCND:USC00459200,0
398,",,7,0800",TMAX,2018-09-24T00:00:00,GHCND:USC00459200,206
399,",,7,0800",TMIN,2018-09-24T00:00:00,GHCND:USC00459200,44
400,",,7,0800",TOBS,2018-09-24T00:00:00,GHCND:USC00459200,61
401,",,7,",WDMV,2018-09-24T00:00:00,GHCND:USC00459200,60
402,",,W,",AWND,2018-09-24T00:00:00,GHCND:USW00024160,27
403,",,W,",PRCP,2018-09-24T00:00:00,GHCND:USW00024160,0
404,",,W,",SNOW,2018-09-24T00:00:00,GHCND:USW00024160,0
405,",,W,",SNWD,2018-09-24T00:00:00,GHCND:USW00024160,0
406,",,W,",TMAX,2018-09-24T00:00:00,GHCND:USW00024160,206
407,",,W,",TMIN,2018-09-24T00:00:00,GHCND:USW00024160,83
408,",,W,",WDF2,2018-09-24T00:00:00,GHCND:USW00024160,200
409,",,W,",WDF5,2018-09-24T00:00:00,GHCND:USW00024160,230
410,",,W,",WSF2,2018-09-24T00:00:00,GHCND:USW00024160,63
411,",,W,",WSF5,2018-09-24T00:00:00,GHCND:USW00024160,85
412,",,N,",PRCP,2018-09-25T00:00:00,GHCND:US1WAWW0009,0
413,",,N,",SNOW,2018-09-25T00:00:00,GHCND:US1WAWW0009,0
414,",,N,",PRCP,2018-09-25T00:00:00,GHCND:US1WAWW0014,0
415,",,7,0900",PRCP,2018-09-25T00:00:00,GHCND:USC00355593,0
416,",,7,0900",TMAX,2018-09-25T00:00:00,GHCND:USC00355593,239
417,",,7,0900",TMIN,2018-09-25T00:00:00,GHCND:USC00355593,106
418,",,7,0900",TOBS,2018-09-25T00:00:00,GHCND:USC00355593,144
419,",,7,1700",EVAP,2018-09-25T00:00:00,GHCND:USC00454679,53
420,",,7,",MNPN,2018-09-25T00:00:00,GHCND:USC00454679,72
421,",,7,",MXPN,2018-09-25T00:00:00,GHCND:USC00454679,228
422,",,7,1700",PRCP,2018-09-25T00:00:00,GHCND:USC00454679,0
423,",,7,",SNOW,2018-09-25T00:00:00,GHCND:USC00454679,0
424,",,7,1700",TMAX,2018-09-25T00:00:00,GHCND:USC00454679,228
425,",,7,1700",TMIN,2018-09-25T00:00:00,GHCND:USC00454679,22
426,",,7,1700",TOBS,2018-09-25T00:00:00,GHCND:USC00454679,217
427,",,7,0800",PRCP,2018-09-25T00:00:00,GHCND:USC00455387,0
428,",,H,0400",PRCP,2018-09-25T00:00:00,GHCND:USC00458932,0
429,",,H,",SNOW,2018-09-25T00:00:00,GHCND:USC00458932,0
430,",,H,0400",SNWD,2018-09-25T00:00:00,GHCND:USC00458932,0
431,",,7,0800",EVAP,2018-09-25T00:00:00,GHCND:USC00459200,38
432,",,7,",MNPN,2018-09-25T00:00:00,GHCND:USC00459200,94
433,",,7,",MXPN,2018-09-25T00:00:00,GHCND:USC00459200,239
434,",,7,0800",PRCP,2018-09-25T00:00:00,GHCND:USC00459200,0
435,",,7,0800",TMAX,2018-09-25T00:00:00,GHCND:USC00459200,217
436,",,7,0800",TMIN,2018-09-25T00:00:00,GHCND:USC00459200,22
437,",,7,0800",TOBS,2018-09-25T00:00:00,GHCND:USC00459200,22
438,",,7,",WDMV,2018-09-25T00:00:00,GHCND:USC00459200,26
439,",,W,",AWND,2018-09-25T00:00:00,GHCND:USW00024160,30
440,",,W,",PRCP,2018-09-25T00:00:00,GHCND:USW00024160,0
441,",,W,",SNOW,2018-09-25T00:00:00,GHCND:USW00024160,0
442,",,W,",SNWD,2018-09-25T00:00:00,GHCND:USW00024160,0
443,",,W,",TMAX,2018-09-25T00:00:00,GHCND:USW00024160,256
444,",,W,",TMIN,2018-09-25T00:00:00,GHCND:USW00024160,72
445,",,W,",WDF2,2018-09-25T00:00:00,GHCND:USW00024160,20
446,",,W,",WDF5,2018-09-25T00:00:00,GHCND:USW00024160,20
447,",,W,",WSF2,2018-09-25T00:00:00,GHCND:USW00024160,72
448,",,W,",WSF5,2018-09-25T00:00:00,GHCND:USW00024160,89
449,",,N,",PRCP,2018-09-26T00:00:00,GHCND:US1WAWW0009,0
450,",,N,",SNOW,2018-09-26T00:00:00,GHCND:US1WAWW0009,0
451,",,7,0900",PRCP,2018-09-26T00:00:00,GHCND:USC00355593,0
452,",,7,0900",TMAX,2018-09-26T00:00:00,GHCND:USC00355593,244
453,",,7,0900",TMIN,2018-09-26T00:00:00,GHCND:USC00355593,61
454,",,7,0900",TOBS,2018-09-26T00:00:00,GHCND:USC00355593,150
455,",,7,1700",EVAP,2018-09-26T00:00:00,GHCND:USC00454679,51
456,",,7,",MNPN,2018-09-26T00:00:00,GHCND:USC00454679,72
457,",,7,",MXPN,2018-09-26T00:00:00,GHCND:USC00454679,228
458,",,7,1700",PRCP,2018-09-26T00:00:00,GHCND:USC00454679,0
459,",,7,",SNOW,2018-09-26T00:00:00,GHCND:USC00454679,0
460,",,7,1700",TMAX,2018-09-26T00:00:00,GHCND:USC00454679,244
461,",,7,1700",TMIN,2018-09-26T00:00:00,GHCND:USC00454679,28
462,",,7,1700",TOBS,2018-09-26T00:00:00,GHCND:USC00454679,239
463,",,7,0800",PRCP,2018-09-26T00:00:00,GHCND:USC00455387,0
464,",,H,0400",PRCP,2018-09-26T00:00:00,GHCND:USC00458932,0
465,",,H,",SNOW,2018-09-26T00:00:00,GHCND:USC00458932,0
466,",,H,0400",SNWD,2018-09-26T00:00:00,GHCND:USC00458932,0
467,",,7,0800",EVAP,2018-09-26T00:00:00,GHCND:USC00459200,33
468,",,7,",MNPN,2018-09-26T00:00:00,GHCND:USC00459200,89
469,",,7,",MXPN,2018-09-26T00:00:00,GHCND:USC00459200,233
470,",,7,0800",PRCP,2018-09-26T00:00:00,GHCND:USC00459200,0
471,",,7,0800",TMAX,2018-09-26T00:00:00,GHCND:USC00459200,256
472,",,7,0800",TMIN,2018-09-26T00:00:00,GHCND:USC00459200,11
473,",,7,0800",TOBS,2018-09-26T00:00:00,GHCND:USC00459200,17
474,",,7,",WDMV,2018-09-26T00:00:00,GHCND:USC00459200,27
475,",,W,",AWND,2018-09-26T00:00:00,GHCND:USW00024160,23
476,",,W,",PRCP,2018-09-26T00:00:00,GHCND:USW00024160,0
477,",,W,",SNOW,2018-09-26T00:00:00,GHCND:USW00024160,0
478,",,W,",SNWD,2018-09-26T00:00:00,GHCND:USW00024160,0
479,",,W,",TMAX,2018-09-26T00:00:00,GHCND:USW00024160,261
480,",,W,",TMIN,2018-09-26T00:00:00,GHCND:USW00024160,78
481,",,W,",WDF2,2018-09-26T00:00:00,GHCND:USW00024160,30
482,",,W,",WDF5,2018-09-26T00:00:00,GHCND:USW00024160,30
483,",,W,",WSF2,2018-09-26T00:00:00,GHCND:USW00024160,58
484,",,W,",WSF5,2018-09-26T00:00:00,GHCND:USW00024160,85
485,",,N,",PRCP,2018-09-27T00:00:00,GHCND:US1WAWW0009,0
486,",,N,",SNOW,2018-09-27T00:00:00,GHCND:US1WAWW0009,0
487,",,N,",PRCP,2018-09-27T00:00:00,GHCND:US1WAWW0014,0
488,",,7,0900",PRCP,2018-09-27T00:00:00,GHCND:USC00355593,0
489,",,7,0900",TMAX,2018-09-27T00:00:00,GHCND:USC00355593,256
490,",,7,0900",TMIN,2018-09-27T00:00:00,GHCND:USC00355593,83
491,",,7,0900",TOBS,2018-09-27T00:00:00,GHCND:USC00355593,139
492,",,7,1700",EVAP,2018-09-27T00:00:00,GHCND:USC00454679,46
493,",,7,",MNPN,2018-09-27T00:00:00,GHCND:USC00454679,89
494,",,7,",MXPN,2018-09-27T00:00:00,GHCND:USC00454679,244
495,",,7,1700",PRCP,2018-09-27T00:00:00,GHCND:USC00454679,0
496,",,7,",SNOW,2018-09-27T00:00:00,GHCND:USC00454679,0
497,",,7,1700",TMAX,2018-09-27T00:00:00,GHCND:USC00454679,267
498,",,7,1700",TMIN,2018-09-27T00:00:00,GHCND:USC00454679,44
499,",,7,1700",TOBS,2018-09-27T00:00:00,GHCND:USC00454679,261
500,",,7,0800",PRCP,2018-09-27T00:00:00,GHCND:USC00455387,0
501,",,H,0400",PRCP,2018-09-27T00:00:00,GHCND:USC00458932,0
502,",,H,",SNOW,2018-09-27T00:00:00,GHCND:USC00458932,0
503,",,H,0400",SNWD,2018-09-27T00:00:00,GHCND:USC00458932,0
504,",,7,0800",EVAP,2018-09-27T00:00:00,GHCND:USC00459200,30
505,",,7,",MNPN,2018-09-27T00:00:00,GHCND:USC00459200,89
506,",,7,",MXPN,2018-09-27T00:00:00,GHCND:USC00459200,244
507,",,7,0800",PRCP,2018-09-27T00:00:00,GHCND:USC00459200,0
508,",,7,0800",TMAX,2018-09-27T00:00:00,GHCND:USC00459200,267
509,",,7,0800",TMIN,2018-09-27T00:00:00,GHCND:USC00459200,11
510,",,7,0800",TOBS,2018-09-27T00:00:00,GHCND:USC00459200,39
511,",,7,",WDMV,2018-09-27T00:00:00,GHCND:USC00459200,14
512,",,W,",AWND,2018-09-27T00:00:00,GHCND:USW00024160,24
513,",,W,",PRCP,2018-09-27T00:00:00,GHCND:USW00024160,0
514,",,W,",SNOW,2018-09-27T00:00:00,GHCND:USW00024160,0
515,",,W,",SNWD,2018-09-27T00:00:00,GHCND:USW00024160,0
516,",,W,",TMAX,2018-09-27T00:00:00,GHCND:USW00024160,272
517,",,W,",TMIN,2018-09-27T00:00:00,GHCND:USW00024160,111
518,",,W,",WDF2,2018-09-27T00:00:00,GHCND:USW00024160,340
519,",,W,",WDF5,2018-09-27T00:00:00,GHCND:USW00024160,340
520,",,W,",WSF2,2018-09-27T00:00:00,GHCND:USW00024160,148
521,",,W,",WSF5,2018-09-27T00:00:00,GHCND:USW00024160,170
522,",,N,",PRCP,2018-09-28T00:00:00,GHCND:US1WAWW0009,0
523,",,N,",SNOW,2018-09-28T00:00:00,GHCND:US1WAWW0009,0
524,",,7,0900",PRCP,2018-09-28T00:00:00,GHCND:USC00355593,0
525,",,7,0900",TMAX,2018-09-28T00:00:00,GHCND:USC00355593,261
526,",,7,0900",TMIN,2018-09-28T00:00:00,GHCND:USC00355593,89
527,",,7,0900",TOBS,2018-09-28T00:00:00,GHCND:USC00355593,139
528,",,7,1700",EVAP,2018-09-28T00:00:00,GHCND:USC00454679,74
529,",,7,",MNPN,2018-09-28T00:00:00,GHCND:USC00454679,100
530,",,7,",MXPN,2018-09-28T00:00:00,GHCND:USC00454679,250
531,",,7,1700",PRCP,2018-09-28T00:00:00,GHCND:USC00454679,0
532,",,7,",SNOW,2018-09-28T00:00:00,GHCND:USC00454679,0
533,",,7,1700",TMAX,2018-09-28T00:00:00,GHCND:USC00454679,261
534,",,7,1700",TMIN,2018-09-28T00:00:00,GHCND:USC00454679,100
535,",,7,1700",TOBS,2018-09-28T00:00:00,GHCND:USC00454679,222
536,",,7,0800",PRCP,2018-09-28T00:00:00,GHCND:USC00455387,0
537,",,7,0800",PRCP,2018-09-28T00:00:00,GHCND:USC00459200,0
538,",,7,0800",TMAX,2018-09-28T00:00:00,GHCND:USC00459200,272
539,",,7,0800",TMIN,2018-09-28T00:00:00,GHCND:USC00459200,22
540,",,7,0800",TOBS,2018-09-28T00:00:00,GHCND:USC00459200,50
541,",,W,",AWND,2018-09-28T00:00:00,GHCND:USW00024160,28
542,",,W,",PRCP,2018-09-28T00:00:00,GHCND:USW00024160,0
543,",,W,",SNOW,2018-09-28T00:00:00,GHCND:USW00024160,0
544,",,W,",SNWD,2018-09-28T00:00:00,GHCND:USW00024160,0
545,",,W,",TMAX,2018-09-28T00:00:00,GHCND:USW00024160,250
546,",,W,",TMIN,2018-09-28T00:00:00,GHCND:USW00024160,117
547,",,W,",WDF2,2018-09-28T00:00:00,GHCND:USW00024160,170
548,",,W,",WDF5,2018-09-28T00:00:00,GHCND:USW00024160,220
549,",,W,",WSF2,2018-09-28T00:00:00,GHCND:USW00024160,63
550,",,W,",WSF5,2018-09-28T00:00:00,GHCND:USW00024160,72
551,",,N,",PRCP,2018-09-29T00:00:00,GHCND:US1WAWW0009,0
552,",,N,",SNOW,2018-09-29T00:00:00,GHCND:US1WAWW0009,0
553,",,N,",PRCP,2018-09-29T00:00:00,GHCND:US1WAWW0014,0
554,",,7,0900",PRCP,2018-09-29T00:00:00,GHCND:USC00355593,0
555,",,7,0900",TMAX,2018-09-29T00:00:00,GHCND:USC00355593,250
556,",,7,0900",TMIN,2018-09-29T00:00:00,GHCND:USC00355593,72
557,",,7,1700",EVAP,2018-09-29T00:00:00,GHCND:USC00454679,76
558,",,7,",MNPN,2018-09-29T00:00:00,GHCND:USC00454679,89
559,",,7,",MXPN,2018-09-29T00:00:00,GHCND:USC00454679,228
560,",,7,1700",PRCP,2018-09-29T00:00:00,GHCND:USC00454679,0
561,",,7,",SNOW,2018-09-29T00:00:00,GHCND:USC00454679,0
562,",,7,1700",TMAX,2018-09-29T00:00:00,GHCND:USC00454679,228
563,",,7,1700",TMIN,2018-09-29T00:00:00,GHCND:USC00454679,83
564,",,7,1700",TOBS,2018-09-29T00:00:00,GHCND:USC00454679,189
565,",,7,0800",EVAP,2018-09-29T00:00:00,GHCND:USC00459200,33
566,",,7,",MNPN,2018-09-29T00:00:00,GHCND:USC00459200,117
567,",,7,",MXPN,2018-09-29T00:00:00,GHCND:USC00459200,250
568,",,7,0800",PRCP,2018-09-29T00:00:00,GHCND:USC00459200,0
569,",,7,0800",TMAX,2018-09-29T00:00:00,GHCND:USC00459200,256
570,",,7,0800",TMIN,2018-09-29T00:00:00,GHCND:USC00459200,39
571,",,7,0800",TOBS,2018-09-29T00:00:00,GHCND:USC00459200,44
572,",,7,",WDMV,2018-09-29T00:00:00,GHCND:USC00459200,23
573,",,W,",AWND,2018-09-29T00:00:00,GHCND:USW00024160,34
574,",,W,",PRCP,2018-09-29T00:00:00,GHCND:USW00024160,0
575,",,W,",SNOW,2018-09-29T00:00:00,GHCND:USW00024160,0
576,",,W,",SNWD,2018-09-29T00:00:00,GHCND:USW00024160,0
577,",,W,",TMAX,2018-09-29T00:00:00,GHCND:USW00024160,228
578,",,W,",TMIN,2018-09-29T00:00:00,GHCND:USW00024160,94
579,",,W,",WDF2,2018-09-29T00:00:00,GHCND:USW00024160,190
580,",,W,",WDF5,2018-09-29T00:00:00,GHCND:USW00024160,170
581,",,W,",WSF2,2018-09-29T00:00:00,GHCND:USW00024160,67
582,",,W,",WSF5,2018-09-29T00:00:00,GHCND:USW00024160,81
583,",,N,",PRCP,2018-09-30T00:00:00,GHCND:US1WAWW0009,0
584,",,N,",PRCP,2018-09-30T00:00:00,GHCND:US1WAWW0014,0
585,",,7,0900",PRCP,2018-09-30T00:00:00,GHCND:USC00355593,0
586,",,7,0900",TMAX,2018-09-30T00:00:00,GHCND:USC00355593,239
587,",,7,0900",TMIN,2018-09-30T00:00:00,GHCND:USC00355593,89
588,",,7,1700",EVAP,2018-09-30T00:00:00,GHCND:USC00454679,69
589,",,7,",MNPN,2018-09-30T00:00:00,GHCND:USC00454679,61
590,",,7,",MXPN,2018-09-30T00:00:00,GHCND:USC00454679,194
591,",,7,1700",PRCP,2018-09-30T00:00:00,GHCND:USC00454679,0
592,",,7,",SNOW,2018-09-30T00:00:00,GHCND:USC00454679,0
593,",,7,1700",TMAX,2018-09-30T00:00:00,GHCND:USC00454679,189
594,",,7,1700",TMIN,2018-09-30T00:00:00,GHCND:USC00454679,67
595,",,7,1700",TOBS,2018-09-30T00:00:00,GHCND:USC00454679,156
596,",,W,",AWND,2018-09-30T00:00:00,GHCND:USW00024160,36
597,",,W,",PRCP,2018-09-30T00:00:00,GHCND:USW00024160,0
598,",,W,",SNOW,2018-09-30T00:00:00,GHCND:USW00024160,0
599,",,W,",SNWD,2018-09-30T00:00:00,GHCND:USW00024160,0
600,",,W,",TMAX,2018-09-30T00:00:00,GHCND:USW00024160,172
601,",,W,",TMIN,2018-09-30T00:00:00,GHCND:USW00024160,94
602,",,W,",WDF2,2018-09-30T00:00:00,GHCND:USW00024160,200
603,",,W,",WDF5,2018-09-30T00:00:00,GHCND:USW00024160,190
604,",,W,",WSF2,2018-09-30T00:00:00,GHCND:USW00024160,72
605,",,W,",WSF5,2018-09-30T00:00:00,GHCND:USW00024160,85
606,",,N,",PRCP,2018-10-01T00:00:00,GHCND:US1WAWW0009,0
607,",,N,",SNOW,2018-10-01T00:00:00,GHCND:US1WAWW0009,0
608,",,7,0900",PRCP,2018-10-01T00:00:00,GHCND:USC00355593,0
609,",,7,0900",TMAX,2018-10-01T00:00:00,GHCND:USC00355593,222
610,",,7,0900",TMIN,2018-10-01T00:00:00,GHCND:USC00355593,67
611,",,7,1700",PRCP,2018-10-01T00:00:00,GHCND:USC00454679,0
612,",,7,",SNOW,2018-10-01T00:00:00,GHCND:USC00454679,0
613,",,7,1700",TMAX,2018-10-01T00:00:00,GHCND:USC00454679,211
614,",,7,1700",TMIN,2018-10-01T00:00:00,GHCND:USC00454679,67
615,",,7,1700",TOBS,2018-10-01T00:00:00,GHCND:USC00454679,206
616,",,7,0800",PRCP,2018-10-01T00:00:00,GHCND:USC00455387,0
617,",,H,0400",SNWD,2018-10-01T00:00:00,GHCND:USC00458932,0
618,",,7,",DAPR,2018-10-01T00:00:00,GHCND:USC00459200,2
619,",,7,0800",EVAP,2018-10-01T00:00:00,GHCND:USC00459200,66
620,",,7,",MDPR,2018-10-01T00:00:00,GHCND:USC00459200,0
621,",,7,",MNPN,2018-10-01T00:00:00,GHCND:USC00459200,100
622,",,7,",MXPN,2018-10-01T00:00:00,GHCND:USC00459200,222
623,",,7,0800",TMAX,2018-10-01T00:00:00,GHCND:USC00459200,244
624,",,7,0800",TMIN,2018-10-01T00:00:00,GHCND:USC00459200,22
625,",,7,0800",TOBS,2018-10-01T00:00:00,GHCND:USC00459200,28
626,",,7,",WDMV,2018-10-01T00:00:00,GHCND:USC00459200,72
627,",,W,",AWND,2018-10-01T00:00:00,GHCND:USW00024160,20
628,"T,,W,",PRCP,2018-10-01T00:00:00,GHCND:USW00024160,0
629,",,W,",SNOW,2018-10-01T00:00:00,GHCND:USW00024160,0
630,",,W,",SNWD,2018-10-01T00:00:00,GHCND:USW00024160,0
631,",,W,",TMAX,2018-10-01T00:00:00,GHCND:USW00024160,228
632,",,W,",TMIN,2018-10-01T00:00:00,GHCND:USW00024160,94
633,",,W,",WDF2,2018-10-01T00:00:00,GHCND:USW00024160,200
634,",,W,",WDF5,2018-10-01T00:00:00,GHCND:USW00024160,230
635,",,W,",WSF2,2018-10-01T00:00:00,GHCND:USW00024160,45
636,",,W,",WSF5,2018-10-01T00:00:00,GHCND:USW00024160,54
637,"T,,N,",PRCP,2018-10-02T00:00:00,GHCND:US1WAWW0005,0
638,",,N,",PRCP,2018-10-02T00:00:00,GHCND:US1WAWW0006,5
639,",,N,",PRCP,2018-10-02T00:00:00,GHCND:US1WAWW0009,0
640,",,N,",SNOW,2018-10-02T00:00:00,GHCND:US1WAWW0009,0
641,"T,,N,",PRCP,2018-10-02T00:00:00,GHCND:US1WAWW0014,0
642,",,7,0900",PRCP,2018-10-02T00:00:00,GHCND:USC00355593,0
643,",,7,0900",TMAX,2018-10-02T00:00:00,GHCND:USC00355593,239
644,",,7,0900",TMIN,2018-10-02T00:00:00,GHCND:USC00355593,161
645,",,7,1700",PRCP,2018-10-02T00:00:00,GHCND:USC00454679,0
646,",,7,",SNOW,2018-10-02T00:00:00,GHCND:USC00454679,0
647,",,7,1700",TMAX,2018-10-02T00:00:00,GHCND:USC00454679,211
648,",,7,1700",TMIN,2018-10-02T00:00:00,GHCND:USC00454679,128
649,",,7,1700",TOBS,2018-10-02T00:00:00,GHCND:USC00454679,194
650,",,7,0800",PRCP,2018-10-02T00:00:00,GHCND:USC00455387,0
651,",,H,0400",PRCP,2018-10-02T00:00:00,GHCND:USC00458932,0
652,",,H,",SNOW,2018-10-02T00:00:00,GHCND:USC00458932,0
653,",,H,0400",SNWD,2018-10-02T00:00:00,GHCND:USC00458932,0
654,",,7,0800",EVAP,2018-10-02T00:00:00,GHCND:USC00459200,18
655,",,7,",MNPN,2018-10-02T00:00:00,GHCND:USC00459200,94
656,",,7,",MXPN,2018-10-02T00:00:00,GHCND:USC00459200,200
657,",,7,0800",PRCP,2018-10-02T00:00:00,GHCND:USC00459200,0
658,",,7,0800",TMAX,2018-10-02T00:00:00,GHCND:USC00459200,228
659,",,7,0800",TMIN,2018-10-02T00:00:00,GHCND:USC00459200,28
660,",,7,0800",TOBS,2018-10-02T00:00:00,GHCND:USC00459200,156
661,",,7,",WDMV,2018-10-02T00:00:00,GHCND:USC00459200,14
662,",,W,",AWND,2018-10-02T00:00:00,GHCND:USW00024160,57
663,",,W,",PRCP,2018-10-02T00:00:00,GHCND:USW00024160,23
664,",,W,",SNOW,2018-10-02T00:00:00,GHCND:USW00024160,0
665,",,W,",SNWD,2018-10-02T00:00:00,GHCND:USW00024160,0
666,",,W,",TMAX,2018-10-02T00:00:00,GHCND:USW00024160,233
667,",,W,",TMIN,2018-10-02T00:00:00,GHCND:USW00024160,78
668,",,W,",WDF2,2018-10-02T00:00:00,GHCND:USW00024160,250
669,",,W,",WDF5,2018-10-02T00:00:00,GHCND:USW00024160,260
670,",,W,",WSF2,2018-10-02T00:00:00,GHCND:USW00024160,134
671,",,W,",WSF5,2018-10-02T00:00:00,GHCND:USW00024160,157
672,"T,,N,",PRCP,2018-10-03T00:00:00,GHCND:US1WAWW0005,0
673,",,N,",PRCP,2018-10-03T00:00:00,GHCND:US1WAWW0006,18
674,"T,,N,",PRCP,2018-10-03T00:00:00,GHCND:US1WAWW0009,0
675,",,N,",PRCP,2018-10-03T00:00:00,GHCND:US1WAWW0014,23
676,",,7,0900",PRCP,2018-10-03T00:00:00,GHCND:USC00355593,0
677,",,7,0900",TMAX,2018-10-03T00:00:00,GHCND:USC00355593,239
678,",,7,0900",TMIN,2018-10-03T00:00:00,GHCND:USC00355593,56
679,",,7,1700",PRCP,2018-10-03T00:00:00,GHCND:USC00454679,0
680,",,7,",SNOW,2018-10-03T00:00:00,GHCND:USC00454679,0
681,",,7,1700",TMAX,2018-10-03T00:00:00,GHCND:USC00454679,194
682,",,7,1700",TMIN,2018-10-03T00:00:00,GHCND:USC00454679,-44
683,",,7,1700",TOBS,2018-10-03T00:00:00,GHCND:USC00454679,139
684,",,7,0800",PRCP,2018-10-03T00:00:00,GHCND:USC00455387,30
685,",,W,",AWND,2018-10-03T00:00:00,GHCND:USW00024160,29
686,",,W,",PRCP,2018-10-03T00:00:00,GHCND:USW00024160,0
687,",,W,",SNOW,2018-10-03T00:00:00,GHCND:USW00024160,0
688,",,W,",SNWD,2018-10-03T00:00:00,GHCND:USW00024160,0
689,",,W,",TMAX,2018-10-03T00:00:00,GHCND:USW00024160,183
690,",,W,",TMIN,2018-10-03T00:00:00,GHCND:USW00024160,33
691,",,W,",WDF2,2018-10-03T00:00:00,GHCND:USW00024160,350
692,",,W,",WDF5,2018-10-03T00:00:00,GHCND:USW00024160,10
693,",,W,",WSF2,2018-10-03T00:00:00,GHCND:USW00024160,67
694,",,W,",WSF5,2018-10-03T00:00:00,GHCND:USW00024160,81
695,",,N,",PRCP,2018-10-04T00:00:00,GHCND:US1WAWW0009,0
696,",,N,",SNOW,2018-10-04T00:00:00,GHCND:US1WAWW0009,0
697,",,7,0900",PRCP,2018-10-04T00:00:00,GHCND:USC00355593,0
698,",,7,0900",TMAX,2018-10-04T00:00:00,GHCND:USC00355593,172
699,",,7,0900",TMIN,2018-10-04T00:00:00,GHCND:USC00355593,78
700,",,7,0900",TOBS,2018-10-04T00:00:00,GHCND:USC00355593,106
701,",,7,1700",PRCP,2018-10-04T00:00:00,GHCND:USC00454679,0
702,",,7,",SNOW,2018-10-04T00:00:00,GHCND:USC00454679,0
703,",,7,1700",TMAX,2018-10-04T00:00:00,GHCND:USC00454679,150
704,",,7,1700",TMIN,2018-10-04T00:00:00,GHCND:USC00454679,28
705,",,7,1700",TOBS,2018-10-04T00:00:00,GHCND:USC00454679,144
706,",,7,0800",PRCP,2018-10-04T00:00:00,GHCND:USC00455387,0
707,",,H,0400",PRCP,2018-10-04T00:00:00,GHCND:USC00458932,0
708,",,H,",SNOW,2018-10-04T00:00:00,GHCND:USC00458932,0
709,",,H,0400",SNWD,2018-10-04T00:00:00,GHCND:USC00458932,0
710,",,7,",DAPR,2018-10-04T00:00:00,GHCND:USC00459200,2
711,",,7,0800",EVAP,2018-10-04T00:00:00,GHCND:USC00459200,64
712,"T,,7,",MDPR,2018-10-04T00:00:00,GHCND:USC00459200,0
713,",,7,",MNPN,2018-10-04T00:00:00,GHCND:USC00459200,89
714,",,7,",MXPN,2018-10-04T00:00:00,GHCND:USC00459200,211
715,",,7,0800",TMAX,2018-10-04T00:00:00,GHCND:USC00459200,244
716,",,7,0800",TMIN,2018-10-04T00:00:00,GHCND:USC00459200,-6
717,",,7,0800",TOBS,2018-10-04T00:00:00,GHCND:USC00459200,44
718,",,7,",WDMV,2018-10-04T00:00:00,GHCND:USC00459200,119
719,",,W,",AWND,2018-10-04T00:00:00,GHCND:USW00024160,24
720,",,W,",PRCP,2018-10-04T00:00:00,GHCND:USW00024160,0
721,",,W,",SNOW,2018-10-04T00:00:00,GHCND:USW00024160,0
722,",,W,",SNWD,2018-10-04T00:00:00,GHCND:USW00024160,0
723,",,W,",TMAX,2018-10-04T00:00:00,GHCND:USW00024160,161
724,",,W,",TMIN,2018-10-04T00:00:00,GHCND:USW00024160,72
725,",,W,",WDF2,2018-10-04T00:00:00,GHCND:USW00024160,200
726,",,W,",WDF5,2018-10-04T00:00:00,GHCND:USW00024160,190
727,",,W,",WSF2,2018-10-04T00:00:00,GHCND:USW00024160,67
728,",,W,",WSF5,2018-10-04T00:00:00,GHCND:USW00024160,85
729,",,N,",PRCP,2018-10-05T00:00:00,GHCND:US1WAWW0009,0
730,",,N,",SNOW,2018-10-05T00:00:00,GHCND:US1WAWW0009,0
731,",,N,",PRCP,2018-10-05T00:00:00,GHCND:US1WAWW0014,0
732,",,7,0900",PRCP,2018-10-05T00:00:00,GHCND:USC00355593,0
733,",,7,0900",TMAX,2018-10-05T00:00:00,GHCND:USC00355593,172
734,",,7,0900",TMIN,2018-10-05T00:00:00,GHCND:USC00355593,78
735,",,7,0900",TOBS,2018-10-05T00:00:00,GHCND:USC00355593,128
736,",,7,1700",PRCP,2018-10-05T00:00:00,GHCND:USC00454679,0
737,",,7,",SNOW,2018-10-05T00:00:00,GHCND:USC00454679,0
738,",,7,1700",TMAX,2018-10-05T00:00:00,GHCND:USC00454679,144
739,",,7,1700",TMIN,2018-10-05T00:00:00,GHCND:USC00454679,0
740,",,7,1700",TOBS,2018-10-05T00:00:00,GHCND:USC00454679,111
741,",,7,0800",PRCP,2018-10-05T00:00:00,GHCND:USC00455387,0
742,",,7,0800",EVAP,2018-10-05T00:00:00,GHCND:USC00459200,23
743,",,7,",MNPN,2018-10-05T00:00:00,GHCND:USC00459200,83
744,",,7,",MXPN,2018-10-05T00:00:00,GHCND:USC00459200,167
745,",,7,0800",PRCP,2018-10-05T00:00:00,GHCND:USC00459200,0
746,",,7,0800",TMAX,2018-10-05T00:00:00,GHCND:USC00459200,172
747,",,7,0800",TMIN,2018-10-05T00:00:00,GHCND:USC00459200,39
748,",,7,0800",TOBS,2018-10-05T00:00:00,GHCND:USC00459200,56
749,",,7,",WDMV,2018-10-05T00:00:00,GHCND:USC00459200,13
750,",,W,",AWND,2018-10-05T00:00:00,GHCND:USW00024160,33
751,",,W,",PRCP,2018-10-05T00:00:00,GHCND:USW00024160,13
752,",,W,",SNOW,2018-10-05T00:00:00,GHCND:USW00024160,0
753,",,W,",SNWD,2018-10-05T00:00:00,GHCND:USW00024160,0
754,",,W,",TMAX,2018-10-05T00:00:00,GHCND:USW00024160,167
755,",,W,",TMIN,2018-10-05T00:00:00,GHCND:USW00024160,67
756,",,W,",WDF2,2018-10-05T00:00:00,GHCND:USW00024160,260
757,",,W,",WDF5,2018-10-05T00:00:00,GHCND:USW00024160,260
758,",,W,",WSF2,2018-10-05T00:00:00,GHCND:USW00024160,72
759,",,W,",WSF5,2018-10-05T00:00:00,GHCND:USW00024160,81
760,",,N,",PRCP,2018-10-06T00:00:00,GHCND:US1WAWW0005,61
761,",,N,",PRCP,2018-10-06T00:00:00,GHCND:US1WAWW0009,61
762,",,N,",PRCP,2018-10-06T00:00:00,GHCND:US1WAWW0014,51
763,",,7,0900",PRCP,2018-10-06T00:00:00,GHCND:USC00355593,0
764,",,7,0900",TMAX,2018-10-06T00:00:00,GHCND:USC00355593,150
765,",,7,0900",TMIN,2018-10-06T00:00:00,GHCND:USC00355593,78
766,",,7,1700",PRCP,2018-10-06T00:00:00,GHCND:USC00454679,30
767,",,7,",SNOW,2018-10-06T00:00:00,GHCND:USC00454679,0
768,",,7,1700",TMAX,2018-10-06T00:00:00,GHCND:USC00454679,144
769,",,7,1700",TMIN,2018-10-06T00:00:00,GHCND:USC00454679,56
770,",,7,1700",TOBS,2018-10-06T00:00:00,GHCND:USC00454679,128
771,",,7,0800",EVAP,2018-10-06T00:00:00,GHCND:USC00459200,13
772,",,7,",MNPN,2018-10-06T00:00:00,GHCND:USC00459200,72
773,",,7,",MXPN,2018-10-06T00:00:00,GHCND:USC00459200,139
774,",,7,0800",PRCP,2018-10-06T00:00:00,GHCND:USC00459200,46
775,",,7,0800",TMAX,2018-10-06T00:00:00,GHCND:USC00459200,161
776,",,7,0800",TMIN,2018-10-06T00:00:00,GHCND:USC00459200,44
777,",,7,0800",TOBS,2018-10-06T00:00:00,GHCND:USC00459200,78
778,",,7,",WDMV,2018-10-06T00:00:00,GHCND:USC00459200,32
779,",,W,",AWND,2018-10-06T00:00:00,GHCND:USW00024160,26
780,",,W,",PRCP,2018-10-06T00:00:00,GHCND:USW00024160,58
781,",,W,",SNOW,2018-10-06T00:00:00,GHCND:USW00024160,0
782,",,W,",SNWD,2018-10-06T00:00:00,GHCND:USW00024160,0
783,",,W,",TMAX,2018-10-06T00:00:00,GHCND:USW00024160,111
784,",,W,",TMIN,2018-10-06T00:00:00,GHCND:USW00024160,89
785,",,W,",WDF2,2018-10-06T00:00:00,GHCND:USW00024160,260
786,",,W,",WDF5,2018-10-06T00:00:00,GHCND:USW00024160,250
787,",,W,",WSF2,2018-10-06T00:00:00,GHCND:USW00024160,58
788,",,W,",WSF5,2018-10-06T00:00:00,GHCND:USW00024160,63
789,",,W,",WT01,2018-10-06T00:00:00,GHCND:USW00024160,1
790,",,N,",PRCP,2018-10-07T00:00:00,GHCND:US1WAWW0005,25
791,",,N,",PRCP,2018-10-07T00:00:00,GHCND:US1WAWW0009,20
792,",,N,",PRCP,2018-10-07T00:00:00,GHCND:US1WAWW0014,23
793,",,7,0900",PRCP,2018-10-07T00:00:00,GHCND:USC00355593,0
794,",,7,0900",TMAX,2018-10-07T00:00:00,GHCND:USC00355593,161
795,",,7,0900",TMIN,2018-10-07T00:00:00,GHCND:USC00355593,78
796,",,7,1700",PRCP,2018-10-07T00:00:00,GHCND:USC00454679,0
797,",,7,",SNOW,2018-10-07T00:00:00,GHCND:USC00454679,0
798,",,7,1700",TMAX,2018-10-07T00:00:00,GHCND:USC00454679,144
799,",,7,1700",TMIN,2018-10-07T00:00:00,GHCND:USC00454679,6
800,",,7,1700",TOBS,2018-10-07T00:00:00,GHCND:USC00454679,133
801,",,W,",AWND,2018-10-07T00:00:00,GHCND:USW00024160,26
802,",,W,",PRCP,2018-10-07T00:00:00,GHCND:USW00024160,0
803,",,W,",SNOW,2018-10-07T00:00:00,GHCND:USW00024160,0
804,",,W,",SNWD,2018-10-07T00:00:00,GHCND:USW00024160,0
805,",,W,",TMAX,2018-10-07T00:00:00,GHCND:USW00024160,156
806,",,W,",TMIN,2018-10-07T00:00:00,GHCND:USW00024160,72
807,",,W,",WDF2,2018-10-07T00:00:00,GHCND:USW00024160,200
808,",,W,",WDF5,2018-10-07T00:00:00,GHCND:USW00024160,230
809,",,W,",WSF2,2018-10-07T00:00:00,GHCND:USW00024160,58
810,",,W,",WSF5,2018-10-07T00:00:00,GHCND:USW00024160,76
811,",,W,",WT08,2018-10-07T00:00:00,GHCND:USW00024160,1
812,",,N,",PRCP,2018-10-08T00:00:00,GHCND:US1WAWW0005,0
813,",,N,",PRCP,2018-10-08T00:00:00,GHCND:US1WAWW0009,0
814,",,N,",PRCP,2018-10-08T00:00:00,GHCND:US1WAWW0014,0
815,",,7,0900",PRCP,2018-10-08T00:00:00,GHCND:USC00355593,91
816,",,7,0900",TMAX,2018-10-08T00:00:00,GHCND:USC00355593,161
817,",,7,0900",TMIN,2018-10-08T00:00:00,GHCND:USC00355593,83
818,",,7,0900",TOBS,2018-10-08T00:00:00,GHCND:USC00355593,117
819,"T,,7,1700",PRCP,2018-10-08T00:00:00,GHCND:USC00454679,0
820,",,7,",SNOW,2018-10-08T00:00:00,GHCND:USC00454679,0
821,",,7,1700",TMAX,2018-10-08T00:00:00,GHCND:USC00454679,133
822,",,7,1700",TMIN,2018-10-08T00:00:00,GHCND:USC00454679,61
823,",,7,1700",TOBS,2018-10-08T00:00:00,GHCND:USC00454679,128
824,",,H,0400",SNWD,2018-10-08T00:00:00,GHCND:USC00458932,0
825,",,W,",AWND,2018-10-08T00:00:00,GHCND:USW00024160,13
826,",,W,",PRCP,2018-10-08T00:00:00,GHCND:USW00024160,10
827,",,W,",SNOW,2018-10-08T00:00:00,GHCND:USW00024160,0
828,",,W,",SNWD,2018-10-08T00:00:00,GHCND:USW00024160,0
829,",,W,",TMAX,2018-10-08T00:00:00,GHCND:USW00024160,161
830,",,W,",TMIN,2018-10-08T00:00:00,GHCND:USW00024160,89
831,",,W,",WDF2,2018-10-08T00:00:00,GHCND:USW00024160,270
832,",,W,",WDF5,2018-10-08T00:00:00,GHCND:USW00024160,280
833,",,W,",WSF2,2018-10-08T00:00:00,GHCND:USW00024160,36
834,",,W,",WSF5,2018-10-08T00:00:00,GHCND:USW00024160,40
835,",,W,",WT01,2018-10-08T00:00:00,GHCND:USW00024160,1
836,",,N,",PRCP,2018-10-09T00:00:00,GHCND:US1WAWW0005,175
837,",,N,",PRCP,2018-10-09T00:00:00,GHCND:US1WAWW0006,173
838,",,N,",PRCP,2018-10-09T00:00:00,GHCND:US1WAWW0009,157
839,",,N,",PRCP,2018-10-09T00:00:00,GHCND:US1WAWW0014,124
840,",,7,0900",PRCP,2018-10-09T00:00:00,GHCND:USC00355593,345
841,",,7,0900",TMAX,2018-10-09T00:00:00,GHCND:USC00355593,144
842,",,7,0900",TMIN,2018-10-09T00:00:00,GHCND:USC00355593,89
843,",,7,0900",TOBS,2018-10-09T00:00:00,GHCND:USC00355593,94
844,",,7,1700",PRCP,2018-10-09T00:00:00,GHCND:USC00454679,20
845,",,7,",SNOW,2018-10-09T00:00:00,GHCND:USC00454679,0
846,",,7,1700",TMAX,2018-10-09T00:00:00,GHCND:USC00454679,128
847,",,7,1700",TMIN,2018-10-09T00:00:00,GHCND:USC00454679,72
848,",,7,1700",TOBS,2018-10-09T00:00:00,GHCND:USC00454679,122
849,",,7,",DAPR,2018-10-09T00:00:00,GHCND:USC00455387,4
850,",,7,",MDPR,2018-10-09T00:00:00,GHCND:USC00455387,211
851,",,H,0400",PRCP,2018-10-09T00:00:00,GHCND:USC00458932,231
852,",,H,",SNOW,2018-10-09T00:00:00,GHCND:USC00458932,0
853,",,H,0400",SNWD,2018-10-09T00:00:00,GHCND:USC00458932,0
854,",,7,",DAPR,2018-10-09T00:00:00,GHCND:USC00459200,3
855,",,7,0800",EVAP,2018-10-09T00:00:00,GHCND:USC00459200,20
856,",,7,",MDPR,2018-10-09T00:00:00,GHCND:USC00459200,69
857,",,7,0800",TMAX,2018-10-09T00:00:00,GHCND:USC00459200,167
858,",,7,0800",TMIN,2018-10-09T00:00:00,GHCND:USC00459200,22
859,",,7,0800",TOBS,2018-10-09T00:00:00,GHCND:USC00459200,100
860,",,7,",WDMV,2018-10-09T00:00:00,GHCND:USC00459200,58
861,",,W,",AWND,2018-10-09T00:00:00,GHCND:USW00024160,37
862,",,W,",PRCP,2018-10-09T00:00:00,GHCND:USW00024160,201
863,",,W,",SNOW,2018-10-09T00:00:00,GHCND:USW00024160,0
864,",,W,",SNWD,2018-10-09T00:00:00,GHCND:USW00024160,0
865,",,W,",TMAX,2018-10-09T00:00:00,GHCND:USW00024160,117
866,",,W,",TMIN,2018-10-09T00:00:00,GHCND:USW00024160,94
867,",,W,",WDF2,2018-10-09T00:00:00,GHCND:USW00024160,350
868,",,W,",WDF5,2018-10-09T00:00:00,GHCND:USW00024160,350
869,",,W,",WSF2,2018-10-09T00:00:00,GHCND:USW00024160,72
870,",,W,",WSF5,2018-10-09T00:00:00,GHCND:USW00024160,81
871,",,W,",WT01,2018-10-09T00:00:00,GHCND:USW00024160,1
872,",,N,",PRCP,2018-10-10T00:00:00,GHCND:US1WAWW0005,71
873,",,N,",PRCP,2018-10-10T00:00:00,GHCND:US1WAWW0006,33
874,",,N,",PRCP,2018-10-10T00:00:00,GHCND:US1WAWW0009,97
875,",,N,",PRCP,2018-10-10T00:00:00,GHCND:US1WAWW0014,81
876,",,7,0900",PRCP,2018-10-10T00:00:00,GHCND:USC00355593,0
877,",,7,0900",TMAX,2018-10-10T00:00:00,GHCND:USC00355593,144
878,",,7,0900",TMIN,2018-10-10T00:00:00,GHCND:USC00355593,83
879,",,7,0900",TOBS,2018-10-10T00:00:00,GHCND:USC00355593,100
880,",,7,1700",PRCP,2018-10-10T00:00:00,GHCND:USC00454679,0
881,",,7,",SNOW,2018-10-10T00:00:00,GHCND:USC00454679,0
882,",,7,1700",TMAX,2018-10-10T00:00:00,GHCND:USC00454679,156
883,",,7,1700",TMIN,2018-10-10T00:00:00,GHCND:USC00454679,28
884,",,7,1700",TOBS,2018-10-10T00:00:00,GHCND:USC00454679,150
885,",,7,0800",PRCP,2018-10-10T00:00:00,GHCND:USC00455387,124
886,",,7,0800",EVAP,2018-10-10T00:00:00,GHCND:USC00459200,23
887,",,7,",MNPN,2018-10-10T00:00:00,GHCND:USC00459200,100
888,",,7,",MXPN,2018-10-10T00:00:00,GHCND:USC00459200,122
889,",,7,0800",PRCP,2018-10-10T00:00:00,GHCND:USC00459200,160
890,",,7,0800",TMAX,2018-10-10T00:00:00,GHCND:USC00459200,111
891,",,7,0800",TMIN,2018-10-10T00:00:00,GHCND:USC00459200,72
892,",,7,0800",TOBS,2018-10-10T00:00:00,GHCND:USC00459200,72
893,",,7,",WDMV,2018-10-10T00:00:00,GHCND:USC00459200,16
894,",,W,",AWND,2018-10-10T00:00:00,GHCND:USW00024160,25
895,",,W,",PRCP,2018-10-10T00:00:00,GHCND:USW00024160,0
896,",,W,",SNOW,2018-10-10T00:00:00,GHCND:USW00024160,0
897,",,W,",SNWD,2018-10-10T00:00:00,GHCND:USW00024160,0
898,",,W,",TMAX,2018-10-10T00:00:00,GHCND:USW00024160,150
899,",,W,",TMIN,2018-10-10T00:00:00,GHCND:USW00024160,72
900,",,W,",WDF2,2018-10-10T00:00:00,GHCND:USW00024160,110
901,",,W,",WDF5,2018-10-10T00:00:00,GHCND:USW00024160,270
902,",,W,",WSF2,2018-10-10T00:00:00,GHCND:USW00024160,45
903,",,W,",WSF5,2018-10-10T00:00:00,GHCND:USW00024160,54
904,",,N,",PRCP,2018-10-11T00:00:00,GHCND:US1WAWW0009,0
905,",,N,",PRCP,2018-10-11T00:00:00,GHCND:US1WAWW0014,0
906,",,7,0900",PRCP,2018-10-11T00:00:00,GHCND:USC00355593,0
907,",,7,0900",TMAX,2018-10-11T00:00:00,GHCND:USC00355593,161
908,",,7,0900",TMIN,2018-10-11T00:00:00,GHCND:USC00355593,56
909,",,7,0900",TOBS,2018-10-11T00:00:00,GHCND:USC00355593,106
910,",,7,1700",PRCP,2018-10-11T00:00:00,GHCND:USC00454679,0
911,",,7,",SNOW,2018-10-11T00:00:00,GHCND:USC00454679,0
912,",,7,1700",TMAX,2018-10-11T00:00:00,GHCND:USC00454679,156
913,",,7,1700",TMIN,2018-10-11T00:00:00,GHCND:USC00454679,-28
914,",,7,1700",TOBS,2018-10-11T00:00:00,GHCND:USC00454679,144
915,",,7,0800",PRCP,2018-10-11T00:00:00,GHCND:USC00455387,0
916,",,H,0400",SNWD,2018-10-11T00:00:00,GHCND:USC00458932,0
917,",,7,0800",EVAP,2018-10-11T00:00:00,GHCND:USC00459200,15
918,",,7,",MNPN,2018-10-11T00:00:00,GHCND:USC00459200,78
919,",,7,",MXPN,2018-10-11T00:00:00,GHCND:USC00459200,183
920,"T,,7,0800",PRCP,2018-10-11T00:00:00,GHCND:USC00459200,0
921,",,7,0800",TMAX,2018-10-11T00:00:00,GHCND:USC00459200,161
922,",,7,0800",TMIN,2018-10-11T00:00:00,GHCND:USC00459200,0
923,",,7,0800",TOBS,2018-10-11T00:00:00,GHCND:USC00459200,0
924,",,7,",WDMV,2018-10-11T00:00:00,GHCND:USC00459200,21
925,",,W,",AWND,2018-10-11T00:00:00,GHCND:USW00024160,19
926,",,W,",PRCP,2018-10-11T00:00:00,GHCND:USW00024160,0
927,",,W,",SNOW,2018-10-11T00:00:00,GHCND:USW00024160,0
928,",,W,",SNWD,2018-10-11T00:00:00,GHCND:USW00024160,0
929,",,W,",TMAX,2018-10-11T00:00:00,GHCND:USW00024160,161
930,",,W,",TMIN,2018-10-11T00:00:00,GHCND:USW00024160,39
931,",,W,",WDF2,2018-10-11T00:00:00,GHCND:USW00024160,120
932,",,W,",WDF5,2018-10-11T00:00:00,GHCND:USW00024160,260
933,",,W,",WSF2,2018-10-11T00:00:00,GHCND:USW00024160,40
934,",,W,",WSF5,2018-10-11T00:00:00,GHCND:USW00024160,54
935,",,N,",PRCP,2018-10-12T00:00:00,GHCND:US1WAWW0009,0
936,",,N,",SNOW,2018-10-12T00:00:00,GHCND:US1WAWW0009,0
937,",,N,",PRCP,2018-10-12T00:00:00,GHCND:US1WAWW0014,0
938,",,7,0900",PRCP,2018-10-12T00:00:00,GHCND:USC00355593,0
939,",,7,0900",TMAX,2018-10-12T00:00:00,GHCND:USC00355593,222
940,",,7,0900",TMIN,2018-10-12T00:00:00,GHCND:USC00355593,83
941,",,7,0900",TOBS,2018-10-12T00:00:00,GHCND:USC00355593,100
942,",,7,1700",PRCP,2018-10-12T00:00:00,GHCND:USC00454679,0
943,",,7,",SNOW,2018-10-12T00:00:00,GHCND:USC00454679,0
944,",,7,1700",TMAX,2018-10-12T00:00:00,GHCND:USC00454679,183
945,",,7,1700",TMIN,2018-10-12T00:00:00,GHCND:USC00454679,11
946,",,7,1700",TOBS,2018-10-12T00:00:00,GHCND:USC00454679,178
947,",,7,0800",PRCP,2018-10-12T00:00:00,GHCND:USC00455387,0
948,",,7,0800",EVAP,2018-10-12T00:00:00,GHCND:USC00459200,18
949,",,7,",MNPN,2018-10-12T00:00:00,GHCND:USC00459200,61
950,",,7,",MXPN,2018-10-12T00:00:00,GHCND:USC00459200,183
951,"T,,7,0800",PRCP,2018-10-12T00:00:00,GHCND:USC00459200,0
952,",,7,0800",TMAX,2018-10-12T00:00:00,GHCND:USC00459200,178
953,",,7,0800",TMIN,2018-10-12T00:00:00,GHCND:USC00459200,-6
954,",,7,0800",TOBS,2018-10-12T00:00:00,GHCND:USC00459200,6
955,",,7,",WDMV,2018-10-12T00:00:00,GHCND:USC00459200,18
956,",,W,",AWND,2018-10-12T00:00:00,GHCND:USW00024160,33
957,",,W,",PRCP,2018-10-12T00:00:00,GHCND:USW00024160,0
958,",,W,",SNOW,2018-10-12T00:00:00,GHCND:USW00024160,0
959,",,W,",SNWD,2018-10-12T00:00:00,GHCND:USW00024160,0
960,",,W,",TMAX,2018-10-12T00:00:00,GHCND:USW00024160,217
961,",,W,",TMIN,2018-10-12T00:00:00,GHCND:USW00024160,56
962,",,W,",WDF2,2018-10-12T00:00:00,GHCND:USW00024160,220
963,",,W,",WDF5,2018-10-12T00:00:00,GHCND:USW00024160,210
964,",,W,",WSF2,2018-10-12T00:00:00,GHCND:USW00024160,98
965,",,W,",WSF5,2018-10-12T00:00:00,GHCND:USW00024160,125
966,",,N,",PRCP,2018-10-13T00:00:00,GHCND:US1WAWW0009,0
967,",,N,",SNOW,2018-10-13T00:00:00,GHCND:US1WAWW0009,0
968,",,N,",PRCP,2018-10-13T00:00:00,GHCND:US1WAWW0014,0
969,",,7,0900",PRCP,2018-10-13T00:00:00,GHCND:USC00355593,0
970,",,7,0900",TMAX,2018-10-13T00:00:00,GHCND:USC00355593,222
971,",,7,0900",TMIN,2018-10-13T00:00:00,GHCND:USC00355593,33
972,",,7,1700",PRCP,2018-10-13T00:00:00,GHCND:USC00454679,0
973,",,7,",SNOW,2018-10-13T00:00:00,GHCND:USC00454679,0
974,",,7,1700",TMAX,2018-10-13T00:00:00,GHCND:USC00454679,178
975,",,7,1700",TMIN,2018-10-13T00:00:00,GHCND:USC00454679,33
976,",,7,1700",TOBS,2018-10-13T00:00:00,GHCND:USC00454679,150
977,",,7,0800",EVAP,2018-10-13T00:00:00,GHCND:USC00459200,23
978,",,7,",MNPN,2018-10-13T00:00:00,GHCND:USC00459200,67
979,",,7,",MXPN,2018-10-13T00:00:00,GHCND:USC00459200,189
980,",,7,0800",PRCP,2018-10-13T00:00:00,GHCND:USC00459200,0
981,",,7,0800",TMAX,2018-10-13T00:00:00,GHCND:USC00459200,222
982,",,7,0800",TMIN,2018-10-13T00:00:00,GHCND:USC00459200,0
983,",,7,0800",TOBS,2018-10-13T00:00:00,GHCND:USC00459200,11
984,",,7,",WDMV,2018-10-13T00:00:00,GHCND:USC00459200,29
985,",,W,",AWND,2018-10-13T00:00:00,GHCND:USW00024160,23
986,",,W,",PRCP,2018-10-13T00:00:00,GHCND:USW00024160,0
987,",,W,",SNOW,2018-10-13T00:00:00,GHCND:USW00024160,0
988,",,W,",SNWD,2018-10-13T00:00:00,GHCND:USW00024160,0
989,",,W,",TMAX,2018-10-13T00:00:00,GHCND:USW00024160,161
990,",,W,",TMIN,2018-10-13T00:00:00,GHCND:USW00024160,44
991,",,W,",WDF2,2018-10-13T00:00:00,GHCND:USW00024160,90
992,",,W,",WDF5,2018-10-13T00:00:00,GHCND:USW00024160,90
993,",,W,",WSF2,2018-10-13T00:00:00,GHCND:USW00024160,58
994,",,W,",WSF5,2018-10-13T00:00:00,GHCND:USW00024160,63
995,",,N,",PRCP,2018-10-14T00:00:00,GHCND:US1WAWW0009,0
996,",,N,",SNOW,2018-10-14T00:00:00,GHCND:US1WAWW0009,0
997,",,N,",PRCP,2018-10-14T00:00:00,GHCND:US1WAWW0014,0
998,",,7,0900",PRCP,2018-10-14T00:00:00,GHCND:USC00355593,0
999,",,7,0900",TMAX,2018-10-14T00:00:00,GHCND:USC00355593,172
0,",,7,0900",TMIN,2018-10-14T00:00:00,GHCND:USC00355593,28
1,",,7,1700",PRCP,2018-10-14T00:00:00,GHCND:USC00454679,0
2,",,7,",SNOW,2018-10-14T00:00:00,GHCND:USC00454679,0
3,",,7,1700",TMAX,2018-10-14T00:00:00,GHCND:USC00454679,150
4,",,7,1700",TMIN,2018-10-14T00:00:00,GHCND:USC00454679,-33
5,",,7,1700",TOBS,2018-10-14T00:00:00,GHCND:USC00454679,139
6,",,W,",AWND,2018-10-14T00:00:00,GHCND:USW00024160,24
7,",,W,",PRCP,2018-10-14T00:00:00,GHCND:USW00024160,0
8,",,W,",SNOW,2018-10-14T00:00:00,GHCND:USW00024160,0
9,",,W,",SNWD,2018-10-14T00:00:00,GHCND:USW00024160,0
10,",,W,",TMAX,2018-10-14T00:00:00,GHCND:USW00024160,156
11,",,W,",TMIN,2018-10-14T00:00:00,GHCND:USW00024160,28
12,",,W,",WDF2,2018-10-14T00:00:00,GHCND:USW00024160,90
13,",,W,",WDF5,2018-10-14T00:00:00,GHCND:USW00024160,270
14,",,W,",WSF2,2018-10-14T00:00:00,GHCND:USW00024160,45
15,",,W,",WSF5,2018-10-14T00:00:00,GHCND:USW00024160,58
16,",,N,",PRCP,2018-10-15T00:00:00,GHCND:US1WAWW0009,0
17,",,N,",SNOW,2018-10-15T00:00:00,GHCND:US1WAWW0009,0
18,",,N,",PRCP,2018-10-15T00:00:00,GHCND:US1WAWW0014,0
19,",,7,0900",PRCP,2018-10-15T00:00:00,GHCND:USC00355593,0
20,",,7,0900",TMAX,2018-10-15T00:00:00,GHCND:USC00355593,172
21,",,7,0900",TMIN,2018-10-15T00:00:00,GHCND:USC00355593,22
22,",,7,0900",TOBS,2018-10-15T00:00:00,GHCND:USC00355593,83
23,",,7,1700",PRCP,2018-10-15T00:00:00,GHCND:USC00454679,0
24,",,7,",SNOW,2018-10-15T00:00:00,GHCND:USC00454679,0
25,",,7,1700",TMAX,2018-10-15T00:00:00,GHCND:USC00454679,172
26,",,7,1700",TMIN,2018-10-15T00:00:00,GHCND:USC00454679,-28
27,",,7,1700",TOBS,2018-10-15T00:00:00,GHCND:USC00454679,161
28,",,7,0800",PRCP,2018-10-15T00:00:00,GHCND:USC00455387,0
29,",,H,0400",SNWD,2018-10-15T00:00:00,GHCND:USC00458932,0
30,",,W,",AWND,2018-10-15T00:00:00,GHCND:USW00024160,17
31,",,W,",PRCP,2018-10-15T00:00:00,GHCND:USW00024160,0
32,",,W,",SNOW,2018-10-15T00:00:00,GHCND:USW00024160,0
33,",,W,",SNWD,2018-10-15T00:00:00,GHCND:USW00024160,0
34,",,W,",TMAX,2018-10-15T00:00:00,GHCND:USW00024160,183
35,",,W,",TMIN,2018-10-15T00:00:00,GHCND:USW00024160,28
36,",,W,",WDF2,2018-10-15T00:00:00,GHCND:USW00024160,80
37,",,W,",WDF5,2018-10-15T00:00:00,GHCND:USW00024160,100
38,",,W,",WSF2,2018-10-15T00:00:00,GHCND:USW00024160,40
39,",,W,",WSF5,2018-10-15T00:00:00,GHCND:USW00024160,45
40,",,N,",PRCP,2018-10-16T00:00:00,GHCND:US1WAWW0009,0
41,",,N,",SNOW,2018-10-16T00:00:00,GHCND:US1WAWW0009,0
42,",,N,",PRCP,2018-10-16T00:00:00,GHCND:US1WAWW0014,0
43,",,7,0900",PRCP,2018-10-16T00:00:00,GHCND:USC00355593,0
44,",,7,0900",TMAX,2018-10-16T00:00:00,GHCND:USC00355593,172
45,",,7,0900",TMIN,2018-10-16T00:00:00,GHCND:USC00355593,28
46,",,7,0900",TOBS,2018-10-16T00:00:00,GHCND:USC00355593,83
47,",,7,1700",PRCP,2018-10-16T00:00:00,GHCND:USC00454679,0
48,",,7,",SNOW,2018-10-16T00:00:00,GHCND:USC00454679,0
49,",,7,1700",TMAX,2018-10-16T00:00:00,GHCND:USC00454679,189
50,",,7,1700",TMIN,2018-10-16T00:00:00,GHCND:USC00454679,-17
51,",,7,1700",TOBS,2018-10-16T00:00:00,GHCND:USC00454679,189
52,",,7,0800",PRCP,2018-10-16T00:00:00,GHCND:USC00455387,0
53,",,H,0400",PRCP,2018-10-16T00:00:00,GHCND:USC00458932,0
54,",,H,",SNOW,2018-10-16T00:00:00,GHCND:USC00458932,0
55,",,H,0400",SNWD,2018-10-16T00:00:00,GHCND:USC00458932,0
56,",,7,",DAPR,2018-10-16T00:00:00,GHCND:USC00459200,3
57,"T,,7,",MDPR,2018-10-16T00:00:00,GHCND:USC00459200,0
58,",,7,0800",TMAX,2018-10-16T00:00:00,GHCND:USC00459200,194
59,",,7,0800",TMIN,2018-10-16T00:00:00,GHCND:USC00459200,-28
60,",,7,0800",TOBS,2018-10-16T00:00:00,GHCND:USC00459200,-22
61,",,7,",WDMV,2018-10-16T00:00:00,GHCND:USC00459200,50
62,",,W,",AWND,2018-10-16T00:00:00,GHCND:USW00024160,17
63,",,W,",PRCP,2018-10-16T00:00:00,GHCND:USW00024160,0
64,",,W,",SNOW,2018-10-16T00:00:00,GHCND:USW00024160,0
65,",,W,",SNWD,2018-10-16T00:00:00,GHCND:USW00024160,0
66,",,W,",TMAX,2018-10-16T00:00:00,GHCND:USW00024160,178
67,",,W,",TMIN,2018-10-16T00:00:00,GHCND:USW00024160,33
68,",,W,",WDF2,2018-10-16T00:00:00,GHCND:USW00024160,90
69,",,W,",WDF5,2018-10-16T00:00:00,GHCND:USW00024160,90
70,",,W,",WSF2,2018-10-16T00:00:00,GHCND:USW00024160,45
71,",,W,",WSF5,2018-10-16T00:00:00,GHCND:USW00024160,49
72,",,N,",PRCP,2018-10-17T00:00:00,GHCND:US1WAWW0009,0
73,",,N,",SNOW,2018-10-17T00:00:00,GHCND:US1WAWW0009,0
74,",,N,",PRCP,2018-10-17T00:00:00,GHCND:US1WAWW0014,0
75,",,7,0900",PRCP,2018-10-17T00:00:00,GHCND:USC00355593,0
76,",,7,0900",TMAX,2018-10-17T00:00:00,GHCND:USC00355593,172
77,",,7,0900",TMIN,2018-10-17T00:00:00,GHCND:USC00355593,33
78,",,7,0900",TOBS,2018-10-17T00:00:00,GHCND:USC00355593,72
79,",,7,1700",PRCP,2018-10-17T00:00:00,GHCND:USC00454679,0
80,",,7,",SNOW,2018-10-17T00:00:00,GHCND:USC00454679,0
81,",,7,1700",TMAX,2018-10-17T00:00:00,GHCND:USC00454679,189
82,",,7,1700",TMIN,2018-10-17T00:00:00,GHCND:USC00454679,0
83,",,7,1700",TOBS,2018-10-17T00:00:00,GHCND:USC00454679,183
84,",,7,0800",PRCP,2018-10-17T00:00:00,GHCND:USC00455387,0
85,",,H,0400",PRCP,2018-10-17T00:00:00,GHCND:USC00458932,0
86,",,H,",SNOW,2018-10-17T00:00:00,GHCND:USC00458932,0
87,",,H,0400",SNWD,2018-10-17T00:00:00,GHCND:USC00458932,0
88,"T,,7,0800",PRCP,2018-10-17T00:00:00,GHCND:USC00459200,0
89,",,7,0800",TMAX,2018-10-17T00:00:00,GHCND:USC00459200,172
90,",,7,0800",TMIN,2018-10-17T00:00:00,GHCND:USC00459200,-28
91,",,7,0800",TOBS,2018-10-17T00:00:00,GHCND:USC00459200,-17
92,",,7,",WDMV,2018-10-17T00:00:00,GHCND:USC00459200,13
93,",,W,",AWND,2018-10-17T00:00:00,GHCND:USW00024160,16
94,",,W,",PRCP,2018-10-17T00:00:00,GHCND:USW00024160,0
95,",,W,",SNOW,2018-10-17T00:00:00,GHCND:USW00024160,0
96,",,W,",SNWD,2018-10-17T00:00:00,GHCND:USW00024160,0
97,",,W,",TMAX,2018-10-17T00:00:00,GHCND:USW00024160,167
98,",,W,",TMIN,2018-10-17T00:00:00,GHCND:USW00024160,39
99,",,W,",WDF2,2018-10-17T00:00:00,GHCND:USW00024160,90
100,",,W,",WDF5,2018-10-17T00:00:00,GHCND:USW00024160,360
101,",,W,",WSF2,2018-10-17T00:00:00,GHCND:USW00024160,40
102,",,W,",WSF5,2018-10-17T00:00:00,GHCND:USW00024160,63
103,",,N,",PRCP,2018-10-18T00:00:00,GHCND:US1WAWW0009,0
104,",,N,",SNOW,2018-10-18T00:00:00,GHCND:US1WAWW0009,0
105,",,N,",PRCP,2018-10-18T00:00:00,GHCND:US1WAWW0014,0
106,",,7,0900",PRCP,2018-10-18T00:00:00,GHCND:USC00355593,0
107,",,7,0900",TMAX,2018-10-18T00:00:00,GHCND:USC00355593,183
108,",,7,0900",TMIN,2018-10-18T00:00:00,GHCND:USC00355593,28
109,",,7,0900",TOBS,2018-10-18T00:00:00,GHCND:USC00355593,78
110,",,7,1700",PRCP,2018-10-18T00:00:00,GHCND:USC00454679,0
111,",,7,",SNOW,2018-10-18T00:00:00,GHCND:USC00454679,0
112,",,7,1700",TMAX,2018-10-18T00:00:00,GHCND:USC00454679,183
113,",,7,1700",TMIN,2018-10-18T00:00:00,GHCND:USC00454679,-28
114,",,7,1700",TOBS,2018-10-18T00:00:00,GHCND:USC00454679,178
115,",,7,0800",PRCP,2018-10-18T00:00:00,GHCND:USC00455387,0
116,",,H,0400",PRCP,2018-10-18T00:00:00,GHCND:USC00458932,0
117,",,H,",SNOW,2018-10-18T00:00:00,GHCND:USC00458932,0
118,",,H,0400",SNWD,2018-10-18T00:00:00,GHCND:USC00458932,0
119,",,7,0800",PRCP,2018-10-18T00:00:00,GHCND:USC00459200,0
120,",,7,0800",TMAX,2018-10-18T00:00:00,GHCND:USC00459200,172
121,",,7,0800",TMIN,2018-10-18T00:00:00,GHCND:USC00459200,-22
122,",,7,0800",TOBS,2018-10-18T00:00:00,GHCND:USC00459200,-11
123,",,7,",WDMV,2018-10-18T00:00:00,GHCND:USC00459200,19
124,",,W,",AWND,2018-10-18T00:00:00,GHCND:USW00024160,13
125,",,W,",PRCP,2018-10-18T00:00:00,GHCND:USW00024160,0
126,",,W,",SNOW,2018-10-18T00:00:00,GHCND:USW00024160,0
127,",,W,",SNWD,2018-10-18T00:00:00,GHCND:USW00024160,0
128,",,W,",TMAX,2018-10-18T00:00:00,GHCND:USW00024160,194
129,",,W,",TMIN,2018-10-18T00:00:00,GHCND:USW00024160,44
130,",,W,",WDF2,2018-10-18T00:00:00,GHCND:USW00024160,80
131,",,W,",WDF5,2018-10-18T00:00:00,GHCND:USW00024160,90
132,",,W,",WSF2,2018-10-18T00:00:00,GHCND:USW00024160,58
133,",,W,",WSF5,2018-10-18T00:00:00,GHCND:USW00024160,63
134,",,W,",WT08,2018-10-18T00:00:00,GHCND:USW00024160,1
135,",,N,",PRCP,2018-10-19T00:00:00,GHCND:US1WAWW0009,0
136,",,N,",SNOW,2018-10-19T00:00:00,GHCND:US1WAWW0009,0
137,",,N,",PRCP,2018-10-19T00:00:00,GHCND:US1WAWW0014,0
138,",,7,0900",PRCP,2018-10-19T00:00:00,GHCND:USC00355593,0
139,",,7,0900",TMAX,2018-10-19T00:00:00,GHCND:USC00355593,172
140,",,7,0900",TMIN,2018-10-19T00:00:00,GHCND:USC00355593,28
141,",,7,0900",TOBS,2018-10-19T00:00:00,GHCND:USC00355593,28
142,",,7,1700",PRCP,2018-10-19T00:00:00,GHCND:USC00454679,0
143,",,7,",SNOW,2018-10-19T00:00:00,GHCND:USC00454679,0
144,",,7,1700",TMAX,2018-10-19T00:00:00,GHCND:USC00454679,206
145,",,7,1700",TMIN,2018-10-19T00:00:00,GHCND:USC00454679,11
146,",,7,1700",TOBS,2018-10-19T00:00:00,GHCND:USC00454679,200
147,",,7,0800",PRCP,2018-10-19T00:00:00,GHCND:USC00455387,0
148,"T,,7,0800",PRCP,2018-10-19T00:00:00,GHCND:USC00459200,0
149,",,7,0800",TMAX,2018-10-19T00:00:00,GHCND:USC00459200,189
150,",,7,0800",TMIN,2018-10-19T00:00:00,GHCND:USC00459200,-28
151,",,7,0800",TOBS,2018-10-19T00:00:00,GHCND:USC00459200,-6
152,",,7,",WDMV,2018-10-19T00:00:00,GHCND:USC00459200,0
153,",,W,",AWND,2018-10-19T00:00:00,GHCND:USW00024160,18
154,",,W,",PRCP,2018-10-19T00:00:00,GHCND:USW00024160,0
155,",,W,",SNOW,2018-10-19T00:00:00,GHCND:USW00024160,0
156,",,W,",SNWD,2018-10-19T00:00:00,GHCND:USW00024160,0
157,",,W,",TMAX,2018-10-19T00:00:00,GHCND:USW00024160,194
158,",,W,",TMIN,2018-10-19T00:00:00,GHCND:USW00024160,56
159,",,W,",WDF2,2018-10-19T00:00:00,GHCND:USW00024160,90
160,",,W,",WDF5,2018-10-19T00:00:00,GHCND:USW00024160,90
161,",,W,",WSF2,2018-10-19T00:00:00,GHCND:USW00024160,45
162,",,W,",WSF5,2018-10-19T00:00:00,GHCND:USW00024160,54
163,",,N,",PRCP,2018-10-20T00:00:00,GHCND:US1WAWW0009,0
164,",,N,",SNOW,2018-10-20T00:00:00,GHCND:US1WAWW0009,0
165,",,N,",PRCP,2018-10-20T00:00:00,GHCND:US1WAWW0014,0
166,",,7,0900",PRCP,2018-10-20T00:00:00,GHCND:USC00355593,0
167,",,7,0900",TMAX,2018-10-20T00:00:00,GHCND:USC00355593,172
168,",,7,0900",TMIN,2018-10-20T00:00:00,GHCND:USC00355593,28
169,",,7,1700",PRCP,2018-10-20T00:00:00,GHCND:USC00454679,0
170,",,7,",SNOW,2018-10-20T00:00:00,GHCND:USC00454679,0
171,",,7,1700",TMAX,2018-10-20T00:00:00,GHCND:USC00454679,206
172,",,7,1700",TMIN,2018-10-20T00:00:00,GHCND:USC00454679,-39
173,",,7,1700",TOBS,2018-10-20T00:00:00,GHCND:USC00454679,178
174,"T,,7,0800",PRCP,2018-10-20T00:00:00,GHCND:USC00459200,0
175,",,7,0800",TMAX,2018-10-20T00:00:00,GHCND:USC00459200,183
176,",,7,0800",TMIN,2018-10-20T00:00:00,GHCND:USC00459200,-17
177,",,7,0800",TOBS,2018-10-20T00:00:00,GHCND:USC00459200,-11
178,",,7,",WDMV,2018-10-20T00:00:00,GHCND:USC00459200,14
179,",,W,",AWND,2018-10-20T00:00:00,GHCND:USW00024160,15
180,",,W,",PRCP,2018-10-20T00:00:00,GHCND:USW00024160,0
181,",,W,",SNOW,2018-10-20T00:00:00,GHCND:USW00024160,0
182,",,W,",SNWD,2018-10-20T00:00:00,GHCND:USW00024160,0
183,",,W,",TMAX,2018-10-20T00:00:00,GHCND:USW00024160,183
184,",,W,",TMIN,2018-10-20T00:00:00,GHCND:USW00024160,50
185,",,W,",WDF2,2018-10-20T00:00:00,GHCND:USW00024160,260
186,",,W,",WDF5,2018-10-20T00:00:00,GHCND:USW00024160,290
187,",,W,",WSF2,2018-10-20T00:00:00,GHCND:USW00024160,31
188,",,W,",WSF5,2018-10-20T00:00:00,GHCND:USW00024160,36
189,",,N,",PRCP,2018-10-21T00:00:00,GHCND:US1WAWW0009,0
190,",,N,",PRCP,2018-10-21T00:00:00,GHCND:US1WAWW0014,0
191,",,7,0900",PRCP,2018-10-21T00:00:00,GHCND:USC00355593,0
192,",,7,0900",TMAX,2018-10-21T00:00:00,GHCND:USC00355593,161
193,",,7,0900",TMIN,2018-10-21T00:00:00,GHCND:USC00355593,33
194,",,7,1700",PRCP,2018-10-21T00:00:00,GHCND:USC00454679,0
195,",,7,",SNOW,2018-10-21T00:00:00,GHCND:USC00454679,0
196,",,7,1700",TMAX,2018-10-21T00:00:00,GHCND:USC00454679,200
197,",,7,1700",TMIN,2018-10-21T00:00:00,GHCND:USC00454679,6
198,",,7,1700",TOBS,2018-10-21T00:00:00,GHCND:USC00454679,194
199,",,W,",AWND,2018-10-21T00:00:00,GHCND:USW00024160,17
200,",,W,",PRCP,2018-10-21T00:00:00,GHCND:USW00024160,0
201,",,W,",SNOW,2018-10-21T00:00:00,GHCND:USW00024160,0
202,",,W,",SNWD,2018-10-21T00:00:00,GHCND:USW00024160,0
203,",,W,",TMAX,2018-10-21T00:00:00,GHCND:USW00024160,167
204,",,W,",TMIN,2018-10-21T00:00:00,GHCND:USW00024160,50
205,",,W,",WDF2,2018-10-21T00:00:00,GHCND:USW00024160,280
206,",,W,",WDF5,2018-10-21T00:00:00,GHCND:USW00024160,270
207,",,W,",WSF2,2018-10-21T00:00:00,GHCND:USW00024160,40
208,",,W,",WSF5,2018-10-21T00:00:00,GHCND:USW00024160,58
209,",,N,",PRCP,2018-10-22T00:00:00,GHCND:US1WAWW0009,0
210,",,N,",SNOW,2018-10-22T00:00:00,GHCND:US1WAWW0009,0
211,",,7,0900",PRCP,2018-10-22T00:00:00,GHCND:USC00355593,0
212,",,7,0900",TMAX,2018-10-22T00:00:00,GHCND:USC00355593,161
213,",,7,0900",TMIN,2018-10-22T00:00:00,GHCND:USC00355593,56
214,",,7,0900",TOBS,2018-10-22T00:00:00,GHCND:USC00355593,89
215,",,7,1700",PRCP,2018-10-22T00:00:00,GHCND:USC00454679,0
216,",,7,",SNOW,2018-10-22T00:00:00,GHCND:USC00454679,0
217,",,7,1700",TMAX,2018-10-22T00:00:00,GHCND:USC00454679,194
218,",,7,1700",TMIN,2018-10-22T00:00:00,GHCND:USC00454679,-17
219,",,7,1700",TOBS,2018-10-22T00:00:00,GHCND:USC00454679,189
220,",,7,0800",PRCP,2018-10-22T00:00:00,GHCND:USC00455387,0
221,",,H,0400",SNWD,2018-10-22T00:00:00,GHCND:USC00458932,0
222,",,7,",DAPR,2018-10-22T00:00:00,GHCND:USC00459200,2
223,"T,,7,",MDPR,2018-10-22T00:00:00,GHCND:USC00459200,0
224,",,7,0800",TMAX,2018-10-22T00:00:00,GHCND:USC00459200,183
225,",,7,0800",TMIN,2018-10-22T00:00:00,GHCND:USC00459200,-17
226,",,7,0800",TOBS,2018-10-22T00:00:00,GHCND:USC00459200,-11
227,",,7,",WDMV,2018-10-22T00:00:00,GHCND:USC00459200,29
228,",,W,",AWND,2018-10-22T00:00:00,GHCND:USW00024160,17
229,",,W,",PRCP,2018-10-22T00:00:00,GHCND:USW00024160,0
230,",,W,",SNOW,2018-10-22T00:00:00,GHCND:USW00024160,0
231,",,W,",SNWD,2018-10-22T00:00:00,GHCND:USW00024160,0
232,",,W,",TMAX,2018-10-22T00:00:00,GHCND:USW00024160,167
233,",,W,",TMIN,2018-10-22T00:00:00,GHCND:USW00024160,44
234,",,W,",WDF2,2018-10-22T00:00:00,GHCND:USW00024160,90
235,",,W,",WDF5,2018-10-22T00:00:00,GHCND:USW00024160,90
236,",,W,",WSF2,2018-10-22T00:00:00,GHCND:USW00024160,40
237,",,W,",WSF5,2018-10-22T00:00:00,GHCND:USW00024160,40
238,",,N,",PRCP,2018-10-23T00:00:00,GHCND:US1WAWW0009,0
239,",,N,",SNOW,2018-10-23T00:00:00,GHCND:US1WAWW0009,0
240,",,7,0900",PRCP,2018-10-23T00:00:00,GHCND:USC00355593,0
241,",,7,0900",TMAX,2018-10-23T00:00:00,GHCND:USC00355593,178
242,",,7,0900",TMIN,2018-10-23T00:00:00,GHCND:USC00355593,89
243,",,7,0900",TOBS,2018-10-23T00:00:00,GHCND:USC00355593,94
244,",,7,1700",PRCP,2018-10-23T00:00:00,GHCND:USC00454679,0
245,",,7,",SNOW,2018-10-23T00:00:00,GHCND:USC00454679,0
246,",,7,1700",TMAX,2018-10-23T00:00:00,GHCND:USC00454679,194
247,",,7,1700",TMIN,2018-10-23T00:00:00,GHCND:USC00454679,11
248,",,7,1700",TOBS,2018-10-23T00:00:00,GHCND:USC00454679,144
249,",,7,0800",PRCP,2018-10-23T00:00:00,GHCND:USC00455387,0
250,"T,,7,0800",PRCP,2018-10-23T00:00:00,GHCND:USC00459200,0
251,",,7,0800",TMAX,2018-10-23T00:00:00,GHCND:USC00459200,167
252,",,7,0800",TMIN,2018-10-23T00:00:00,GHCND:USC00459200,-17
253,",,7,0800",TOBS,2018-10-23T00:00:00,GHCND:USC00459200,33
254,",,7,",WDMV,2018-10-23T00:00:00,GHCND:USC00459200,16
255,",,W,",AWND,2018-10-23T00:00:00,GHCND:USW00024160,20
256,",,W,",PRCP,2018-10-23T00:00:00,GHCND:USW00024160,0
257,",,W,",SNOW,2018-10-23T00:00:00,GHCND:USW00024160,0
258,",,W,",SNWD,2018-10-23T00:00:00,GHCND:USW00024160,0
259,",,W,",TMAX,2018-10-23T00:00:00,GHCND:USW00024160,172
260,",,W,",TMIN,2018-10-23T00:00:00,GHCND:USW00024160,78
261,",,W,",WDF2,2018-10-23T00:00:00,GHCND:USW00024160,190
262,",,W,",WDF5,2018-10-23T00:00:00,GHCND:USW00024160,190
263,",,W,",WSF2,2018-10-23T00:00:00,GHCND:USW00024160,63
264,",,W,",WSF5,2018-10-23T00:00:00,GHCND:USW00024160,72
265,",,N,",PRCP,2018-10-24T00:00:00,GHCND:US1WAWW0009,0
266,",,N,",SNOW,2018-10-24T00:00:00,GHCND:US1WAWW0009,0
267,",,N,",PRCP,2018-10-24T00:00:00,GHCND:US1WAWW0014,0
268,",,7,0900",PRCP,2018-10-24T00:00:00,GHCND:USC00355593,0
269,",,7,0900",TMAX,2018-10-24T00:00:00,GHCND:USC00355593,172
270,",,7,0900",TMIN,2018-10-24T00:00:00,GHCND:USC00355593,94
271,",,7,0900",TOBS,2018-10-24T00:00:00,GHCND:USC00355593,122
272,",,7,1700",PRCP,2018-10-24T00:00:00,GHCND:USC00454679,0
273,",,7,",SNOW,2018-10-24T00:00:00,GHCND:USC00454679,0
274,",,7,1700",TMAX,2018-10-24T00:00:00,GHCND:USC00454679,161
275,",,7,1700",TMIN,2018-10-24T00:00:00,GHCND:USC00454679,61
276,",,7,1700",TOBS,2018-10-24T00:00:00,GHCND:USC00454679,139
277,",,7,0800",PRCP,2018-10-24T00:00:00,GHCND:USC00455387,0
278,",,H,0400",PRCP,2018-10-24T00:00:00,GHCND:USC00458932,0
279,",,H,",SNOW,2018-10-24T00:00:00,GHCND:USC00458932,0
280,",,H,0400",SNWD,2018-10-24T00:00:00,GHCND:USC00458932,0
281,",,7,0800",PRCP,2018-10-24T00:00:00,GHCND:USC00459200,0
282,",,7,0800",TMAX,2018-10-24T00:00:00,GHCND:USC00459200,172
283,",,7,0800",TMIN,2018-10-24T00:00:00,GHCND:USC00459200,17
284,",,7,0800",TOBS,2018-10-24T00:00:00,GHCND:USC00459200,106
285,",,7,",WDMV,2018-10-24T00:00:00,GHCND:USC00459200,16
286,",,W,",AWND,2018-10-24T00:00:00,GHCND:USW00024160,30
287,",,W,",PRCP,2018-10-24T00:00:00,GHCND:USW00024160,0
288,",,W,",SNOW,2018-10-24T00:00:00,GHCND:USW00024160,0
289,",,W,",SNWD,2018-10-24T00:00:00,GHCND:USW00024160,0
290,",,W,",TMAX,2018-10-24T00:00:00,GHCND:USW00024160,172
291,",,W,",TMIN,2018-10-24T00:00:00,GHCND:USW00024160,100
292,",,W,",WDF2,2018-10-24T00:00:00,GHCND:USW00024160,190
293,",,W,",WDF5,2018-10-24T00:00:00,GHCND:USW00024160,210
294,",,W,",WSF2,2018-10-24T00:00:00,GHCND:USW00024160,58
295,",,W,",WSF5,2018-10-24T00:00:00,GHCND:USW00024160,81
296,"T,,N,",PRCP,2018-10-25T00:00:00,GHCND:US1WAWW0006,0
297,",,N,",PRCP,2018-10-25T00:00:00,GHCND:US1WAWW0009,0
298,",,N,",SNOW,2018-10-25T00:00:00,GHCND:US1WAWW0009,0
299,",,7,0900",PRCP,2018-10-25T00:00:00,GHCND:USC00355593,0
300,",,7,0900",TMAX,2018-10-25T00:00:00,GHCND:USC00355593,178
301,",,7,0900",TMIN,2018-10-25T00:00:00,GHCND:USC00355593,100
302,",,7,0900",TOBS,2018-10-25T00:00:00,GHCND:USC00355593,150
303,"T,,7,1700",PRCP,2018-10-25T00:00:00,GHCND:USC00454679,0
304,",,7,",SNOW,2018-10-25T00:00:00,GHCND:USC00454679,0
305,",,7,1700",TMAX,2018-10-25T00:00:00,GHCND:USC00454679,139
306,",,7,1700",TMIN,2018-10-25T00:00:00,GHCND:USC00454679,50
307,",,7,1700",TOBS,2018-10-25T00:00:00,GHCND:USC00454679,111
308,",,7,0800",PRCP,2018-10-25T00:00:00,GHCND:USC00455387,0
309,",,H,0400",PRCP,2018-10-25T00:00:00,GHCND:USC00458932,0
310,",,H,",SNOW,2018-10-25T00:00:00,GHCND:USC00458932,0
311,",,H,0400",SNWD,2018-10-25T00:00:00,GHCND:USC00458932,0
312,",,7,0800",PRCP,2018-10-25T00:00:00,GHCND:USC00459200,0
313,",,7,0800",TMAX,2018-10-25T00:00:00,GHCND:USC00459200,178
314,",,7,0800",TMIN,2018-10-25T00:00:00,GHCND:USC00459200,39
315,",,7,0800",TOBS,2018-10-25T00:00:00,GHCND:USC00459200,67
316,",,7,",WDMV,2018-10-25T00:00:00,GHCND:USC00459200,16
317,",,W,",AWND,2018-10-25T00:00:00,GHCND:USW00024160,22
318,"T,,W,",PRCP,2018-10-25T00:00:00,GHCND:USW00024160,0
319,",,W,",SNOW,2018-10-25T00:00:00,GHCND:USW00024160,0
320,",,W,",SNWD,2018-10-25T00:00:00,GHCND:USW00024160,0
321,",,W,",TMAX,2018-10-25T00:00:00,GHCND:USW00024160,194
322,",,W,",TMIN,2018-10-25T00:00:00,GHCND:USW00024160,89
323,",,W,",WDF2,2018-10-25T00:00:00,GHCND:USW00024160,290
324,",,W,",WDF5,2018-10-25T00:00:00,GHCND:USW00024160,280
325,",,W,",WSF2,2018-10-25T00:00:00,GHCND:USW00024160,63
326,",,W,",WSF5,2018-10-25T00:00:00,GHCND:USW00024160,76
327,",,W,",WT08,2018-10-25T00:00:00,GHCND:USW00024160,1
328,",,N,",PRCP,2018-10-26T00:00:00,GHCND:US1WAWW0005,8
329,",,N,",PRCP,2018-10-26T00:00:00,GHCND:US1WAWW0006,8
330,",,N,",PRCP,2018-10-26T00:00:00,GHCND:US1WAWW0009,3
331,",,N,",PRCP,2018-10-26T00:00:00,GHCND:US1WAWW0014,5
332,",,7,0900",PRCP,2018-10-26T00:00:00,GHCND:USC00355593,0
333,",,7,0900",TMAX,2018-10-26T00:00:00,GHCND:USC00355593,183
334,",,7,0900",TMIN,2018-10-26T00:00:00,GHCND:USC00355593,89
335,",,7,0900",TOBS,2018-10-26T00:00:00,GHCND:USC00355593,167
336,",,7,1700",PRCP,2018-10-26T00:00:00,GHCND:USC00454679,28
337,",,7,",SNOW,2018-10-26T00:00:00,GHCND:USC00454679,0
338,",,7,1700",TMAX,2018-10-26T00:00:00,GHCND:USC00454679,156
339,",,7,1700",TMIN,2018-10-26T00:00:00,GHCND:USC00454679,83
340,",,7,1700",TOBS,2018-10-26T00:00:00,GHCND:USC00454679,150
341,",,7,0800",PRCP,2018-10-26T00:00:00,GHCND:USC00455387,10
342,",,H,0400",PRCP,2018-10-26T00:00:00,GHCND:USC00458932,0
343,",,H,",SNOW,2018-10-26T00:00:00,GHCND:USC00458932,0
344,",,H,0400",SNWD,2018-10-26T00:00:00,GHCND:USC00458932,0
345,"T,,7,0800",PRCP,2018-10-26T00:00:00,GHCND:USC00459200,0
346,",,7,0800",TMAX,2018-10-26T00:00:00,GHCND:USC00459200,189
347,",,7,0800",TMIN,2018-10-26T00:00:00,GHCND:USC00459200,61
348,",,7,0800",TOBS,2018-10-26T00:00:00,GHCND:USC00459200,100
349,",,7,",WDMV,2018-10-26T00:00:00,GHCND:USC00459200,14
350,",,W,",AWND,2018-10-26T00:00:00,GHCND:USW00024160,37
351,",,W,",PRCP,2018-10-26T00:00:00,GHCND:USW00024160,53
352,",,W,",SNOW,2018-10-26T00:00:00,GHCND:USW00024160,0
353,",,W,",SNWD,2018-10-26T00:00:00,GHCND:USW00024160,0
354,",,W,",TMAX,2018-10-26T00:00:00,GHCND:USW00024160,200
355,",,W,",TMIN,2018-10-26T00:00:00,GHCND:USW00024160,117
356,",,W,",WDF2,2018-10-26T00:00:00,GHCND:USW00024160,210
357,",,W,",WDF5,2018-10-26T00:00:00,GHCND:USW00024160,210
358,",,W,",WSF2,2018-10-26T00:00:00,GHCND:USW00024160,89
359,",,W,",WSF5,2018-10-26T00:00:00,GHCND:USW00024160,121
360,",,N,",PRCP,2018-10-27T00:00:00,GHCND:US1WAWW0005,74
361,",,N,",PRCP,2018-10-27T00:00:00,GHCND:US1WAWW0009,64
362,",,N,",PRCP,2018-10-27T00:00:00,GHCND:US1WAWW0014,84
363,",,7,0900",PRCP,2018-10-27T00:00:00,GHCND:USC00355593,0
364,",,7,0900",TMAX,2018-10-27T00:00:00,GHCND:USC00355593,183
365,",,7,0900",TMIN,2018-10-27T00:00:00,GHCND:USC00355593,94
366,",,7,1700",PRCP,2018-10-27T00:00:00,GHCND:USC00454679,3
367,",,7,",SNOW,2018-10-27T00:00:00,GHCND:USC00454679,0
368,",,7,1700",TMAX,2018-10-27T00:00:00,GHCND:USC00454679,156
369,",,7,1700",TMIN,2018-10-27T00:00:00,GHCND:USC00454679,11
370,",,7,1700",TOBS,2018-10-27T00:00:00,GHCND:USC00454679,139
371,",,7,0800",PRCP,2018-10-27T00:00:00,GHCND:USC00455387,0
372,",,7,0800",PRCP,2018-10-27T00:00:00,GHCND:USC00459200,56
373,",,7,0800",TMAX,2018-10-27T00:00:00,GHCND:USC00459200,194
374,",,7,0800",TMIN,2018-10-27T00:00:00,GHCND:USC00459200,89
375,",,7,0800",TOBS,2018-10-27T00:00:00,GHCND:USC00459200,89
376,",,7,",WDMV,2018-10-27T00:00:00,GHCND:USC00459200,13
377,",,W,",AWND,2018-10-27T00:00:00,GHCND:USW00024160,31
378,",,W,",PRCP,2018-10-27T00:00:00,GHCND:USW00024160,23
379,",,W,",SNOW,2018-10-27T00:00:00,GHCND:USW00024160,0
380,",,W,",SNWD,2018-10-27T00:00:00,GHCND:USW00024160,0
381,",,W,",TMAX,2018-10-27T00:00:00,GHCND:USW00024160,183
382,",,W,",TMIN,2018-10-27T00:00:00,GHCND:USW00024160,94
383,",,W,",WDF2,2018-10-27T00:00:00,GHCND:USW00024160,40
384,",,W,",WDF5,2018-10-27T00:00:00,GHCND:USW00024160,30
385,",,W,",WSF2,2018-10-27T00:00:00,GHCND:USW00024160,72
386,",,W,",WSF5,2018-10-27T00:00:00,GHCND:USW00024160,81
387,",,N,",PRCP,2018-10-28T00:00:00,GHCND:US1WAWW0005,25
388,",,N,",PRCP,2018-10-28T00:00:00,GHCND:US1WAWW0009,18
389,",,N,",PRCP,2018-10-28T00:00:00,GHCND:US1WAWW0014,28
390,",,7,0900",PRCP,2018-10-28T00:00:00,GHCND:USC00355593,0
391,",,7,0900",TMAX,2018-10-28T00:00:00,GHCND:USC00355593,156
392,",,7,0900",TMIN,2018-10-28T00:00:00,GHCND:USC00355593,89
393,",,7,1700",PRCP,2018-10-28T00:00:00,GHCND:USC00454679,38
394,",,7,",SNOW,2018-10-28T00:00:00,GHCND:USC00454679,0
395,",,7,1700",TMAX,2018-10-28T00:00:00,GHCND:USC00454679,139
396,",,7,1700",TMIN,2018-10-28T00:00:00,GHCND:USC00454679,72
397,",,7,1700",TOBS,2018-10-28T00:00:00,GHCND:USC00454679,133
398,",,7,0800",PRCP,2018-10-28T00:00:00,GHCND:USC00455387,0
399,",,7,0800",PRCP,2018-10-28T00:00:00,GHCND:USC00459200,13
400,",,7,0800",TMAX,2018-10-28T00:00:00,GHCND:USC00459200,189
401,",,7,0800",TMIN,2018-10-28T00:00:00,GHCND:USC00459200,61
402,",,7,0800",TOBS,2018-10-28T00:00:00,GHCND:USC00459200,94
403,",,W,",AWND,2018-10-28T00:00:00,GHCND:USW00024160,41
404,",,W,",PRCP,2018-10-28T00:00:00,GHCND:USW00024160,25
405,",,W,",SNOW,2018-10-28T00:00:00,GHCND:USW00024160,0
406,",,W,",SNWD,2018-10-28T00:00:00,GHCND:USW00024160,0
407,",,W,",TMAX,2018-10-28T00:00:00,GHCND:USW00024160,150
408,",,W,",TMIN,2018-10-28T00:00:00,GHCND:USW00024160,83
409,",,W,",WDF2,2018-10-28T00:00:00,GHCND:USW00024160,170
410,",,W,",WDF5,2018-10-28T00:00:00,GHCND:USW00024160,170
411,",,W,",WSF2,2018-10-28T00:00:00,GHCND:USW00024160,76
412,",,W,",WSF5,2018-10-28T00:00:00,GHCND:USW00024160,94
413,",,W,",WT01,2018-10-28T00:00:00,GHCND:USW00024160,1
414,",,N,",PRCP,2018-10-29T00:00:00,GHCND:US1WAWW0005,74
415,",,N,",PRCP,2018-10-29T00:00:00,GHCND:US1WAWW0009,71
416,",,N,",PRCP,2018-10-29T00:00:00,GHCND:US1WAWW0014,69
417,",,7,0900",PRCP,2018-10-29T00:00:00,GHCND:USC00355593,114
418,",,7,0900",TMAX,2018-10-29T00:00:00,GHCND:USC00355593,144
419,",,7,0900",TMIN,2018-10-29T00:00:00,GHCND:USC00355593,83
420,",,7,0900",TOBS,2018-10-29T00:00:00,GHCND:USC00355593,94
421,"T,,7,1700",PRCP,2018-10-29T00:00:00,GHCND:USC00454679,0
422,",,7,",SNOW,2018-10-29T00:00:00,GHCND:USC00454679,0
423,",,7,1700",TMAX,2018-10-29T00:00:00,GHCND:USC00454679,133
424,",,7,1700",TMIN,2018-10-29T00:00:00,GHCND:USC00454679,39
425,",,7,1700",TOBS,2018-10-29T00:00:00,GHCND:USC00454679,122
426,",,7,0800",PRCP,2018-10-29T00:00:00,GHCND:USC00455387,198
427,",,H,0400",SNWD,2018-10-29T00:00:00,GHCND:USC00458932,0
428,",,7,0800",PRCP,2018-10-29T00:00:00,GHCND:USC00459200,61
429,",,7,0800",TMAX,2018-10-29T00:00:00,GHCND:USC00459200,189
430,",,7,0800",TMIN,2018-10-29T00:00:00,GHCND:USC00459200,61
431,",,7,0800",TOBS,2018-10-29T00:00:00,GHCND:USC00459200,72
432,",,7,",WDMV,2018-10-29T00:00:00,GHCND:USC00459200,35
433,",,W,",AWND,2018-10-29T00:00:00,GHCND:USW00024160,47
434,",,W,",PRCP,2018-10-29T00:00:00,GHCND:USW00024160,69
435,",,W,",SNOW,2018-10-29T00:00:00,GHCND:USW00024160,0
436,",,W,",SNWD,2018-10-29T00:00:00,GHCND:USW00024160,0
437,",,W,",TMAX,2018-10-29T00:00:00,GHCND:USW00024160,144
438,",,W,",TMIN,2018-10-29T00:00:00,GHCND:USW00024160,78
439,",,W,",WDF2,2018-10-29T00:00:00,GHCND:USW00024160,240
440,",,W,",WDF5,2018-10-29T00:00:00,GHCND:USW00024160,240
441,",,W,",WSF2,2018-10-29T00:00:00,GHCND:USW00024160,94
442,",,W,",WSF5,2018-10-29T00:00:00,GHCND:USW00024160,112
443,"T,,N,",PRCP,2018-10-30T00:00:00,GHCND:US1WAWW0006,0
444,",,N,",PRCP,2018-10-30T00:00:00,GHCND:US1WAWW0009,0
445,",,N,",PRCP,2018-10-30T00:00:00,GHCND:US1WAWW0014,0
446,",,7,0900",PRCP,2018-10-30T00:00:00,GHCND:USC00355593,0
447,",,7,0900",TMAX,2018-10-30T00:00:00,GHCND:USC00355593,150
448,",,7,0900",TMIN,2018-10-30T00:00:00,GHCND:USC00355593,83
449,",,7,0900",TOBS,2018-10-30T00:00:00,GHCND:USC00355593,94
450,",,7,1700",PRCP,2018-10-30T00:00:00,GHCND:USC00454679,0
451,",,7,",SNOW,2018-10-30T00:00:00,GHCND:USC00454679,0
452,",,7,1700",TMAX,2018-10-30T00:00:00,GHCND:USC00454679,128
453,",,7,1700",TMIN,2018-10-30T00:00:00,GHCND:USC00454679,-28
454,",,7,1700",TOBS,2018-10-30T00:00:00,GHCND:USC00454679,117
455,",,7,0800",PRCP,2018-10-30T00:00:00,GHCND:USC00455387,0
456,",,H,0400",PRCP,2018-10-30T00:00:00,GHCND:USC00458932,0
457,",,H,",SNOW,2018-10-30T00:00:00,GHCND:USC00458932,0
458,",,H,0400",SNWD,2018-10-30T00:00:00,GHCND:USC00458932,0
459,",,7,0800",PRCP,2018-10-30T00:00:00,GHCND:USC00459200,3
460,",,7,0800",TMAX,2018-10-30T00:00:00,GHCND:USC00459200,156
461,",,7,0800",TMIN,2018-10-30T00:00:00,GHCND:USC00459200,28
462,",,7,0800",TOBS,2018-10-30T00:00:00,GHCND:USC00459200,39
463,",,7,",WDMV,2018-10-30T00:00:00,GHCND:USC00459200,64
464,",,W,",AWND,2018-10-30T00:00:00,GHCND:USW00024160,38
465,",,W,",PRCP,2018-10-30T00:00:00,GHCND:USW00024160,0
466,",,W,",SNOW,2018-10-30T00:00:00,GHCND:USW00024160,0
467,",,W,",SNWD,2018-10-30T00:00:00,GHCND:USW00024160,0
468,",,W,",TMAX,2018-10-30T00:00:00,GHCND:USW00024160,144
469,",,W,",TMIN,2018-10-30T00:00:00,GHCND:USW00024160,72
470,",,W,",WDF2,2018-10-30T00:00:00,GHCND:USW00024160,190
471,",,W,",WDF5,2018-10-30T00:00:00,GHCND:USW00024160,190
472,",,W,",WSF2,2018-10-30T00:00:00,GHCND:USW00024160,76
473,",,W,",WSF5,2018-10-30T00:00:00,GHCND:USW00024160,89
474,",,N,",PRCP,2018-10-31T00:00:00,GHCND:US1WAWW0005,13
475,",,N,",PRCP,2018-10-31T00:00:00,GHCND:US1WAWW0006,13
476,",,N,",PRCP,2018-10-31T00:00:00,GHCND:US1WAWW0009,10
477,",,N,",PRCP,2018-10-31T00:00:00,GHCND:US1WAWW0014,15
478,",,7,0900",PRCP,2018-10-31T00:00:00,GHCND:USC00355593,13
479,",,7,0900",TMAX,2018-10-31T00:00:00,GHCND:USC00355593,161
480,",,7,0900",TMIN,2018-10-31T00:00:00,GHCND:USC00355593,94
481,",,7,0900",TOBS,2018-10-31T00:00:00,GHCND:USC00355593,111
482,",,7,1700",PRCP,2018-10-31T00:00:00,GHCND:USC00454679,18
483,",,7,",SNOW,2018-10-31T00:00:00,GHCND:USC00454679,0
484,",,7,1700",TMAX,2018-10-31T00:00:00,GHCND:USC00454679,117
485,",,7,1700",TMIN,2018-10-31T00:00:00,GHCND:USC00454679,50
486,",,7,1700",TOBS,2018-10-31T00:00:00,GHCND:USC00454679,111
487,",,7,0800",PRCP,2018-10-31T00:00:00,GHCND:USC00455387,13
488,",,7,0800",PRCP,2018-10-31T00:00:00,GHCND:USC00459200,13
489,",,7,0800",TMAX,2018-10-31T00:00:00,GHCND:USC00459200,156
490,",,7,0800",TMIN,2018-10-31T00:00:00,GHCND:USC00459200,17
491,",,7,0800",TOBS,2018-10-31T00:00:00,GHCND:USC00459200,78
492,",,7,",WDMV,2018-10-31T00:00:00,GHCND:USC00459200,24
493,",,W,",AWND,2018-10-31T00:00:00,GHCND:USW00024160,52
494,",,W,",PRCP,2018-10-31T00:00:00,GHCND:USW00024160,15
495,",,W,",SNOW,2018-10-31T00:00:00,GHCND:USW00024160,0
496,",,W,",SNWD,2018-10-31T00:00:00,GHCND:USW00024160,0
497,",,W,",TMAX,2018-10-31T00:00:00,GHCND:USW00024160,150
498,",,W,",TMIN,2018-10-31T00:00:00,GHCND:USW00024160,83
499,",,W,",WDF2,2018-10-31T00:00:00,GHCND:USW00024160,180
500,",,W,",WDF5,2018-10-31T00:00:00,GHCND:USW00024160,160
501,",,W,",WSF2,2018-10-31T00:00:00,GHCND:USW00024160,103
502,",,W,",WSF5,2018-10-31T00:00:00,GHCND:USW00024160,130
503,",,N,",PRCP,2018-11-01T00:00:00,GHCND:US1WAWW0005,8
504,",,N,",PRCP,2018-11-01T00:00:00,GHCND:US1WAWW0006,10
505,",,N,",PRCP,2018-11-01T00:00:00,GHCND:US1WAWW0009,3
506,",,N,",PRCP,2018-11-01T00:00:00,GHCND:US1WAWW0014,13
507,",,7,0900",PRCP,2018-11-01T00:00:00,GHCND:USC00355593,8
508,",,7,0900",TMAX,2018-11-01T00:00:00,GHCND:USC00355593,189
509,",,7,0900",TMIN,2018-11-01T00:00:00,GHCND:USC00355593,111
510,",,7,0900",TOBS,2018-11-01T00:00:00,GHCND:USC00355593,161
511,",,7,1700",PRCP,2018-11-01T00:00:00,GHCND:USC00454679,5
512,",,7,",SNOW,2018-11-01T00:00:00,GHCND:USC00454679,0
513,",,7,1700",TMAX,2018-11-01T00:00:00,GHCND:USC00454679,144
514,",,7,1700",TMIN,2018-11-01T00:00:00,GHCND:USC00454679,78
515,",,7,1700",TOBS,2018-11-01T00:00:00,GHCND:USC00454679,133
516,",,7,0800",PRCP,2018-11-01T00:00:00,GHCND:USC00455387,5
517,",,H,0400",SNWD,2018-11-01T00:00:00,GHCND:USC00458932,0
518,",,7,0800",PRCP,2018-11-01T00:00:00,GHCND:USC00459200,5
519,",,7,0800",TMAX,2018-11-01T00:00:00,GHCND:USC00459200,144
520,",,7,0800",TMIN,2018-11-01T00:00:00,GHCND:USC00459200,78
521,",,7,0800",TOBS,2018-11-01T00:00:00,GHCND:USC00459200,139
522,",,7,",WDMV,2018-11-01T00:00:00,GHCND:USC00459200,60
523,",,W,",AWND,2018-11-01T00:00:00,GHCND:USW00024160,52
524,",,W,",PRCP,2018-11-01T00:00:00,GHCND:USW00024160,13
525,",,W,",SNOW,2018-11-01T00:00:00,GHCND:USW00024160,0
526,",,W,",SNWD,2018-11-01T00:00:00,GHCND:USW00024160,0
527,",,W,",TMAX,2018-11-01T00:00:00,GHCND:USW00024160,178
528,",,W,",TMIN,2018-11-01T00:00:00,GHCND:USW00024160,133
529,",,W,",WDF2,2018-11-01T00:00:00,GHCND:USW00024160,230
530,",,W,",WDF5,2018-11-01T00:00:00,GHCND:USW00024160,220
531,",,W,",WSF2,2018-11-01T00:00:00,GHCND:USW00024160,89
532,",,W,",WSF5,2018-11-01T00:00:00,GHCND:USW00024160,130
533,",,N,",PRCP,2018-11-02T00:00:00,GHCND:US1WAWW0005,38
534,",,N,",PRCP,2018-11-02T00:00:00,GHCND:US1WAWW0006,38
535,",,N,",PRCP,2018-11-02T00:00:00,GHCND:US1WAWW0009,13
536,",,7,0900",PRCP,2018-11-02T00:00:00,GHCND:USC00355593,28
537,",,7,0900",TMAX,2018-11-02T00:00:00,GHCND:USC00355593,183
538,",,7,0900",TMIN,2018-11-02T00:00:00,GHCND:USC00355593,100
539,",,7,0900",TOBS,2018-11-02T00:00:00,GHCND:USC00355593,150
540,",,7,1700",PRCP,2018-11-02T00:00:00,GHCND:USC00454679,0
541,",,7,",SNOW,2018-11-02T00:00:00,GHCND:USC00454679,0
542,",,7,1700",TMAX,2018-11-02T00:00:00,GHCND:USC00454679,178
543,",,7,1700",TMIN,2018-11-02T00:00:00,GHCND:USC00454679,100
544,",,7,1700",TOBS,2018-11-02T00:00:00,GHCND:USC00454679,156
545,",,7,0800",PRCP,2018-11-02T00:00:00,GHCND:USC00455387,38
546,",,H,0400",PRCP,2018-11-02T00:00:00,GHCND:USC00458932,15
547,",,H,",SNOW,2018-11-02T00:00:00,GHCND:USC00458932,0
548,",,H,0400",SNWD,2018-11-02T00:00:00,GHCND:USC00458932,0
549,",,7,0800",PRCP,2018-11-02T00:00:00,GHCND:USC00459200,5
550,",,7,0800",TMAX,2018-11-02T00:00:00,GHCND:USC00459200,178
551,",,7,0800",TMIN,2018-11-02T00:00:00,GHCND:USC00459200,117
552,",,7,0800",TOBS,2018-11-02T00:00:00,GHCND:USC00459200,139
553,",,7,",WDMV,2018-11-02T00:00:00,GHCND:USC00459200,58
554,",,W,",AWND,2018-11-02T00:00:00,GHCND:USW00024160,71
555,",,W,",PRCP,2018-11-02T00:00:00,GHCND:USW00024160,33
556,",,W,",SNOW,2018-11-02T00:00:00,GHCND:USW00024160,0
557,",,W,",SNWD,2018-11-02T00:00:00,GHCND:USW00024160,0
558,",,W,",TMAX,2018-11-02T00:00:00,GHCND:USW00024160,194
559,",,W,",TMIN,2018-11-02T00:00:00,GHCND:USW00024160,111
560,",,W,",WDF2,2018-11-02T00:00:00,GHCND:USW00024160,250
561,",,W,",WDF5,2018-11-02T00:00:00,GHCND:USW00024160,250
562,",,W,",WSF2,2018-11-02T00:00:00,GHCND:USW00024160,134
563,",,W,",WSF5,2018-11-02T00:00:00,GHCND:USW00024160,165
564,",,N,",PRCP,2018-11-03T00:00:00,GHCND:US1WAWW0005,8
565,",,N,",PRCP,2018-11-03T00:00:00,GHCND:US1WAWW0009,13
566,",,7,0900",PRCP,2018-11-03T00:00:00,GHCND:USC00355593,0
567,",,7,0900",TMAX,2018-11-03T00:00:00,GHCND:USC00355593,183
568,",,7,0900",TMIN,2018-11-03T00:00:00,GHCND:USC00355593,111
569,",,7,1700",PRCP,2018-11-03T00:00:00,GHCND:USC00454679,3
570,",,7,",SNOW,2018-11-03T00:00:00,GHCND:USC00454679,0
571,",,7,1700",TMAX,2018-11-03T00:00:00,GHCND:USC00454679,156
572,",,7,1700",TMIN,2018-11-03T00:00:00,GHCND:USC00454679,67
573,",,7,1700",TOBS,2018-11-03T00:00:00,GHCND:USC00454679,122
574,",,7,0800",PRCP,2018-11-03T00:00:00,GHCND:USC00459200,20
575,",,7,0800",TMAX,2018-11-03T00:00:00,GHCND:USC00459200,200
576,",,7,0800",TMIN,2018-11-03T00:00:00,GHCND:USC00459200,78
577,",,7,0800",TOBS,2018-11-03T00:00:00,GHCND:USC00459200,100
578,",,7,",WDMV,2018-11-03T00:00:00,GHCND:USC00459200,146
579,",,W,",AWND,2018-11-03T00:00:00,GHCND:USW00024160,53
580,",,W,",PRCP,2018-11-03T00:00:00,GHCND:USW00024160,13
581,",,W,",SNOW,2018-11-03T00:00:00,GHCND:USW00024160,0
582,",,W,",SNWD,2018-11-03T00:00:00,GHCND:USW00024160,0
583,",,W,",TMAX,2018-11-03T00:00:00,GHCND:USW00024160,150
584,",,W,",TMIN,2018-11-03T00:00:00,GHCND:USW00024160,100
585,",,W,",WDF2,2018-11-03T00:00:00,GHCND:USW00024160,200
586,",,W,",WDF5,2018-11-03T00:00:00,GHCND:USW00024160,210
587,",,W,",WSF2,2018-11-03T00:00:00,GHCND:USW00024160,81
588,",,W,",WSF5,2018-11-03T00:00:00,GHCND:USW00024160,103
589,",,N,",PRCP,2018-11-04T00:00:00,GHCND:US1WAWW0005,18
590,",,N,",PRCP,2018-11-04T00:00:00,GHCND:US1WAWW0009,20
591,",,N,",PRCP,2018-11-04T00:00:00,GHCND:US1WAWW0014,30
592,",,7,0900",PRCP,2018-11-04T00:00:00,GHCND:USC00355593,0
593,",,7,0900",TMAX,2018-11-04T00:00:00,GHCND:USC00355593,172
594,",,7,0900",TMIN,2018-11-04T00:00:00,GHCND:USC00355593,83
595,",,7,1700",PRCP,2018-11-04T00:00:00,GHCND:USC00454679,25
596,",,7,",SNOW,2018-11-04T00:00:00,GHCND:USC00454679,0
597,",,7,1700",TMAX,2018-11-04T00:00:00,GHCND:USC00454679,122
598,",,7,1700",TMIN,2018-11-04T00:00:00,GHCND:USC00454679,61
599,",,7,1700",TOBS,2018-11-04T00:00:00,GHCND:USC00454679,106
600,",,W,",AWND,2018-11-04T00:00:00,GHCND:USW00024160,76
601,",,W,",PRCP,2018-11-04T00:00:00,GHCND:USW00024160,28
602,",,W,",SNOW,2018-11-04T00:00:00,GHCND:USW00024160,0
603,",,W,",SNWD,2018-11-04T00:00:00,GHCND:USW00024160,0
604,",,W,",TMAX,2018-11-04T00:00:00,GHCND:USW00024160,183
605,",,W,",TMIN,2018-11-04T00:00:00,GHCND:USW00024160,100
606,",,W,",WDF2,2018-11-04T00:00:00,GHCND:USW00024160,230
607,",,W,",WDF5,2018-11-04T00:00:00,GHCND:USW00024160,240
608,",,W,",WSF2,2018-11-04T00:00:00,GHCND:USW00024160,130
609,",,W,",WSF5,2018-11-04T00:00:00,GHCND:USW00024160,157
610,",,N,",PRCP,2018-11-05T00:00:00,GHCND:US1WAWW0005,0
611,"T,,N,",PRCP,2018-11-05T00:00:00,GHCND:US1WAWW0009,0
612,",,7,0900",PRCP,2018-11-05T00:00:00,GHCND:USC00355593,25
613,",,7,0900",TMAX,2018-11-05T00:00:00,GHCND:USC00355593,144
614,",,7,0900",TMIN,2018-11-05T00:00:00,GHCND:USC00355593,72
615,",,7,0900",TOBS,2018-11-05T00:00:00,GHCND:USC00355593,111
616,",,7,1700",PRCP,2018-11-05T00:00:00,GHCND:USC00454679,0
617,",,7,",SNOW,2018-11-05T00:00:00,GHCND:USC00454679,0
618,",,7,1700",TMAX,2018-11-05T00:00:00,GHCND:USC00454679,133
619,",,7,1700",TMIN,2018-11-05T00:00:00,GHCND:USC00454679,6
620,",,7,1700",TOBS,2018-11-05T00:00:00,GHCND:USC00454679,106
621,",,7,",DAPR,2018-11-05T00:00:00,GHCND:USC00455387,3
622,",,7,",MDPR,2018-11-05T00:00:00,GHCND:USC00455387,64
623,",,H,0400",SNWD,2018-11-05T00:00:00,GHCND:USC00458932,0
624,",,7,",DAPR,2018-11-05T00:00:00,GHCND:USC00459200,2
625,",,7,",MDPR,2018-11-05T00:00:00,GHCND:USC00459200,36
626,",,7,0800",TMAX,2018-11-05T00:00:00,GHCND:USC00459200,189
627,",,7,0800",TMIN,2018-11-05T00:00:00,GHCND:USC00459200,67
628,",,7,0800",TOBS,2018-11-05T00:00:00,GHCND:USC00459200,67
629,",,7,",WDMV,2018-11-05T00:00:00,GHCND:USC00459200,196
630,",,W,",AWND,2018-11-05T00:00:00,GHCND:USW00024160,58
631,"T,,W,",PRCP,2018-11-05T00:00:00,GHCND:USW00024160,0
632,",,W,",SNOW,2018-11-05T00:00:00,GHCND:USW00024160,0
633,",,W,",SNWD,2018-11-05T00:00:00,GHCND:USW00024160,0
634,",,W,",TMAX,2018-11-05T00:00:00,GHCND:USW00024160,150
635,",,W,",TMIN,2018-11-05T00:00:00,GHCND:USW00024160,83
636,",,W,",WDF2,2018-11-05T00:00:00,GHCND:USW00024160,240
637,",,W,",WDF5,2018-11-05T00:00:00,GHCND:USW00024160,240
638,",,W,",WSF2,2018-11-05T00:00:00,GHCND:USW00024160,107
639,",,W,",WSF5,2018-11-05T00:00:00,GHCND:USW00024160,125
640,",,N,",PRCP,2018-11-06T00:00:00,GHCND:US1WAWW0005,3
641,",,N,",PRCP,2018-11-06T00:00:00,GHCND:US1WAWW0006,8
642,",,N,",PRCP,2018-11-06T00:00:00,GHCND:US1WAWW0009,3
643,",,N,",PRCP,2018-11-06T00:00:00,GHCND:US1WAWW0014,10
644,",,7,0900",PRCP,2018-11-06T00:00:00,GHCND:USC00355593,8
645,",,7,0900",TMAX,2018-11-06T00:00:00,GHCND:USC00355593,139
646,",,7,0900",TMIN,2018-11-06T00:00:00,GHCND:USC00355593,56
647,",,7,0900",TOBS,2018-11-06T00:00:00,GHCND:USC00355593,89
648,",,7,1700",PRCP,2018-11-06T00:00:00,GHCND:USC00454679,0
649,",,7,",SNOW,2018-11-06T00:00:00,GHCND:USC00454679,0
650,",,7,1700",TMAX,2018-11-06T00:00:00,GHCND:USC00454679,128
651,",,7,1700",TMIN,2018-11-06T00:00:00,GHCND:USC00454679,6
652,",,7,1700",TOBS,2018-11-06T00:00:00,GHCND:USC00454679,106
653,",,7,0800",PRCP,2018-11-06T00:00:00,GHCND:USC00455387,8
654,"T,,7,0800",PRCP,2018-11-06T00:00:00,GHCND:USC00459200,0
655,",,7,0800",TMAX,2018-11-06T00:00:00,GHCND:USC00459200,161
656,",,7,0800",TMIN,2018-11-06T00:00:00,GHCND:USC00459200,61
657,",,7,0800",TOBS,2018-11-06T00:00:00,GHCND:USC00459200,72
658,",,7,",WDMV,2018-11-06T00:00:00,GHCND:USC00459200,150
659,",,W,",AWND,2018-11-06T00:00:00,GHCND:USW00024160,51
660,",,W,",PRCP,2018-11-06T00:00:00,GHCND:USW00024160,3
661,",,W,",SNOW,2018-11-06T00:00:00,GHCND:USW00024160,0
662,",,W,",SNWD,2018-11-06T00:00:00,GHCND:USW00024160,0
663,",,W,",TMAX,2018-11-06T00:00:00,GHCND:USW00024160,139
664,",,W,",TMIN,2018-11-06T00:00:00,GHCND:USW00024160,67
665,",,W,",WDF2,2018-11-06T00:00:00,GHCND:USW00024160,200
666,",,W,",WDF5,2018-11-06T00:00:00,GHCND:USW00024160,210
667,",,W,",WSF2,2018-11-06T00:00:00,GHCND:USW00024160,76
668,",,W,",WSF5,2018-11-06T00:00:00,GHCND:USW00024160,98
669,"T,,N,",PRCP,2018-11-07T00:00:00,GHCND:US1WAWW0009,0
670,",,N,",PRCP,2018-11-07T00:00:00,GHCND:US1WAWW0014,0
671,",,7,0900",PRCP,2018-11-07T00:00:00,GHCND:USC00355593,0
672,",,7,0900",TMAX,2018-11-07T00:00:00,GHCND:USC00355593,111
673,",,7,0900",TMIN,2018-11-07T00:00:00,GHCND:USC00355593,-11
674,",,7,0900",TOBS,2018-11-07T00:00:00,GHCND:USC00355593,78
675,",,7,1700",PRCP,2018-11-07T00:00:00,GHCND:USC00454679,0
676,",,7,",SNOW,2018-11-07T00:00:00,GHCND:USC00454679,0
677,",,7,1700",TMAX,2018-11-07T00:00:00,GHCND:USC00454679,106
678,",,7,1700",TMIN,2018-11-07T00:00:00,GHCND:USC00454679,-39
679,",,7,1700",TOBS,2018-11-07T00:00:00,GHCND:USC00454679,78
680,"T,,7,0800",PRCP,2018-11-07T00:00:00,GHCND:USC00455387,0
681,",,H,0400",SNWD,2018-11-07T00:00:00,GHCND:USC00458932,0
682,",,7,0800",PRCP,2018-11-07T00:00:00,GHCND:USC00459200,0
683,",,7,0800",TMAX,2018-11-07T00:00:00,GHCND:USC00459200,150
684,",,7,0800",TMIN,2018-11-07T00:00:00,GHCND:USC00459200,6
685,",,7,0800",TOBS,2018-11-07T00:00:00,GHCND:USC00459200,6
686,",,7,",WDMV,2018-11-07T00:00:00,GHCND:USC00459200,42
687,",,W,",AWND,2018-11-07T00:00:00,GHCND:USW00024160,34
688,",,W,",PRCP,2018-11-07T00:00:00,GHCND:USW00024160,3
689,",,W,",SNOW,2018-11-07T00:00:00,GHCND:USW00024160,0
690,",,W,",SNWD,2018-11-07T00:00:00,GHCND:USW00024160,0
691,",,W,",TMAX,2018-11-07T00:00:00,GHCND:USW00024160,100
692,",,W,",TMIN,2018-11-07T00:00:00,GHCND:USW00024160,22
693,",,W,",WDF2,2018-11-07T00:00:00,GHCND:USW00024160,190
694,",,W,",WDF5,2018-11-07T00:00:00,GHCND:USW00024160,190
695,",,W,",WSF2,2018-11-07T00:00:00,GHCND:USW00024160,54
696,",,W,",WSF5,2018-11-07T00:00:00,GHCND:USW00024160,72
697,",,N,",PRCP,2018-11-08T00:00:00,GHCND:US1WAWW0009,0
698,",,N,",PRCP,2018-11-08T00:00:00,GHCND:US1WAWW0014,0
699,",,7,0900",PRCP,2018-11-08T00:00:00,GHCND:USC00355593,0
700,",,7,0900",TMAX,2018-11-08T00:00:00,GHCND:USC00355593,111
701,",,7,0900",TMIN,2018-11-08T00:00:00,GHCND:USC00355593,-33
702,",,7,0900",TOBS,2018-11-08T00:00:00,GHCND:USC00355593,33
703,",,7,1700",PRCP,2018-11-08T00:00:00,GHCND:USC00454679,0
704,",,7,",SNOW,2018-11-08T00:00:00,GHCND:USC00454679,0
705,",,7,1700",TMAX,2018-11-08T00:00:00,GHCND:USC00454679,78
706,",,7,1700",TMIN,2018-11-08T00:00:00,GHCND:USC00454679,-106
707,",,7,1700",TOBS,2018-11-08T00:00:00,GHCND:USC00454679,67
708,",,7,0800",PRCP,2018-11-08T00:00:00,GHCND:USC00455387,0
709,",,7,0800",PRCP,2018-11-08T00:00:00,GHCND:USC00459200,0
710,",,7,0800",TMAX,2018-11-08T00:00:00,GHCND:USC00459200,117
711,",,7,0800",TMIN,2018-11-08T00:00:00,GHCND:USC00459200,-56
712,",,7,0800",TOBS,2018-11-08T00:00:00,GHCND:USC00459200,-50
713,",,7,",WDMV,2018-11-08T00:00:00,GHCND:USC00459200,14
714,",,W,",AWND,2018-11-08T00:00:00,GHCND:USW00024160,20
715,",,W,",PRCP,2018-11-08T00:00:00,GHCND:USW00024160,0
716,",,W,",SNOW,2018-11-08T00:00:00,GHCND:USW00024160,0
717,",,W,",SNWD,2018-11-08T00:00:00,GHCND:USW00024160,0
718,",,W,",TMAX,2018-11-08T00:00:00,GHCND:USW00024160,111
719,",,W,",TMIN,2018-11-08T00:00:00,GHCND:USW00024160,-16
720,",,W,",WDF2,2018-11-08T00:00:00,GHCND:USW00024160,90
721,",,W,",WDF5,2018-11-08T00:00:00,GHCND:USW00024160,80
722,",,W,",WSF2,2018-11-08T00:00:00,GHCND:USW00024160,58
723,",,W,",WSF5,2018-11-08T00:00:00,GHCND:USW00024160,63
724,",,W,",WT08,2018-11-08T00:00:00,GHCND:USW00024160,1
725,",,N,",PRCP,2018-11-09T00:00:00,GHCND:US1WAWW0009,0
726,",,7,0900",PRCP,2018-11-09T00:00:00,GHCND:USC00355593,0
727,",,7,0900",TMAX,2018-11-09T00:00:00,GHCND:USC00355593,78
728,",,7,0900",TMIN,2018-11-09T00:00:00,GHCND:USC00355593,-11
729,",,7,0900",TOBS,2018-11-09T00:00:00,GHCND:USC00355593,28
730,",,7,1700",PRCP,2018-11-09T00:00:00,GHCND:USC00454679,0
731,",,7,",SNOW,2018-11-09T00:00:00,GHCND:USC00454679,0
732,",,7,1700",TMAX,2018-11-09T00:00:00,GHCND:USC00454679,67
733,",,7,1700",TMIN,2018-11-09T00:00:00,GHCND:USC00454679,-61
734,",,7,1700",TOBS,2018-11-09T00:00:00,GHCND:USC00454679,22
735,",,7,0800",PRCP,2018-11-09T00:00:00,GHCND:USC00455387,0
736,",,H,0400",PRCP,2018-11-09T00:00:00,GHCND:USC00458932,0
737,",,H,",SNOW,2018-11-09T00:00:00,GHCND:USC00458932,0
738,",,H,0400",SNWD,2018-11-09T00:00:00,GHCND:USC00458932,0
739,",,7,0800",PRCP,2018-11-09T00:00:00,GHCND:USC00459200,0
740,",,7,0800",TMAX,2018-11-09T00:00:00,GHCND:USC00459200,111
741,",,7,0800",TMIN,2018-11-09T00:00:00,GHCND:USC00459200,-72
742,",,7,0800",TOBS,2018-11-09T00:00:00,GHCND:USC00459200,-67
743,",,7,",WDMV,2018-11-09T00:00:00,GHCND:USC00459200,10
744,",,W,",AWND,2018-11-09T00:00:00,GHCND:USW00024160,16
745,",,W,",PRCP,2018-11-09T00:00:00,GHCND:USW00024160,0
746,",,W,",SNOW,2018-11-09T00:00:00,GHCND:USW00024160,0
747,",,W,",SNWD,2018-11-09T00:00:00,GHCND:USW00024160,0
748,",,W,",TMAX,2018-11-09T00:00:00,GHCND:USW00024160,78
749,",,W,",TMIN,2018-11-09T00:00:00,GHCND:USW00024160,-21
750,",,W,",WDF2,2018-11-09T00:00:00,GHCND:USW00024160,150
751,",,W,",WDF5,2018-11-09T00:00:00,GHCND:USW00024160,140
752,",,W,",WSF2,2018-11-09T00:00:00,GHCND:USW00024160,63
753,",,W,",WSF5,2018-11-09T00:00:00,GHCND:USW00024160,72
754,",,N,",PRCP,2018-11-10T00:00:00,GHCND:US1WAWW0014,0
755,",,7,0900",PRCP,2018-11-10T00:00:00,GHCND:USC00355593,0
756,",,7,0900",TMAX,2018-11-10T00:00:00,GHCND:USC00355593,78
757,",,7,0900",TMIN,2018-11-10T00:00:00,GHCND:USC00355593,-44
758,",,7,1700",PRCP,2018-11-10T00:00:00,GHCND:USC00454679,0
759,",,7,",SNOW,2018-11-10T00:00:00,GHCND:USC00454679,0
760,",,7,1700",TMAX,2018-11-10T00:00:00,GHCND:USC00454679,28
761,",,7,1700",TMIN,2018-11-10T00:00:00,GHCND:USC00454679,-67
762,",,7,1700",TOBS,2018-11-10T00:00:00,GHCND:USC00454679,17
763,"T,,7,0800",PRCP,2018-11-10T00:00:00,GHCND:USC00459200,0
764,",,7,0800",TMAX,2018-11-10T00:00:00,GHCND:USC00459200,50
765,",,7,0800",TMIN,2018-11-10T00:00:00,GHCND:USC00459200,-67
766,",,7,0800",TOBS,2018-11-10T00:00:00,GHCND:USC00459200,-28
767,",,7,",WDMV,2018-11-10T00:00:00,GHCND:USC00459200,8
768,",,W,",AWND,2018-11-10T00:00:00,GHCND:USW00024160,12
769,",,W,",PRCP,2018-11-10T00:00:00,GHCND:USW00024160,0
770,",,W,",SNOW,2018-11-10T00:00:00,GHCND:USW00024160,0
771,",,W,",SNWD,2018-11-10T00:00:00,GHCND:USW00024160,0
772,",,W,",TMAX,2018-11-10T00:00:00,GHCND:USW00024160,78
773,",,W,",TMIN,2018-11-10T00:00:00,GHCND:USW00024160,-27
774,",,W,",WDF2,2018-11-10T00:00:00,GHCND:USW00024160,100
775,",,W,",WDF5,2018-11-10T00:00:00,GHCND:USW00024160,210
776,",,W,",WSF2,2018-11-10T00:00:00,GHCND:USW00024160,36
777,",,W,",WSF5,2018-11-10T00:00:00,GHCND:USW00024160,58
778,",,N,",PRCP,2018-11-11T00:00:00,GHCND:US1WAWW0014,0
779,",,7,0900",PRCP,2018-11-11T00:00:00,GHCND:USC00355593,0
780,",,7,0900",TMAX,2018-11-11T00:00:00,GHCND:USC00355593,-6
781,",,7,0900",TMIN,2018-11-11T00:00:00,GHCND:USC00355593,-28
782,",,7,1700",PRCP,2018-11-11T00:00:00,GHCND:USC00454679,0
783,",,7,",SNOW,2018-11-11T00:00:00,GHCND:USC00454679,0
784,",,7,1700",TMAX,2018-11-11T00:00:00,GHCND:USC00454679,22
785,",,7,1700",TMIN,2018-11-11T00:00:00,GHCND:USC00454679,-44
786,",,7,1700",TOBS,2018-11-11T00:00:00,GHCND:USC00454679,0
787,",,W,",AWND,2018-11-11T00:00:00,GHCND:USW00024160,10
788,",,W,",PRCP,2018-11-11T00:00:00,GHCND:USW00024160,0
789,",,W,",SNOW,2018-11-11T00:00:00,GHCND:USW00024160,0
790,",,W,",SNWD,2018-11-11T00:00:00,GHCND:USW00024160,0
791,",,W,",TMAX,2018-11-11T00:00:00,GHCND:USW00024160,11
792,",,W,",TMIN,2018-11-11T00:00:00,GHCND:USW00024160,-49
793,",,W,",WDF2,2018-11-11T00:00:00,GHCND:USW00024160,190
794,",,W,",WDF5,2018-11-11T00:00:00,GHCND:USW00024160,190
795,",,W,",WSF2,2018-11-11T00:00:00,GHCND:USW00024160,40
796,",,W,",WSF5,2018-11-11T00:00:00,GHCND:USW00024160,40
797,",,W,",WT01,2018-11-11T00:00:00,GHCND:USW00024160,1
798,",,W,",WT02,2018-11-11T00:00:00,GHCND:USW00024160,1
799,",,N,",PRCP,2018-11-12T00:00:00,GHCND:US1WAWW0009,0
800,",,N,",PRCP,2018-11-12T00:00:00,GHCND:US1WAWW0014,0
801,",,7,0900",PRCP,2018-11-12T00:00:00,GHCND:USC00355593,0
802,",,7,0900",TMAX,2018-11-12T00:00:00,GHCND:USC00355593,0
803,",,7,0900",TMIN,2018-11-12T00:00:00,GHCND:USC00355593,-22
804,",,7,1700",PRCP,2018-11-12T00:00:00,GHCND:USC00454679,0
805,",,7,",SNOW,2018-11-12T00:00:00,GHCND:USC00454679,0
806,",,7,1700",TMAX,2018-11-12T00:00:00,GHCND:USC00454679,56
807,",,7,1700",TMIN,2018-11-12T00:00:00,GHCND:USC00454679,-78
808,",,7,1700",TOBS,2018-11-12T00:00:00,GHCND:USC00454679,6
809,",,7,0800",PRCP,2018-11-12T00:00:00,GHCND:USC00455387,0
810,",,W,",AWND,2018-11-12T00:00:00,GHCND:USW00024160,9
811,",,W,",PRCP,2018-11-12T00:00:00,GHCND:USW00024160,0
812,",,W,",SNOW,2018-11-12T00:00:00,GHCND:USW00024160,0
813,",,W,",SNWD,2018-11-12T00:00:00,GHCND:USW00024160,0
814,",,W,",TMAX,2018-11-12T00:00:00,GHCND:USW00024160,0
815,",,W,",TMIN,2018-11-12T00:00:00,GHCND:USW00024160,-16
816,",,W,",WDF2,2018-11-12T00:00:00,GHCND:USW00024160,220
817,",,W,",WDF5,2018-11-12T00:00:00,GHCND:USW00024160,10
818,",,W,",WSF2,2018-11-12T00:00:00,GHCND:USW00024160,31
819,",,W,",WSF5,2018-11-12T00:00:00,GHCND:USW00024160,40
820,",,W,",WT01,2018-11-12T00:00:00,GHCND:USW00024160,1
821,",,W,",WT08,2018-11-12T00:00:00,GHCND:USW00024160,1
822,",,N,",PRCP,2018-11-13T00:00:00,GHCND:US1WAWW0009,0
823,",,N,",PRCP,2018-11-13T00:00:00,GHCND:US1WAWW0014,0
824,",,7,0900",PRCP,2018-11-13T00:00:00,GHCND:USC00355593,0
825,",,7,0900",TMAX,2018-11-13T00:00:00,GHCND:USC00355593,128
826,",,7,0900",TMIN,2018-11-13T00:00:00,GHCND:USC00355593,-33
827,",,7,0900",TOBS,2018-11-13T00:00:00,GHCND:USC00355593,-17
828,",,7,1700",PRCP,2018-11-13T00:00:00,GHCND:USC00454679,0
829,",,7,",SNOW,2018-11-13T00:00:00,GHCND:USC00454679,0
830,",,7,1700",TMAX,2018-11-13T00:00:00,GHCND:USC00454679,6
831,",,7,1700",TMIN,2018-11-13T00:00:00,GHCND:USC00454679,-78
832,",,7,1700",TOBS,2018-11-13T00:00:00,GHCND:USC00454679,-28
833,"T,,7,0800",PRCP,2018-11-13T00:00:00,GHCND:USC00455387,0
834,",,H,0400",SNWD,2018-11-13T00:00:00,GHCND:USC00458932,0
835,",,7,",DAPR,2018-11-13T00:00:00,GHCND:USC00459200,3
836,",,7,",MDPR,2018-11-13T00:00:00,GHCND:USC00459200,5
837,",,7,0800",TMAX,2018-11-13T00:00:00,GHCND:USC00459200,78
838,",,7,0800",TMIN,2018-11-13T00:00:00,GHCND:USC00459200,-67
839,",,7,0800",TOBS,2018-11-13T00:00:00,GHCND:USC00459200,-17
840,",,7,",WDMV,2018-11-13T00:00:00,GHCND:USC00459200,24
841,",,7,",WT01,2018-11-13T00:00:00,GHCND:USC00459200,1
842,",,W,",AWND,2018-11-13T00:00:00,GHCND:USW00024160,10
843,",,W,",PRCP,2018-11-13T00:00:00,GHCND:USW00024160,0
844,",,W,",SNOW,2018-11-13T00:00:00,GHCND:USW00024160,0
845,",,W,",SNWD,2018-11-13T00:00:00,GHCND:USW00024160,0
846,",,W,",TMAX,2018-11-13T00:00:00,GHCND:USW00024160,-5
847,",,W,",TMIN,2018-11-13T00:00:00,GHCND:USW00024160,-21
848,",,W,",WDF2,2018-11-13T00:00:00,GHCND:USW00024160,140
849,",,W,",WDF5,2018-11-13T00:00:00,GHCND:USW00024160,140
850,",,W,",WSF2,2018-11-13T00:00:00,GHCND:USW00024160,36
851,",,W,",WSF5,2018-11-13T00:00:00,GHCND:USW00024160,45
852,",,W,",WT01,2018-11-13T00:00:00,GHCND:USW00024160,1
853,",,W,",WT08,2018-11-13T00:00:00,GHCND:USW00024160,1
854,",,N,",PRCP,2018-11-14T00:00:00,GHCND:US1WAWW0009,0
855,",,7,0900",PRCP,2018-11-14T00:00:00,GHCND:USC00355593,0
856,",,7,0900",TMAX,2018-11-14T00:00:00,GHCND:USC00355593,133
857,",,7,0900",TMIN,2018-11-14T00:00:00,GHCND:USC00355593,-17
858,",,7,0900",TOBS,2018-11-14T00:00:00,GHCND:USC00355593,-17
859,",,7,1700",PRCP,2018-11-14T00:00:00,GHCND:USC00454679,0
860,",,7,",SNOW,2018-11-14T00:00:00,GHCND:USC00454679,0
861,",,7,1700",TMAX,2018-11-14T00:00:00,GHCND:USC00454679,39
862,",,7,1700",TMIN,2018-11-14T00:00:00,GHCND:USC00454679,-39
863,",,7,1700",TOBS,2018-11-14T00:00:00,GHCND:USC00454679,39
864,",,7,0800",PRCP,2018-11-14T00:00:00,GHCND:USC00455387,0
865,",,H,0400",PRCP,2018-11-14T00:00:00,GHCND:USC00458932,0
866,",,H,",SNOW,2018-11-14T00:00:00,GHCND:USC00458932,0
867,",,H,0400",SNWD,2018-11-14T00:00:00,GHCND:USC00458932,0
868,",,7,0800",PRCP,2018-11-14T00:00:00,GHCND:USC00459200,0
869,",,7,0800",TMAX,2018-11-14T00:00:00,GHCND:USC00459200,-6
870,",,7,0800",TMIN,2018-11-14T00:00:00,GHCND:USC00459200,-22
871,",,7,0800",TOBS,2018-11-14T00:00:00,GHCND:USC00459200,-17
872,",,7,",WDMV,2018-11-14T00:00:00,GHCND:USC00459200,6
873,",,W,",AWND,2018-11-14T00:00:00,GHCND:USW00024160,16
874,",,W,",PRCP,2018-11-14T00:00:00,GHCND:USW00024160,0
875,",,W,",SNOW,2018-11-14T00:00:00,GHCND:USW00024160,0
876,",,W,",SNWD,2018-11-14T00:00:00,GHCND:USW00024160,0
877,",,W,",TMAX,2018-11-14T00:00:00,GHCND:USW00024160,128
878,",,W,",TMIN,2018-11-14T00:00:00,GHCND:USW00024160,-21
879,",,W,",WDF2,2018-11-14T00:00:00,GHCND:USW00024160,200
880,",,W,",WDF5,2018-11-14T00:00:00,GHCND:USW00024160,200
881,",,W,",WSF2,2018-11-14T00:00:00,GHCND:USW00024160,58
882,",,W,",WSF5,2018-11-14T00:00:00,GHCND:USW00024160,67
883,",,W,",WT01,2018-11-14T00:00:00,GHCND:USW00024160,1
884,",,W,",WT02,2018-11-14T00:00:00,GHCND:USW00024160,1
885,",,W,",WT08,2018-11-14T00:00:00,GHCND:USW00024160,1
886,",,N,",PRCP,2018-11-15T00:00:00,GHCND:US1WAWW0009,0
887,",,N,",PRCP,2018-11-15T00:00:00,GHCND:US1WAWW0014,0
888,",,7,0900",PRCP,2018-11-15T00:00:00,GHCND:USC00355593,0
889,",,7,0900",TMAX,2018-11-15T00:00:00,GHCND:USC00355593,122
890,",,7,0900",TMIN,2018-11-15T00:00:00,GHCND:USC00355593,-17
891,",,7,0900",TOBS,2018-11-15T00:00:00,GHCND:USC00355593,0
892,",,7,1700",PRCP,2018-11-15T00:00:00,GHCND:USC00454679,0
893,",,7,",SNOW,2018-11-15T00:00:00,GHCND:USC00454679,0
894,",,7,1700",TMAX,2018-11-15T00:00:00,GHCND:USC00454679,89
895,",,7,1700",TMIN,2018-11-15T00:00:00,GHCND:USC00454679,-61
896,",,7,1700",TOBS,2018-11-15T00:00:00,GHCND:USC00454679,78
897,",,7,0800",PRCP,2018-11-15T00:00:00,GHCND:USC00455387,13
898,",,H,0400",PRCP,2018-11-15T00:00:00,GHCND:USC00458932,0
899,",,H,",SNOW,2018-11-15T00:00:00,GHCND:USC00458932,0
900,",,H,0400",SNWD,2018-11-15T00:00:00,GHCND:USC00458932,0
901,",,7,0800",PRCP,2018-11-15T00:00:00,GHCND:USC00459200,0
902,",,7,0800",TMAX,2018-11-15T00:00:00,GHCND:USC00459200,100
903,",,7,0800",TMIN,2018-11-15T00:00:00,GHCND:USC00459200,-33
904,",,7,0800",TOBS,2018-11-15T00:00:00,GHCND:USC00459200,-28
905,",,7,",WDMV,2018-11-15T00:00:00,GHCND:USC00459200,14
906,",,W,",AWND,2018-11-15T00:00:00,GHCND:USW00024160,20
907,",,W,",PRCP,2018-11-15T00:00:00,GHCND:USW00024160,0
908,",,W,",SNOW,2018-11-15T00:00:00,GHCND:USW00024160,0
909,",,W,",SNWD,2018-11-15T00:00:00,GHCND:USW00024160,0
910,",,W,",TMAX,2018-11-15T00:00:00,GHCND:USW00024160,94
911,",,W,",TMIN,2018-11-15T00:00:00,GHCND:USW00024160,-5
912,",,W,",WDF2,2018-11-15T00:00:00,GHCND:USW00024160,160
913,",,W,",WDF5,2018-11-15T00:00:00,GHCND:USW00024160,150
914,",,W,",WSF2,2018-11-15T00:00:00,GHCND:USW00024160,45
915,",,W,",WSF5,2018-11-15T00:00:00,GHCND:USW00024160,54
916,",,W,",WT01,2018-11-15T00:00:00,GHCND:USW00024160,1
917,",,W,",WT08,2018-11-15T00:00:00,GHCND:USW00024160,1
918,",,N,",PRCP,2018-11-16T00:00:00,GHCND:US1WAWW0009,0
919,",,N,",PRCP,2018-11-16T00:00:00,GHCND:US1WAWW0014,0
920,",,7,0900",PRCP,2018-11-16T00:00:00,GHCND:USC00355593,0
921,",,7,0900",TMAX,2018-11-16T00:00:00,GHCND:USC00355593,94
922,",,7,0900",TMIN,2018-11-16T00:00:00,GHCND:USC00355593,-17
923,",,7,0900",TOBS,2018-11-16T00:00:00,GHCND:USC00355593,50
924,",,7,1700",PRCP,2018-11-16T00:00:00,GHCND:USC00454679,3
925,",,7,",SNOW,2018-11-16T00:00:00,GHCND:USC00454679,0
926,",,7,1700",TMAX,2018-11-16T00:00:00,GHCND:USC00454679,111
927,",,7,1700",TMIN,2018-11-16T00:00:00,GHCND:USC00454679,11
928,",,7,1700",TOBS,2018-11-16T00:00:00,GHCND:USC00454679,106
929,",,7,0800",PRCP,2018-11-16T00:00:00,GHCND:USC00455387,0
930,",,H,0400",PRCP,2018-11-16T00:00:00,GHCND:USC00458932,0
931,",,H,",SNOW,2018-11-16T00:00:00,GHCND:USC00458932,0
932,",,H,0400",SNWD,2018-11-16T00:00:00,GHCND:USC00458932,0
933,",,7,0800",PRCP,2018-11-16T00:00:00,GHCND:USC00459200,0
934,",,7,0800",TMAX,2018-11-16T00:00:00,GHCND:USC00459200,67
935,",,7,0800",TMIN,2018-11-16T00:00:00,GHCND:USC00459200,-33
936,",,7,0800",TOBS,2018-11-16T00:00:00,GHCND:USC00459200,39
937,",,7,",WDMV,2018-11-16T00:00:00,GHCND:USC00459200,6
938,",,W,",AWND,2018-11-16T00:00:00,GHCND:USW00024160,23
939,"T,,W,",PRCP,2018-11-16T00:00:00,GHCND:USW00024160,0
940,",,W,",SNOW,2018-11-16T00:00:00,GHCND:USW00024160,0
941,",,W,",SNWD,2018-11-16T00:00:00,GHCND:USW00024160,0
942,",,W,",TMAX,2018-11-16T00:00:00,GHCND:USW00024160,111
943,",,W,",TMIN,2018-11-16T00:00:00,GHCND:USW00024160,11
944,",,W,",WDF2,2018-11-16T00:00:00,GHCND:USW00024160,180
945,",,W,",WDF5,2018-11-16T00:00:00,GHCND:USW00024160,180
946,",,W,",WSF2,2018-11-16T00:00:00,GHCND:USW00024160,54
947,",,W,",WSF5,2018-11-16T00:00:00,GHCND:USW00024160,67
948,",,W,",WT01,2018-11-16T00:00:00,GHCND:USW00024160,1
949,",,W,",WT08,2018-11-16T00:00:00,GHCND:USW00024160,1
950,",,N,",PRCP,2018-11-17T00:00:00,GHCND:US1WAWW0009,0
951,",,N,",PRCP,2018-11-17T00:00:00,GHCND:US1WAWW0014,5
952,",,7,0900",PRCP,2018-11-17T00:00:00,GHCND:USC00355593,0
953,",,7,0900",TMAX,2018-11-17T00:00:00,GHCND:USC00355593,56
954,",,7,0900",TMIN,2018-11-17T00:00:00,GHCND:USC00355593,-61
955,",,7,1700",PRCP,2018-11-17T00:00:00,GHCND:USC00454679,0
956,",,7,",SNOW,2018-11-17T00:00:00,GHCND:USC00454679,0
957,",,7,1700",TMAX,2018-11-17T00:00:00,GHCND:USC00454679,106
958,",,7,1700",TMIN,2018-11-17T00:00:00,GHCND:USC00454679,-28
959,",,7,1700",TOBS,2018-11-17T00:00:00,GHCND:USC00454679,78
960,",,7,0800",PRCP,2018-11-17T00:00:00,GHCND:USC00459200,0
961,",,7,0800",TMAX,2018-11-17T00:00:00,GHCND:USC00459200,106
962,",,7,0800",TMIN,2018-11-17T00:00:00,GHCND:USC00459200,-56
963,",,7,0800",TOBS,2018-11-17T00:00:00,GHCND:USC00459200,-56
964,",,7,",WDMV,2018-11-17T00:00:00,GHCND:USC00459200,16
965,",,W,",AWND,2018-11-17T00:00:00,GHCND:USW00024160,16
966,",,W,",PRCP,2018-11-17T00:00:00,GHCND:USW00024160,0
967,",,W,",SNOW,2018-11-17T00:00:00,GHCND:USW00024160,0
968,",,W,",SNWD,2018-11-17T00:00:00,GHCND:USW00024160,0
969,",,W,",TMAX,2018-11-17T00:00:00,GHCND:USW00024160,61
970,",,W,",TMIN,2018-11-17T00:00:00,GHCND:USW00024160,-16
971,",,W,",WDF2,2018-11-17T00:00:00,GHCND:USW00024160,90
972,",,W,",WDF5,2018-11-17T00:00:00,GHCND:USW00024160,90
973,",,W,",WSF2,2018-11-17T00:00:00,GHCND:USW00024160,45
974,",,W,",WSF5,2018-11-17T00:00:00,GHCND:USW00024160,54
975,",,N,",PRCP,2018-11-18T00:00:00,GHCND:US1WAWW0009,0
976,",,N,",PRCP,2018-11-18T00:00:00,GHCND:US1WAWW0014,0
977,",,7,0900",PRCP,2018-11-18T00:00:00,GHCND:USC00355593,0
978,",,7,0900",TMAX,2018-11-18T00:00:00,GHCND:USC00355593,56
979,",,7,0900",TMIN,2018-11-18T00:00:00,GHCND:USC00355593,-61
980,",,7,1700",PRCP,2018-11-18T00:00:00,GHCND:USC00454679,0
981,",,7,",SNOW,2018-11-18T00:00:00,GHCND:USC00454679,0
982,",,7,1700",TMAX,2018-11-18T00:00:00,GHCND:USC00454679,83
983,",,7,1700",TMIN,2018-11-18T00:00:00,GHCND:USC00454679,-89
984,",,7,1700",TOBS,2018-11-18T00:00:00,GHCND:USC00454679,78
985,",,W,",AWND,2018-11-18T00:00:00,GHCND:USW00024160,4
986,",,W,",PRCP,2018-11-18T00:00:00,GHCND:USW00024160,0
987,",,W,",SNOW,2018-11-18T00:00:00,GHCND:USW00024160,0
988,",,W,",SNWD,2018-11-18T00:00:00,GHCND:USW00024160,0
989,",,W,",TMAX,2018-11-18T00:00:00,GHCND:USW00024160,0
990,",,W,",TMIN,2018-11-18T00:00:00,GHCND:USW00024160,-60
991,",,W,",WDF2,2018-11-18T00:00:00,GHCND:USW00024160,30
992,",,W,",WDF5,2018-11-18T00:00:00,GHCND:USW00024160,190
993,",,W,",WSF2,2018-11-18T00:00:00,GHCND:USW00024160,27
994,",,W,",WSF5,2018-11-18T00:00:00,GHCND:USW00024160,36
995,",,W,",WT01,2018-11-18T00:00:00,GHCND:USW00024160,1
996,",,W,",WT02,2018-11-18T00:00:00,GHCND:USW00024160,1
997,",,N,",PRCP,2018-11-19T00:00:00,GHCND:US1WAWW0009,0
998,",,N,",PRCP,2018-11-19T00:00:00,GHCND:US1WAWW0014,0
999,",,7,0900",PRCP,2018-11-19T00:00:00,GHCND:USC00355593,0
0,",,7,0900",TMAX,2018-11-19T00:00:00,GHCND:USC00355593,-6
1,",,7,0900",TMIN,2018-11-19T00:00:00,GHCND:USC00355593,-67
2,",,7,0900",TOBS,2018-11-19T00:00:00,GHCND:USC00355593,-50
3,",,7,1700",PRCP,2018-11-19T00:00:00,GHCND:USC00454679,0
4,",,7,",SNOW,2018-11-19T00:00:00,GHCND:USC00454679,0
5,",,7,1700",TMAX,2018-11-19T00:00:00,GHCND:USC00454679,78
6,",,7,1700",TMIN,2018-11-19T00:00:00,GHCND:USC00454679,-67
7,",,7,1700",TOBS,2018-11-19T00:00:00,GHCND:USC00454679,67
8,",,7,0800",PRCP,2018-11-19T00:00:00,GHCND:USC00455387,0
9,",,H,0400",SNWD,2018-11-19T00:00:00,GHCND:USC00458932,0
10,",,7,",DAPR,2018-11-19T00:00:00,GHCND:USC00459200,2
11,"T,,7,",MDPR,2018-11-19T00:00:00,GHCND:USC00459200,0
12,",,7,0800",TMAX,2018-11-19T00:00:00,GHCND:USC00459200,106
13,",,7,0800",TMIN,2018-11-19T00:00:00,GHCND:USC00459200,-72
14,",,7,0800",TOBS,2018-11-19T00:00:00,GHCND:USC00459200,-28
15,",,7,",WDMV,2018-11-19T00:00:00,GHCND:USC00459200,14
16,",,7,",WT01,2018-11-19T00:00:00,GHCND:USC00459200,1
17,",,W,",AWND,2018-11-19T00:00:00,GHCND:USW00024160,6
18,",,W,",PRCP,2018-11-19T00:00:00,GHCND:USW00024160,0
19,",,W,",SNOW,2018-11-19T00:00:00,GHCND:USW00024160,0
20,",,W,",SNWD,2018-11-19T00:00:00,GHCND:USW00024160,0
21,",,W,",TMAX,2018-11-19T00:00:00,GHCND:USW00024160,6
22,",,W,",TMIN,2018-11-19T00:00:00,GHCND:USW00024160,-27
23,",,W,",WDF2,2018-11-19T00:00:00,GHCND:USW00024160,10
24,",,W,",WDF5,2018-11-19T00:00:00,GHCND:USW00024160,230
25,",,W,",WSF2,2018-11-19T00:00:00,GHCND:USW00024160,27
26,",,W,",WSF5,2018-11-19T00:00:00,GHCND:USW00024160,36
27,",,W,",WT01,2018-11-19T00:00:00,GHCND:USW00024160,1
28,",,W,",WT02,2018-11-19T00:00:00,GHCND:USW00024160,1
29,",,W,",WT08,2018-11-19T00:00:00,GHCND:USW00024160,1
30,",,N,",PRCP,2018-11-20T00:00:00,GHCND:US1WAWW0009,0
31,",,7,0900",PRCP,2018-11-20T00:00:00,GHCND:USC00355593,0
32,",,7,0900",TMAX,2018-11-20T00:00:00,GHCND:USC00355593,-17
33,",,7,0900",TMIN,2018-11-20T00:00:00,GHCND:USC00355593,-72
34,",,7,0900",TOBS,2018-11-20T00:00:00,GHCND:USC00355593,-50
35,",,7,1700",PRCP,2018-11-20T00:00:00,GHCND:USC00454679,0
36,",,7,",SNOW,2018-11-20T00:00:00,GHCND:USC00454679,0
37,",,7,1700",TMAX,2018-11-20T00:00:00,GHCND:USC00454679,83
38,",,7,1700",TMIN,2018-11-20T00:00:00,GHCND:USC00454679,-78
39,",,7,1700",TOBS,2018-11-20T00:00:00,GHCND:USC00454679,72
40,",,7,0800",PRCP,2018-11-20T00:00:00,GHCND:USC00455387,0
41,",,H,0400",PRCP,2018-11-20T00:00:00,GHCND:USC00458932,0
42,",,H,",SNOW,2018-11-20T00:00:00,GHCND:USC00458932,0
43,",,H,0400",SNWD,2018-11-20T00:00:00,GHCND:USC00458932,0
44,",,7,0800",PRCP,2018-11-20T00:00:00,GHCND:USC00459200,0
45,",,7,0800",TMAX,2018-11-20T00:00:00,GHCND:USC00459200,-22
46,",,7,0800",TMIN,2018-11-20T00:00:00,GHCND:USC00459200,-44
47,",,7,0800",TOBS,2018-11-20T00:00:00,GHCND:USC00459200,-44
48,",,7,",WDMV,2018-11-20T00:00:00,GHCND:USC00459200,5
49,",,7,",WT01,2018-11-20T00:00:00,GHCND:USC00459200,1
50,",,W,",AWND,2018-11-20T00:00:00,GHCND:USW00024160,6
51,",,W,",PRCP,2018-11-20T00:00:00,GHCND:USW00024160,0
52,",,W,",SNOW,2018-11-20T00:00:00,GHCND:USW00024160,0
53,",,W,",SNWD,2018-11-20T00:00:00,GHCND:USW00024160,0
54,",,W,",TMAX,2018-11-20T00:00:00,GHCND:USW00024160,-10
55,",,W,",TMIN,2018-11-20T00:00:00,GHCND:USW00024160,-55
56,",,W,",WDF2,2018-11-20T00:00:00,GHCND:USW00024160,250
57,",,W,",WDF5,2018-11-20T00:00:00,GHCND:USW00024160,220
58,",,W,",WSF2,2018-11-20T00:00:00,GHCND:USW00024160,27
59,",,W,",WSF5,2018-11-20T00:00:00,GHCND:USW00024160,31
60,",,W,",WT01,2018-11-20T00:00:00,GHCND:USW00024160,1
61,",,W,",WT02,2018-11-20T00:00:00,GHCND:USW00024160,1
62,",,W,",WT08,2018-11-20T00:00:00,GHCND:USW00024160,1
63,",,N,",PRCP,2018-11-21T00:00:00,GHCND:US1WAWW0009,0
64,",,7,0900",PRCP,2018-11-21T00:00:00,GHCND:USC00355593,0
65,",,7,0900",TMAX,2018-11-21T00:00:00,GHCND:USC00355593,-6
66,",,7,0900",TMIN,2018-11-21T00:00:00,GHCND:USC00355593,-50
67,",,7,0900",TOBS,2018-11-21T00:00:00,GHCND:USC00355593,-33
68,"T,,7,1700",PRCP,2018-11-21T00:00:00,GHCND:USC00454679,0
69,",,7,",SNOW,2018-11-21T00:00:00,GHCND:USC00454679,0
70,",,7,1700",TMAX,2018-11-21T00:00:00,GHCND:USC00454679,78
71,",,7,1700",TMIN,2018-11-21T00:00:00,GHCND:USC00454679,-100
72,",,7,1700",TOBS,2018-11-21T00:00:00,GHCND:USC00454679,11
73,",,7,0800",PRCP,2018-11-21T00:00:00,GHCND:USC00455387,0
74,",,7,0800",PRCP,2018-11-21T00:00:00,GHCND:USC00459200,0
75,",,7,0800",TMAX,2018-11-21T00:00:00,GHCND:USC00459200,-33
76,",,7,0800",TMIN,2018-11-21T00:00:00,GHCND:USC00459200,-50
77,",,7,0800",TOBS,2018-11-21T00:00:00,GHCND:USC00459200,-33
78,",,7,",WDMV,2018-11-21T00:00:00,GHCND:USC00459200,3
79,",,7,",WT01,2018-11-21T00:00:00,GHCND:USC00459200,1
80,",,W,",AWND,2018-11-21T00:00:00,GHCND:USW00024160,14
81,"T,,W,",PRCP,2018-11-21T00:00:00,GHCND:USW00024160,0
82,"T,,W,",SNOW,2018-11-21T00:00:00,GHCND:USW00024160,0
83,",,W,",SNWD,2018-11-21T00:00:00,GHCND:USW00024160,0
84,",,W,",TMAX,2018-11-21T00:00:00,GHCND:USW00024160,11
85,",,W,",TMIN,2018-11-21T00:00:00,GHCND:USW00024160,-27
86,",,W,",WDF2,2018-11-21T00:00:00,GHCND:USW00024160,280
87,",,W,",WDF5,2018-11-21T00:00:00,GHCND:USW00024160,280
88,",,W,",WSF2,2018-11-21T00:00:00,GHCND:USW00024160,45
89,",,W,",WSF5,2018-11-21T00:00:00,GHCND:USW00024160,54
90,",,W,",WT01,2018-11-21T00:00:00,GHCND:USW00024160,1
91,",,W,",WT02,2018-11-21T00:00:00,GHCND:USW00024160,1
92,",,W,",WT04,2018-11-21T00:00:00,GHCND:USW00024160,1
93,",,W,",WT06,2018-11-21T00:00:00,GHCND:USW00024160,1
94,",,W,",WT08,2018-11-21T00:00:00,GHCND:USW00024160,1
95,"T,,N,",PRCP,2018-11-22T00:00:00,GHCND:US1WAWW0009,0
96,",,7,0900",PRCP,2018-11-22T00:00:00,GHCND:USC00355593,0
97,",,7,0900",TMAX,2018-11-22T00:00:00,GHCND:USC00355593,89
98,",,7,0900",TMIN,2018-11-22T00:00:00,GHCND:USC00355593,-33
99,",,7,1700",PRCP,2018-11-22T00:00:00,GHCND:USC00454679,20
100,",,7,",SNOW,2018-11-22T00:00:00,GHCND:USC00454679,0
101,",,7,1700",TMAX,2018-11-22T00:00:00,GHCND:USC00454679,89
102,",,7,1700",TMIN,2018-11-22T00:00:00,GHCND:USC00454679,-22
103,",,7,1700",TOBS,2018-11-22T00:00:00,GHCND:USC00454679,78
104,",,W,",AWND,2018-11-22T00:00:00,GHCND:USW00024160,21
105,",,W,",PRCP,2018-11-22T00:00:00,GHCND:USW00024160,23
106,",,W,",SNOW,2018-11-22T00:00:00,GHCND:USW00024160,0
107,",,W,",SNWD,2018-11-22T00:00:00,GHCND:USW00024160,0
108,",,W,",TMAX,2018-11-22T00:00:00,GHCND:USW00024160,122
109,",,W,",TMIN,2018-11-22T00:00:00,GHCND:USW00024160,-5
110,",,W,",WDF2,2018-11-22T00:00:00,GHCND:USW00024160,260
111,",,W,",WDF5,2018-11-22T00:00:00,GHCND:USW00024160,270
112,",,W,",WSF2,2018-11-22T00:00:00,GHCND:USW00024160,116
113,",,W,",WSF5,2018-11-22T00:00:00,GHCND:USW00024160,152
114,",,W,",WT01,2018-11-22T00:00:00,GHCND:USW00024160,1
115,",,W,",WT02,2018-11-22T00:00:00,GHCND:USW00024160,1
116,",,N,",PRCP,2018-11-23T00:00:00,GHCND:US1WAWW0009,20
117,",,7,0900",PRCP,2018-11-23T00:00:00,GHCND:USC00355593,0
118,",,7,0900",TMAX,2018-11-23T00:00:00,GHCND:USC00355593,122
119,",,7,0900",TMIN,2018-11-23T00:00:00,GHCND:USC00355593,39
120,",,7,1700",PRCP,2018-11-23T00:00:00,GHCND:USC00454679,74
121,",,7,",SNOW,2018-11-23T00:00:00,GHCND:USC00454679,0
122,",,7,1700",TMAX,2018-11-23T00:00:00,GHCND:USC00454679,83
123,",,7,1700",TMIN,2018-11-23T00:00:00,GHCND:USC00454679,6
124,",,7,1700",TOBS,2018-11-23T00:00:00,GHCND:USC00454679,44
125,",,7,0800",PRCP,2018-11-23T00:00:00,GHCND:USC00455387,38
126,",,7,",DAPR,2018-11-23T00:00:00,GHCND:USC00459200,2
127,",,7,",MDPR,2018-11-23T00:00:00,GHCND:USC00459200,23
128,",,7,0800",TMAX,2018-11-23T00:00:00,GHCND:USC00459200,83
129,",,7,0800",TMIN,2018-11-23T00:00:00,GHCND:USC00459200,-39
130,",,7,0800",TOBS,2018-11-23T00:00:00,GHCND:USC00459200,72
131,",,7,",WDMV,2018-11-23T00:00:00,GHCND:USC00459200,31
132,",,W,",AWND,2018-11-23T00:00:00,GHCND:USW00024160,49
133,",,W,",PRCP,2018-11-23T00:00:00,GHCND:USW00024160,132
134,",,W,",SNOW,2018-11-23T00:00:00,GHCND:USW00024160,0
135,",,W,",SNWD,2018-11-23T00:00:00,GHCND:USW00024160,0
136,",,W,",TMAX,2018-11-23T00:00:00,GHCND:USW00024160,128
137,",,W,",TMIN,2018-11-23T00:00:00,GHCND:USW00024160,50
138,",,W,",WDF2,2018-11-23T00:00:00,GHCND:USW00024160,230
139,",,W,",WDF5,2018-11-23T00:00:00,GHCND:USW00024160,220
140,",,W,",WSF2,2018-11-23T00:00:00,GHCND:USW00024160,94
141,",,W,",WSF5,2018-11-23T00:00:00,GHCND:USW00024160,116
142,",,W,",WT01,2018-11-23T00:00:00,GHCND:USW00024160,1
143,",,N,",PRCP,2018-11-24T00:00:00,GHCND:US1WAWW0009,99
144,",,N,",PRCP,2018-11-24T00:00:00,GHCND:US1WAWW0014,157
145,",,7,0900",PRCP,2018-11-24T00:00:00,GHCND:USC00355593,0
146,",,7,0900",TMAX,2018-11-24T00:00:00,GHCND:USC00355593,100
147,",,7,0900",TMIN,2018-11-24T00:00:00,GHCND:USC00355593,44
148,",,7,1700",PRCP,2018-11-24T00:00:00,GHCND:USC00454679,36
149,",,7,",SNOW,2018-11-24T00:00:00,GHCND:USC00454679,0
150,",,7,1700",TMAX,2018-11-24T00:00:00,GHCND:USC00454679,78
151,",,7,1700",TMIN,2018-11-24T00:00:00,GHCND:USC00454679,-17
152,",,7,1700",TOBS,2018-11-24T00:00:00,GHCND:USC00454679,67
153,",,7,0800",PRCP,2018-11-24T00:00:00,GHCND:USC00455387,0
154,",,7,0800",PRCP,2018-11-24T00:00:00,GHCND:USC00459200,79
155,",,7,0800",TMAX,2018-11-24T00:00:00,GHCND:USC00459200,117
156,",,7,0800",TMIN,2018-11-24T00:00:00,GHCND:USC00459200,33
157,",,7,0800",TOBS,2018-11-24T00:00:00,GHCND:USC00459200,33
158,",,7,",WDMV,2018-11-24T00:00:00,GHCND:USC00459200,64
159,",,W,",AWND,2018-11-24T00:00:00,GHCND:USW00024160,42
160,"T,,W,",PRCP,2018-11-24T00:00:00,GHCND:USW00024160,0
161,",,W,",SNOW,2018-11-24T00:00:00,GHCND:USW00024160,0
162,",,W,",SNWD,2018-11-24T00:00:00,GHCND:USW00024160,0
163,",,W,",TMAX,2018-11-24T00:00:00,GHCND:USW00024160,100
164,",,W,",TMIN,2018-11-24T00:00:00,GHCND:USW00024160,28
165,",,W,",WDF2,2018-11-24T00:00:00,GHCND:USW00024160,190
166,",,W,",WDF5,2018-11-24T00:00:00,GHCND:USW00024160,190
167,",,W,",WSF2,2018-11-24T00:00:00,GHCND:USW00024160,76
168,",,W,",WSF5,2018-11-24T00:00:00,GHCND:USW00024160,89
169,",,N,",PRCP,2018-11-25T00:00:00,GHCND:US1WAWW0005,0
170,",,N,",PRCP,2018-11-25T00:00:00,GHCND:US1WAWW0009,0
171,",,N,",PRCP,2018-11-25T00:00:00,GHCND:US1WAWW0014,0
172,",,7,0900",PRCP,2018-11-25T00:00:00,GHCND:USC00355593,0
173,",,7,0900",TMAX,2018-11-25T00:00:00,GHCND:USC00355593,100
174,",,7,0900",TMIN,2018-11-25T00:00:00,GHCND:USC00355593,-11
175,",,7,1700",PRCP,2018-11-25T00:00:00,GHCND:USC00454679,0
176,",,7,",SNOW,2018-11-25T00:00:00,GHCND:USC00454679,0
177,",,7,1700",TMAX,2018-11-25T00:00:00,GHCND:USC00454679,78
178,",,7,1700",TMIN,2018-11-25T00:00:00,GHCND:USC00454679,-11
179,",,7,1700",TOBS,2018-11-25T00:00:00,GHCND:USC00454679,44
180,",,7,0800",PRCP,2018-11-25T00:00:00,GHCND:USC00455387,0
181,",,W,",AWND,2018-11-25T00:00:00,GHCND:USW00024160,17
182,",,W,",PRCP,2018-11-25T00:00:00,GHCND:USW00024160,0
183,",,W,",SNOW,2018-11-25T00:00:00,GHCND:USW00024160,0
184,",,W,",SNWD,2018-11-25T00:00:00,GHCND:USW00024160,0
185,",,W,",TMAX,2018-11-25T00:00:00,GHCND:USW00024160,78
186,",,W,",TMIN,2018-11-25T00:00:00,GHCND:USW00024160,0
187,",,W,",WDF2,2018-11-25T00:00:00,GHCND:USW00024160,180
188,",,W,",WDF5,2018-11-25T00:00:00,GHCND:USW00024160,160
189,",,W,",WSF2,2018-11-25T00:00:00,GHCND:USW00024160,40
190,",,W,",WSF5,2018-11-25T00:00:00,GHCND:USW00024160,54
191,",,N,",PRCP,2018-11-26T00:00:00,GHCND:US1WAWW0009,0
192,",,N,",PRCP,2018-11-26T00:00:00,GHCND:US1WAWW0014,0
193,",,7,0900",PRCP,2018-11-26T00:00:00,GHCND:USC00355593,0
194,",,7,0900",TMAX,2018-11-26T00:00:00,GHCND:USC00355593,72
195,",,7,0900",TMIN,2018-11-26T00:00:00,GHCND:USC00355593,-22
196,",,7,0900",TOBS,2018-11-26T00:00:00,GHCND:USC00355593,56
197,",,7,1700",PRCP,2018-11-26T00:00:00,GHCND:USC00454679,3
198,",,7,",SNOW,2018-11-26T00:00:00,GHCND:USC00454679,0
199,",,7,1700",TMAX,2018-11-26T00:00:00,GHCND:USC00454679,61
200,",,7,1700",TMIN,2018-11-26T00:00:00,GHCND:USC00454679,-22
201,",,7,1700",TOBS,2018-11-26T00:00:00,GHCND:USC00454679,44
202,",,7,0800",PRCP,2018-11-26T00:00:00,GHCND:USC00455387,165
203,",,H,0400",PRCP,2018-11-26T00:00:00,GHCND:USC00458932,0
204,",,H,",SNOW,2018-11-26T00:00:00,GHCND:USC00458932,0
205,",,H,0400",SNWD,2018-11-26T00:00:00,GHCND:USC00458932,0
206,",,7,",DAPR,2018-11-26T00:00:00,GHCND:USC00459200,2
207,",,7,",MDPR,2018-11-26T00:00:00,GHCND:USC00459200,0
208,",,7,0800",TMAX,2018-11-26T00:00:00,GHCND:USC00459200,117
209,",,7,0800",TMIN,2018-11-26T00:00:00,GHCND:USC00459200,-50
210,",,7,0800",TOBS,2018-11-26T00:00:00,GHCND:USC00459200,-28
211,",,7,",WDMV,2018-11-26T00:00:00,GHCND:USC00459200,32
212,",,W,",AWND,2018-11-26T00:00:00,GHCND:USW00024160,34
213,",,W,",PRCP,2018-11-26T00:00:00,GHCND:USW00024160,10
214,",,W,",SNOW,2018-11-26T00:00:00,GHCND:USW00024160,0
215,",,W,",SNWD,2018-11-26T00:00:00,GHCND:USW00024160,0
216,",,W,",TMAX,2018-11-26T00:00:00,GHCND:USW00024160,161
217,",,W,",TMIN,2018-11-26T00:00:00,GHCND:USW00024160,-5
218,",,W,",WDF2,2018-11-26T00:00:00,GHCND:USW00024160,160
219,",,W,",WDF5,2018-11-26T00:00:00,GHCND:USW00024160,160
220,",,W,",WSF2,2018-11-26T00:00:00,GHCND:USW00024160,130
221,",,W,",WSF5,2018-11-26T00:00:00,GHCND:USW00024160,170
222,",,W,",WT01,2018-11-26T00:00:00,GHCND:USW00024160,1
223,",,W,",WT08,2018-11-26T00:00:00,GHCND:USW00024160,1
224,"T,,N,",PRCP,2018-11-27T00:00:00,GHCND:US1WAWW0005,0
225,",,N,",PRCP,2018-11-27T00:00:00,GHCND:US1WAWW0006,18
226,",,N,",PRCP,2018-11-27T00:00:00,GHCND:US1WAWW0009,13
227,",,N,",PRCP,2018-11-27T00:00:00,GHCND:US1WAWW0014,28
228,",,7,0900",PRCP,2018-11-27T00:00:00,GHCND:USC00355593,119
229,",,7,0900",TMAX,2018-11-27T00:00:00,GHCND:USC00355593,144
230,",,7,0900",TMIN,2018-11-27T00:00:00,GHCND:USC00355593,17
231,",,7,0900",TOBS,2018-11-27T00:00:00,GHCND:USC00355593,111
232,",,7,1700",PRCP,2018-11-27T00:00:00,GHCND:USC00454679,56
233,",,7,",SNOW,2018-11-27T00:00:00,GHCND:USC00454679,0
234,",,7,1700",TMAX,2018-11-27T00:00:00,GHCND:USC00454679,100
235,",,7,1700",TMIN,2018-11-27T00:00:00,GHCND:USC00454679,39
236,",,7,1700",TOBS,2018-11-27T00:00:00,GHCND:USC00454679,72
237,",,7,0800",PRCP,2018-11-27T00:00:00,GHCND:USC00455387,30
238,",,H,0400",PRCP,2018-11-27T00:00:00,GHCND:USC00458932,15
239,",,H,",SNOW,2018-11-27T00:00:00,GHCND:USC00458932,0
240,",,H,0400",SNWD,2018-11-27T00:00:00,GHCND:USC00458932,0
241,",,7,0800",PRCP,2018-11-27T00:00:00,GHCND:USC00459200,10
242,",,7,0800",TMAX,2018-11-27T00:00:00,GHCND:USC00459200,128
243,",,7,0800",TMIN,2018-11-27T00:00:00,GHCND:USC00459200,-33
244,",,7,0800",TOBS,2018-11-27T00:00:00,GHCND:USC00459200,100
245,",,7,",WDMV,2018-11-27T00:00:00,GHCND:USC00459200,64
246,",,W,",AWND,2018-11-27T00:00:00,GHCND:USW00024160,68
247,",,W,",PRCP,2018-11-27T00:00:00,GHCND:USW00024160,43
248,",,W,",SNOW,2018-11-27T00:00:00,GHCND:USW00024160,0
249,",,W,",SNWD,2018-11-27T00:00:00,GHCND:USW00024160,0
250,",,W,",TMAX,2018-11-27T00:00:00,GHCND:USW00024160,167
251,",,W,",TMIN,2018-11-27T00:00:00,GHCND:USW00024160,83
252,",,W,",WDF2,2018-11-27T00:00:00,GHCND:USW00024160,160
253,",,W,",WDF5,2018-11-27T00:00:00,GHCND:USW00024160,170
254,",,W,",WSF2,2018-11-27T00:00:00,GHCND:USW00024160,134
255,",,W,",WSF5,2018-11-27T00:00:00,GHCND:USW00024160,174
256,",,N,",PRCP,2018-11-28T00:00:00,GHCND:US1WAWW0005,58
257,",,N,",PRCP,2018-11-28T00:00:00,GHCND:US1WAWW0006,53
258,",,N,",PRCP,2018-11-28T00:00:00,GHCND:US1WAWW0009,61
259,",,N,",PRCP,2018-11-28T00:00:00,GHCND:US1WAWW0014,64
260,",,7,0900",PRCP,2018-11-28T00:00:00,GHCND:USC00355593,15
261,",,7,0900",TMAX,2018-11-28T00:00:00,GHCND:USC00355593,150
262,",,7,0900",TMIN,2018-11-28T00:00:00,GHCND:USC00355593,78
263,",,7,0900",TOBS,2018-11-28T00:00:00,GHCND:USC00355593,100
264,",,7,1700",PRCP,2018-11-28T00:00:00,GHCND:USC00454679,0
265,",,7,",SNOW,2018-11-28T00:00:00,GHCND:USC00454679,0
266,",,7,1700",TMAX,2018-11-28T00:00:00,GHCND:USC00454679,89
267,",,7,1700",TMIN,2018-11-28T00:00:00,GHCND:USC00454679,28
268,",,7,1700",TOBS,2018-11-28T00:00:00,GHCND:USC00454679,72
269,",,7,0800",PRCP,2018-11-28T00:00:00,GHCND:USC00455387,94
270,",,H,0400",PRCP,2018-11-28T00:00:00,GHCND:USC00458932,51
271,",,H,",SNOW,2018-11-28T00:00:00,GHCND:USC00458932,0
272,",,H,0400",SNWD,2018-11-28T00:00:00,GHCND:USC00458932,0
273,",,7,0800",PRCP,2018-11-28T00:00:00,GHCND:USC00459200,38
274,",,7,0800",TMAX,2018-11-28T00:00:00,GHCND:USC00459200,117
275,",,7,0800",TMIN,2018-11-28T00:00:00,GHCND:USC00459200,72
276,",,7,0800",TOBS,2018-11-28T00:00:00,GHCND:USC00459200,78
277,",,7,",WDMV,2018-11-28T00:00:00,GHCND:USC00459200,76
278,",,W,",AWND,2018-11-28T00:00:00,GHCND:USW00024160,29
279,",,W,",PRCP,2018-11-28T00:00:00,GHCND:USW00024160,25
280,",,W,",SNOW,2018-11-28T00:00:00,GHCND:USW00024160,0
281,",,W,",SNWD,2018-11-28T00:00:00,GHCND:USW00024160,0
282,",,W,",TMAX,2018-11-28T00:00:00,GHCND:USW00024160,144
283,",,W,",TMIN,2018-11-28T00:00:00,GHCND:USW00024160,61
284,",,W,",WDF2,2018-11-28T00:00:00,GHCND:USW00024160,230
285,",,W,",WDF5,2018-11-28T00:00:00,GHCND:USW00024160,250
286,",,W,",WSF2,2018-11-28T00:00:00,GHCND:USW00024160,63
287,",,W,",WSF5,2018-11-28T00:00:00,GHCND:USW00024160,72
288,",,N,",PRCP,2018-11-29T00:00:00,GHCND:US1WAWW0005,10
289,",,N,",PRCP,2018-11-29T00:00:00,GHCND:US1WAWW0006,8
290,",,N,",PRCP,2018-11-29T00:00:00,GHCND:US1WAWW0009,10
291,",,7,0900",PRCP,2018-11-29T00:00:00,GHCND:USC00355593,0
292,",,7,0900",TMAX,2018-11-29T00:00:00,GHCND:USC00355593,133
293,",,7,0900",TMIN,2018-11-29T00:00:00,GHCND:USC00355593,39
294,",,7,0900",TOBS,2018-11-29T00:00:00,GHCND:USC00355593,78
295,",,7,1700",PRCP,2018-11-29T00:00:00,GHCND:USC00454679,30
296,",,7,",SNOW,2018-11-29T00:00:00,GHCND:USC00454679,0
297,",,7,1700",TMAX,2018-11-29T00:00:00,GHCND:USC00454679,100
298,",,7,1700",TMIN,2018-11-29T00:00:00,GHCND:USC00454679,22
299,",,7,1700",TOBS,2018-11-29T00:00:00,GHCND:USC00454679,72
300,",,7,0800",PRCP,2018-11-29T00:00:00,GHCND:USC00455387,13
301,",,7,0800",PRCP,2018-11-29T00:00:00,GHCND:USC00459200,13
302,",,7,0800",TMAX,2018-11-29T00:00:00,GHCND:USC00459200,150
303,",,7,0800",TMIN,2018-11-29T00:00:00,GHCND:USC00459200,39
304,",,7,0800",TOBS,2018-11-29T00:00:00,GHCND:USC00459200,39
305,",,7,",WDMV,2018-11-29T00:00:00,GHCND:USC00459200,19
306,",,W,",AWND,2018-11-29T00:00:00,GHCND:USW00024160,17
307,",,W,",PRCP,2018-11-29T00:00:00,GHCND:USW00024160,0
308,",,W,",SNOW,2018-11-29T00:00:00,GHCND:USW00024160,0
309,",,W,",SNWD,2018-11-29T00:00:00,GHCND:USW00024160,0
310,",,W,",TMAX,2018-11-29T00:00:00,GHCND:USW00024160,83
311,",,W,",TMIN,2018-11-29T00:00:00,GHCND:USW00024160,39
312,",,W,",WDF2,2018-11-29T00:00:00,GHCND:USW00024160,190
313,",,W,",WDF5,2018-11-29T00:00:00,GHCND:USW00024160,190
314,",,W,",WSF2,2018-11-29T00:00:00,GHCND:USW00024160,54
315,",,W,",WSF5,2018-11-29T00:00:00,GHCND:USW00024160,58
316,",,W,",WT01,2018-11-29T00:00:00,GHCND:USW00024160,1
317,",,W,",WT02,2018-11-29T00:00:00,GHCND:USW00024160,1
318,",,N,",PRCP,2018-11-30T00:00:00,GHCND:US1WAWW0005,36
319,",,N,",PRCP,2018-11-30T00:00:00,GHCND:US1WAWW0006,56
320,",,N,",PRCP,2018-11-30T00:00:00,GHCND:US1WAWW0009,30
321,",,7,0900",PRCP,2018-11-30T00:00:00,GHCND:USC00355593,91
322,",,7,0900",TMAX,2018-11-30T00:00:00,GHCND:USC00355593,100
323,",,7,0900",TMIN,2018-11-30T00:00:00,GHCND:USC00355593,33
324,",,7,0900",TOBS,2018-11-30T00:00:00,GHCND:USC00355593,44
325,",,7,1700",PRCP,2018-11-30T00:00:00,GHCND:USC00454679,58
326,",,7,",SNOW,2018-11-30T00:00:00,GHCND:USC00454679,0
327,",,7,1700",TMAX,2018-11-30T00:00:00,GHCND:USC00454679,72
328,",,7,1700",TMIN,2018-11-30T00:00:00,GHCND:USC00454679,6
329,",,7,1700",TOBS,2018-11-30T00:00:00,GHCND:USC00454679,44
330,",,7,0800",PRCP,2018-11-30T00:00:00,GHCND:USC00459200,18
331,",,7,0800",TMAX,2018-11-30T00:00:00,GHCND:USC00459200,56
332,",,7,0800",TMIN,2018-11-30T00:00:00,GHCND:USC00459200,39
333,",,7,0800",TOBS,2018-11-30T00:00:00,GHCND:USC00459200,44
334,",,7,",WDMV,2018-11-30T00:00:00,GHCND:USC00459200,11
335,",,W,",AWND,2018-11-30T00:00:00,GHCND:USW00024160,38
336,",,W,",PRCP,2018-11-30T00:00:00,GHCND:USW00024160,43
337,",,W,",SNOW,2018-11-30T00:00:00,GHCND:USW00024160,0
338,",,W,",SNWD,2018-11-30T00:00:00,GHCND:USW00024160,0
339,",,W,",TMAX,2018-11-30T00:00:00,GHCND:USW00024160,83
340,",,W,",TMIN,2018-11-30T00:00:00,GHCND:USW00024160,39
341,",,W,",WDF2,2018-11-30T00:00:00,GHCND:USW00024160,210
342,",,W,",WDF5,2018-11-30T00:00:00,GHCND:USW00024160,200
343,",,W,",WSF2,2018-11-30T00:00:00,GHCND:USW00024160,72
344,",,W,",WSF5,2018-11-30T00:00:00,GHCND:USW00024160,85
345,",,W,",WT01,2018-11-30T00:00:00,GHCND:USW00024160,1
346,",,N,",PRCP,2018-12-01T00:00:00,GHCND:US1WAWW0005,28
347,",,N,",PRCP,2018-12-01T00:00:00,GHCND:US1WAWW0009,38
348,",,N,",PRCP,2018-12-01T00:00:00,GHCND:US1WAWW0014,46
349,",,7,0900",PRCP,2018-12-01T00:00:00,GHCND:USC00355593,0
350,",,7,0900",TMAX,2018-12-01T00:00:00,GHCND:USC00355593,100
351,",,7,0900",TMIN,2018-12-01T00:00:00,GHCND:USC00355593,22
352,",,7,1700",PRCP,2018-12-01T00:00:00,GHCND:USC00454679,30
353,",,7,",SNOW,2018-12-01T00:00:00,GHCND:USC00454679,0
354,",,7,1700",TMAX,2018-12-01T00:00:00,GHCND:USC00454679,61
355,",,7,1700",TMIN,2018-12-01T00:00:00,GHCND:USC00454679,6
356,",,7,1700",TOBS,2018-12-01T00:00:00,GHCND:USC00454679,39
357,",,7,0800",PRCP,2018-12-01T00:00:00,GHCND:USC00455387,0
358,",,H,0800",PRCP,2018-12-01T00:00:00,GHCND:USC00459200,48
359,",,H,0800",TMAX,2018-12-01T00:00:00,GHCND:USC00459200,94
360,",,H,0800",TMIN,2018-12-01T00:00:00,GHCND:USC00459200,-17
361,",,H,0800",TOBS,2018-12-01T00:00:00,GHCND:USC00459200,-17
362,",,W,",AWND,2018-12-01T00:00:00,GHCND:USW00024160,21
363,"T,,W,",PRCP,2018-12-01T00:00:00,GHCND:USW00024160,0
364,",,W,",SNOW,2018-12-01T00:00:00,GHCND:USW00024160,0
365,",,W,",SNWD,2018-12-01T00:00:00,GHCND:USW00024160,0
366,",,W,",TMAX,2018-12-01T00:00:00,GHCND:USW00024160,78
367,",,W,",TMIN,2018-12-01T00:00:00,GHCND:USW00024160,6
368,",,W,",WDF2,2018-12-01T00:00:00,GHCND:USW00024160,220
369,",,W,",WDF5,2018-12-01T00:00:00,GHCND:USW00024160,180
370,",,W,",WSF2,2018-12-01T00:00:00,GHCND:USW00024160,54
371,",,W,",WSF5,2018-12-01T00:00:00,GHCND:USW00024160,63
372,",,W,",WT01,2018-12-01T00:00:00,GHCND:USW00024160,1
373,",,W,",WT02,2018-12-01T00:00:00,GHCND:USW00024160,1
374,",,N,",PRCP,2018-12-02T00:00:00,GHCND:US1WAWW0009,3
375,",,N,",PRCP,2018-12-02T00:00:00,GHCND:US1WAWW0014,0
376,",,7,0900",PRCP,2018-12-02T00:00:00,GHCND:USC00355593,0
377,",,7,0900",TMAX,2018-12-02T00:00:00,GHCND:USC00355593,67
378,",,7,0900",TMIN,2018-12-02T00:00:00,GHCND:USC00355593,22
379,",,7,1700",PRCP,2018-12-02T00:00:00,GHCND:USC00454679,0
380,",,7,",SNOW,2018-12-02T00:00:00,GHCND:USC00454679,0
381,",,7,1700",TMAX,2018-12-02T00:00:00,GHCND:USC00454679,39
382,",,7,1700",TMIN,2018-12-02T00:00:00,GHCND:USC00454679,-11
383,",,7,1700",TOBS,2018-12-02T00:00:00,GHCND:USC00454679,28
384,",,7,0800",PRCP,2018-12-02T00:00:00,GHCND:USC00455387,0
385,",,H,0400",SNWD,2018-12-02T00:00:00,GHCND:USC00458932,0
386,",,W,",AWND,2018-12-02T00:00:00,GHCND:USW00024160,12
387,"T,,W,",PRCP,2018-12-02T00:00:00,GHCND:USW00024160,0
388,",,W,",SNOW,2018-12-02T00:00:00,GHCND:USW00024160,0
389,",,W,",SNWD,2018-12-02T00:00:00,GHCND:USW00024160,0
390,",,W,",TMAX,2018-12-02T00:00:00,GHCND:USW00024160,67
391,",,W,",TMIN,2018-12-02T00:00:00,GHCND:USW00024160,6
392,",,W,",WDF2,2018-12-02T00:00:00,GHCND:USW00024160,270
393,",,W,",WDF5,2018-12-02T00:00:00,GHCND:USW00024160,270
394,",,W,",WSF2,2018-12-02T00:00:00,GHCND:USW00024160,36
395,",,W,",WSF5,2018-12-02T00:00:00,GHCND:USW00024160,40
396,",,N,",PRCP,2018-12-03T00:00:00,GHCND:US1WAWW0009,0
397,",,N,",SNOW,2018-12-03T00:00:00,GHCND:US1WAWW0009,0
398,",,N,",PRCP,2018-12-03T00:00:00,GHCND:US1WAWW0014,0
399,",,7,0900",PRCP,2018-12-03T00:00:00,GHCND:USC00355593,20
400,",,7,0900",TMAX,2018-12-03T00:00:00,GHCND:USC00355593,56
401,",,7,0900",TMIN,2018-12-03T00:00:00,GHCND:USC00355593,-11
402,",,7,0900",TOBS,2018-12-03T00:00:00,GHCND:USC00355593,44
403,"T,,7,1700",PRCP,2018-12-03T00:00:00,GHCND:USC00454679,0
404,",,7,",SNOW,2018-12-03T00:00:00,GHCND:USC00454679,0
405,",,7,1700",TMAX,2018-12-03T00:00:00,GHCND:USC00454679,28
406,",,7,1700",TMIN,2018-12-03T00:00:00,GHCND:USC00454679,-11
407,",,7,1700",TOBS,2018-12-03T00:00:00,GHCND:USC00454679,17
408,",,7,0800",PRCP,2018-12-03T00:00:00,GHCND:USC00455387,66
409,",,H,0400",PRCP,2018-12-03T00:00:00,GHCND:USC00458932,3
410,",,H,",SNOW,2018-12-03T00:00:00,GHCND:USC00458932,0
411,",,H,0400",SNWD,2018-12-03T00:00:00,GHCND:USC00458932,0
412,",,H,0800",TMAX,2018-12-03T00:00:00,GHCND:USC00459200,78
413,",,H,0800",TMIN,2018-12-03T00:00:00,GHCND:USC00459200,-44
414,",,H,0800",TOBS,2018-12-03T00:00:00,GHCND:USC00459200,-44
415,",,W,",AWND,2018-12-03T00:00:00,GHCND:USW00024160,17
416,",,W,",PRCP,2018-12-03T00:00:00,GHCND:USW00024160,0
417,",,W,",SNOW,2018-12-03T00:00:00,GHCND:USW00024160,0
418,",,W,",SNWD,2018-12-03T00:00:00,GHCND:USW00024160,0
419,",,W,",TMAX,2018-12-03T00:00:00,GHCND:USW00024160,44
420,",,W,",TMIN,2018-12-03T00:00:00,GHCND:USW00024160,-5
421,",,W,",WDF2,2018-12-03T00:00:00,GHCND:USW00024160,180
422,",,W,",WDF5,2018-12-03T00:00:00,GHCND:USW00024160,240
423,",,W,",WSF2,2018-12-03T00:00:00,GHCND:USW00024160,40
424,",,W,",WSF5,2018-12-03T00:00:00,GHCND:USW00024160,40
425,",,W,",WT01,2018-12-03T00:00:00,GHCND:USW00024160,1
426,",,W,",WT02,2018-12-03T00:00:00,GHCND:USW00024160,1
427,",,W,",WT08,2018-12-03T00:00:00,GHCND:USW00024160,1
428,",,N,",PRCP,2018-12-04T00:00:00,GHCND:US1WAWW0005,0
429,",,N,",PRCP,2018-12-04T00:00:00,GHCND:US1WAWW0006,0
430,",,N,",PRCP,2018-12-04T00:00:00,GHCND:US1WAWW0009,0
431,",,N,",SNOW,2018-12-04T00:00:00,GHCND:US1WAWW0009,0
432,",,N,",PRCP,2018-12-04T00:00:00,GHCND:US1WAWW0014,0
433,",,7,0900",PRCP,2018-12-04T00:00:00,GHCND:USC00355593,0
434,",,7,0900",TMAX,2018-12-04T00:00:00,GHCND:USC00355593,44
435,",,7,0900",TMIN,2018-12-04T00:00:00,GHCND:USC00355593,-22
436,",,7,0900",TOBS,2018-12-04T00:00:00,GHCND:USC00355593,-22
437,",,7,1700",PRCP,2018-12-04T00:00:00,GHCND:USC00454679,0
438,",,7,",SNOW,2018-12-04T00:00:00,GHCND:USC00454679,0
439,",,7,1700",TMAX,2018-12-04T00:00:00,GHCND:USC00454679,28
440,",,7,1700",TMIN,2018-12-04T00:00:00,GHCND:USC00454679,-50
441,",,7,1700",TOBS,2018-12-04T00:00:00,GHCND:USC00454679,17
442,",,7,0800",PRCP,2018-12-04T00:00:00,GHCND:USC00455387,0
443,",,H,0400",PRCP,2018-12-04T00:00:00,GHCND:USC00458932,0
444,",,H,",SNOW,2018-12-04T00:00:00,GHCND:USC00458932,0
445,",,H,0400",SNWD,2018-12-04T00:00:00,GHCND:USC00458932,0
446,",,H,0800",PRCP,2018-12-04T00:00:00,GHCND:USC00459200,0
447,",,H,0800",TMAX,2018-12-04T00:00:00,GHCND:USC00459200,11
448,",,H,0800",TMIN,2018-12-04T00:00:00,GHCND:USC00459200,-44
449,",,H,0800",TOBS,2018-12-04T00:00:00,GHCND:USC00459200,-6
450,",,W,",AWND,2018-12-04T00:00:00,GHCND:USW00024160,16
451,",,W,",PRCP,2018-12-04T00:00:00,GHCND:USW00024160,0
452,",,W,",SNOW,2018-12-04T00:00:00,GHCND:USW00024160,0
453,",,W,",SNWD,2018-12-04T00:00:00,GHCND:USW00024160,0
454,",,W,",TMAX,2018-12-04T00:00:00,GHCND:USW00024160,6
455,",,W,",TMIN,2018-12-04T00:00:00,GHCND:USW00024160,-21
456,",,W,",WDF2,2018-12-04T00:00:00,GHCND:USW00024160,40
457,",,W,",WDF5,2018-12-04T00:00:00,GHCND:USW00024160,30
458,",,W,",WSF2,2018-12-04T00:00:00,GHCND:USW00024160,40
459,",,W,",WSF5,2018-12-04T00:00:00,GHCND:USW00024160,45
460,",,W,",WT01,2018-12-04T00:00:00,GHCND:USW00024160,1
461,",,W,",WT08,2018-12-04T00:00:00,GHCND:USW00024160,1
462,",,N,",PRCP,2018-12-05T00:00:00,GHCND:US1WAWW0009,0
463,",,N,",SNOW,2018-12-05T00:00:00,GHCND:US1WAWW0009,0
464,",,7,0900",PRCP,2018-12-05T00:00:00,GHCND:USC00355593,0
465,",,7,0900",TMAX,2018-12-05T00:00:00,GHCND:USC00355593,0
466,",,7,0900",TMIN,2018-12-05T00:00:00,GHCND:USC00355593,-33
467,",,7,0900",TOBS,2018-12-05T00:00:00,GHCND:USC00355593,-28
468,",,7,1700",PRCP,2018-12-05T00:00:00,GHCND:USC00454679,0
469,",,7,",SNOW,2018-12-05T00:00:00,GHCND:USC00454679,0
470,",,7,1700",TMAX,2018-12-05T00:00:00,GHCND:USC00454679,17
471,",,7,1700",TMIN,2018-12-05T00:00:00,GHCND:USC00454679,-61
472,",,7,1700",TOBS,2018-12-05T00:00:00,GHCND:USC00454679,6
473,",,7,0800",PRCP,2018-12-05T00:00:00,GHCND:USC00455387,0
474,",,H,0400",PRCP,2018-12-05T00:00:00,GHCND:USC00458932,0
475,",,H,",SNOW,2018-12-05T00:00:00,GHCND:USC00458932,0
476,",,H,0400",SNWD,2018-12-05T00:00:00,GHCND:USC00458932,0
477,",,W,",AWND,2018-12-05T00:00:00,GHCND:USW00024160,12
478,",,W,",PRCP,2018-12-05T00:00:00,GHCND:USW00024160,0
479,",,W,",SNOW,2018-12-05T00:00:00,GHCND:USW00024160,0
480,",,W,",SNWD,2018-12-05T00:00:00,GHCND:USW00024160,0
481,",,W,",TMAX,2018-12-05T00:00:00,GHCND:USW00024160,-16
482,",,W,",TMIN,2018-12-05T00:00:00,GHCND:USW00024160,-32
483,",,W,",WDF2,2018-12-05T00:00:00,GHCND:USW00024160,160
484,",,W,",WDF5,2018-12-05T00:00:00,GHCND:USW00024160,150
485,",,W,",WSF2,2018-12-05T00:00:00,GHCND:USW00024160,45
486,",,W,",WSF5,2018-12-05T00:00:00,GHCND:USW00024160,54
487,",,W,",WT01,2018-12-05T00:00:00,GHCND:USW00024160,1
488,",,W,",WT08,2018-12-05T00:00:00,GHCND:USW00024160,1
489,",,N,",PRCP,2018-12-06T00:00:00,GHCND:US1WAWW0005,0
490,",,N,",PRCP,2018-12-06T00:00:00,GHCND:US1WAWW0009,0
491,",,N,",SNOW,2018-12-06T00:00:00,GHCND:US1WAWW0009,0
492,",,N,",PRCP,2018-12-06T00:00:00,GHCND:US1WAWW0014,0
493,",,7,0900",PRCP,2018-12-06T00:00:00,GHCND:USC00355593,0
494,",,7,0900",TMAX,2018-12-06T00:00:00,GHCND:USC00355593,6
495,",,7,0900",TMIN,2018-12-06T00:00:00,GHCND:USC00355593,-50
496,",,7,0900",TOBS,2018-12-06T00:00:00,GHCND:USC00355593,-22
497,",,7,1700",PRCP,2018-12-06T00:00:00,GHCND:USC00454679,0
498,",,7,",SNOW,2018-12-06T00:00:00,GHCND:USC00454679,0
499,",,7,1700",TMAX,2018-12-06T00:00:00,GHCND:USC00454679,6
500,",,7,1700",TMIN,2018-12-06T00:00:00,GHCND:USC00454679,-50
501,",,7,1700",TOBS,2018-12-06T00:00:00,GHCND:USC00454679,-17
502,",,7,0800",PRCP,2018-12-06T00:00:00,GHCND:USC00455387,0
503,",,H,0400",PRCP,2018-12-06T00:00:00,GHCND:USC00458932,0
504,",,H,",SNOW,2018-12-06T00:00:00,GHCND:USC00458932,0
505,",,H,0400",SNWD,2018-12-06T00:00:00,GHCND:USC00458932,0
506,",,H,0800",TMAX,2018-12-06T00:00:00,GHCND:USC00459200,6
507,",,H,0800",TMIN,2018-12-06T00:00:00,GHCND:USC00459200,-61
508,",,H,0800",TOBS,2018-12-06T00:00:00,GHCND:USC00459200,-61
509,",,W,",AWND,2018-12-06T00:00:00,GHCND:USW00024160,19
510,",,W,",PRCP,2018-12-06T00:00:00,GHCND:USW00024160,0
511,",,W,",SNOW,2018-12-06T00:00:00,GHCND:USW00024160,0
512,",,W,",SNWD,2018-12-06T00:00:00,GHCND:USW00024160,0
513,",,W,",TMAX,2018-12-06T00:00:00,GHCND:USW00024160,-5
514,",,W,",TMIN,2018-12-06T00:00:00,GHCND:USW00024160,-60
515,",,W,",WDF2,2018-12-06T00:00:00,GHCND:USW00024160,340
516,",,W,",WDF5,2018-12-06T00:00:00,GHCND:USW00024160,90
517,",,W,",WSF2,2018-12-06T00:00:00,GHCND:USW00024160,40
518,",,W,",WSF5,2018-12-06T00:00:00,GHCND:USW00024160,49
519,",,N,",PRCP,2018-12-07T00:00:00,GHCND:US1WAWW0009,0
520,",,N,",SNOW,2018-12-07T00:00:00,GHCND:US1WAWW0009,0
521,",,N,",PRCP,2018-12-07T00:00:00,GHCND:US1WAWW0014,0
522,",,7,0900",PRCP,2018-12-07T00:00:00,GHCND:USC00355593,0
523,",,7,0900",TMAX,2018-12-07T00:00:00,GHCND:USC00355593,-6
524,",,7,0900",TMIN,2018-12-07T00:00:00,GHCND:USC00355593,-33
525,",,7,0900",TOBS,2018-12-07T00:00:00,GHCND:USC00355593,-28
526,",,7,1700",PRCP,2018-12-07T00:00:00,GHCND:USC00454679,0
527,",,7,",SNOW,2018-12-07T00:00:00,GHCND:USC00454679,0
528,",,7,1700",TMAX,2018-12-07T00:00:00,GHCND:USC00454679,-11
529,",,7,1700",TMIN,2018-12-07T00:00:00,GHCND:USC00454679,-83
530,",,7,1700",TOBS,2018-12-07T00:00:00,GHCND:USC00454679,-39
531,",,7,0800",PRCP,2018-12-07T00:00:00,GHCND:USC00455387,0
532,",,H,0800",PRCP,2018-12-07T00:00:00,GHCND:USC00459200,0
533,",,H,0800",TMAX,2018-12-07T00:00:00,GHCND:USC00459200,11
534,",,H,0800",TMIN,2018-12-07T00:00:00,GHCND:USC00459200,-61
535,",,H,0800",TOBS,2018-12-07T00:00:00,GHCND:USC00459200,-28
536,",,W,",AWND,2018-12-07T00:00:00,GHCND:USW00024160,22
537,"T,,W,",PRCP,2018-12-07T00:00:00,GHCND:USW00024160,0
538,"T,,W,",SNOW,2018-12-07T00:00:00,GHCND:USW00024160,0
539,",,W,",SNWD,2018-12-07T00:00:00,GHCND:USW00024160,0
540,",,W,",TMAX,2018-12-07T00:00:00,GHCND:USW00024160,-16
541,",,W,",TMIN,2018-12-07T00:00:00,GHCND:USW00024160,-32
542,",,W,",WDF2,2018-12-07T00:00:00,GHCND:USW00024160,70
543,",,W,",WDF5,2018-12-07T00:00:00,GHCND:USW00024160,90
544,",,W,",WSF2,2018-12-07T00:00:00,GHCND:USW00024160,58
545,",,W,",WSF5,2018-12-07T00:00:00,GHCND:USW00024160,63
546,",,W,",WT01,2018-12-07T00:00:00,GHCND:USW00024160,1
547,",,W,",WT08,2018-12-07T00:00:00,GHCND:USW00024160,1
548,",,N,",PRCP,2018-12-08T00:00:00,GHCND:US1WAWW0009,0
549,",,N,",SNOW,2018-12-08T00:00:00,GHCND:US1WAWW0009,0
550,",,N,",PRCP,2018-12-08T00:00:00,GHCND:US1WAWW0014,0
551,",,7,0900",PRCP,2018-12-08T00:00:00,GHCND:USC00355593,0
552,",,7,0900",TMAX,2018-12-08T00:00:00,GHCND:USC00355593,-6
553,",,7,0900",TMIN,2018-12-08T00:00:00,GHCND:USC00355593,-44
554,",,7,1700",PRCP,2018-12-08T00:00:00,GHCND:USC00454679,0
555,",,7,",SNOW,2018-12-08T00:00:00,GHCND:USC00454679,0
556,",,7,1700",TMAX,2018-12-08T00:00:00,GHCND:USC00454679,-17
557,",,7,1700",TMIN,2018-12-08T00:00:00,GHCND:USC00454679,-44
558,",,7,1700",TOBS,2018-12-08T00:00:00,GHCND:USC00454679,-22
559,",,7,0800",PRCP,2018-12-08T00:00:00,GHCND:USC00455387,0
560,",,H,0800",PRCP,2018-12-08T00:00:00,GHCND:USC00459200,0
561,",,H,0800",TMAX,2018-12-08T00:00:00,GHCND:USC00459200,-11
562,",,H,0800",TMIN,2018-12-08T00:00:00,GHCND:USC00459200,-39
563,",,H,0800",TOBS,2018-12-08T00:00:00,GHCND:USC00459200,-39
564,",,W,",AWND,2018-12-08T00:00:00,GHCND:USW00024160,13
565,",,W,",PRCP,2018-12-08T00:00:00,GHCND:USW00024160,0
566,",,W,",SNOW,2018-12-08T00:00:00,GHCND:USW00024160,0
567,",,W,",SNWD,2018-12-08T00:00:00,GHCND:USW00024160,0
568,",,W,",TMAX,2018-12-08T00:00:00,GHCND:USW00024160,0
569,",,W,",TMIN,2018-12-08T00:00:00,GHCND:USW00024160,-38
570,",,W,",WDF2,2018-12-08T00:00:00,GHCND:USW00024160,90
571,",,W,",WDF5,2018-12-08T00:00:00,GHCND:USW00024160,90
572,",,W,",WSF2,2018-12-08T00:00:00,GHCND:USW00024160,40
573,",,W,",WSF5,2018-12-08T00:00:00,GHCND:USW00024160,45
574,",,N,",PRCP,2018-12-09T00:00:00,GHCND:US1WAWW0009,0
575,",,N,",PRCP,2018-12-09T00:00:00,GHCND:US1WAWW0014,0
576,",,7,0900",PRCP,2018-12-09T00:00:00,GHCND:USC00355593,0
577,",,7,0900",TMAX,2018-12-09T00:00:00,GHCND:USC00355593,-6
578,",,7,0900",TMIN,2018-12-09T00:00:00,GHCND:USC00355593,-50
579,",,7,1700",PRCP,2018-12-09T00:00:00,GHCND:USC00454679,0
580,",,7,",SNOW,2018-12-09T00:00:00,GHCND:USC00454679,0
581,",,7,1700",TMAX,2018-12-09T00:00:00,GHCND:USC00454679,17
582,",,7,1700",TMIN,2018-12-09T00:00:00,GHCND:USC00454679,-44
583,",,7,1700",TOBS,2018-12-09T00:00:00,GHCND:USC00454679,6
584,",,7,0800",PRCP,2018-12-09T00:00:00,GHCND:USC00455387,0
585,",,H,0400",PRCP,2018-12-09T00:00:00,GHCND:USC00458932,0
586,",,H,",SNOW,2018-12-09T00:00:00,GHCND:USC00458932,0
587,",,H,0400",SNWD,2018-12-09T00:00:00,GHCND:USC00458932,0
588,",,W,",AWND,2018-12-09T00:00:00,GHCND:USW00024160,10
589,",,W,",PRCP,2018-12-09T00:00:00,GHCND:USW00024160,8
590,",,W,",SNOW,2018-12-09T00:00:00,GHCND:USW00024160,0
591,",,W,",SNWD,2018-12-09T00:00:00,GHCND:USW00024160,0
592,",,W,",TMAX,2018-12-09T00:00:00,GHCND:USW00024160,0
593,",,W,",TMIN,2018-12-09T00:00:00,GHCND:USW00024160,-55
594,",,W,",WDF2,2018-12-09T00:00:00,GHCND:USW00024160,90
595,",,W,",WDF5,2018-12-09T00:00:00,GHCND:USW00024160,100
596,",,W,",WSF2,2018-12-09T00:00:00,GHCND:USW00024160,40
597,",,W,",WSF5,2018-12-09T00:00:00,GHCND:USW00024160,49
598,",,W,",WT01,2018-12-09T00:00:00,GHCND:USW00024160,1
599,",,W,",WT06,2018-12-09T00:00:00,GHCND:USW00024160,1
600,",,N,",PRCP,2018-12-10T00:00:00,GHCND:US1WAWW0006,43
601,",,N,",PRCP,2018-12-10T00:00:00,GHCND:US1WAWW0009,38
602,",,N,",PRCP,2018-12-10T00:00:00,GHCND:US1WAWW0014,43
603,",,7,0900",PRCP,2018-12-10T00:00:00,GHCND:USC00355593,33
604,",,7,0900",TMAX,2018-12-10T00:00:00,GHCND:USC00355593,50
605,",,7,0900",TMIN,2018-12-10T00:00:00,GHCND:USC00355593,-22
606,",,7,0900",TOBS,2018-12-10T00:00:00,GHCND:USC00355593,0
607,",,7,1700",PRCP,2018-12-10T00:00:00,GHCND:USC00454679,23
608,",,7,",SNOW,2018-12-10T00:00:00,GHCND:USC00454679,18
609,",,7,1700",SNWD,2018-12-10T00:00:00,GHCND:USC00454679,25
610,",,7,1700",TMAX,2018-12-10T00:00:00,GHCND:USC00454679,6
611,",,7,1700",TMIN,2018-12-10T00:00:00,GHCND:USC00454679,-22
612,",,7,1700",TOBS,2018-12-10T00:00:00,GHCND:USC00454679,-17
613,",,7,0800",PRCP,2018-12-10T00:00:00,GHCND:USC00455387,64
614,",,H,0400",PRCP,2018-12-10T00:00:00,GHCND:USC00458932,25
615,",,H,0800",TMAX,2018-12-10T00:00:00,GHCND:USC00459200,-6
616,",,H,0800",TMIN,2018-12-10T00:00:00,GHCND:USC00459200,-72
617,",,H,0800",TOBS,2018-12-10T00:00:00,GHCND:USC00459200,-11
618,",,W,",AWND,2018-12-10T00:00:00,GHCND:USW00024160,12
619,",,W,",PRCP,2018-12-10T00:00:00,GHCND:USW00024160,30
620,",,W,",SNOW,2018-12-10T00:00:00,GHCND:USW00024160,0
621,",,W,",SNWD,2018-12-10T00:00:00,GHCND:USW00024160,0
622,",,W,",TMAX,2018-12-10T00:00:00,GHCND:USW00024160,50
623,",,W,",TMIN,2018-12-10T00:00:00,GHCND:USW00024160,-16
624,",,W,",WDF2,2018-12-10T00:00:00,GHCND:USW00024160,140
625,",,W,",WDF5,2018-12-10T00:00:00,GHCND:USW00024160,140
626,",,W,",WSF2,2018-12-10T00:00:00,GHCND:USW00024160,45
627,",,W,",WSF5,2018-12-10T00:00:00,GHCND:USW00024160,49
628,",,W,",WT01,2018-12-10T00:00:00,GHCND:USW00024160,1
629,",,W,",WT02,2018-12-10T00:00:00,GHCND:USW00024160,1
630,",,W,",WT06,2018-12-10T00:00:00,GHCND:USW00024160,1
631,",,W,",WT08,2018-12-10T00:00:00,GHCND:USW00024160,1
632,",,N,",PRCP,2018-12-11T00:00:00,GHCND:US1WAWW0009,0
633,",,7,0900",PRCP,2018-12-11T00:00:00,GHCND:USC00355593,3
634,",,7,0900",TMAX,2018-12-11T00:00:00,GHCND:USC00355593,83
635,",,7,0900",TMIN,2018-12-11T00:00:00,GHCND:USC00355593,-28
636,",,7,0900",TOBS,2018-12-11T00:00:00,GHCND:USC00355593,72
637,",,7,1700",PRCP,2018-12-11T00:00:00,GHCND:USC00454679,23
638,"T,,7,",SNOW,2018-12-11T00:00:00,GHCND:USC00454679,0
639,"T,,7,1700",SNWD,2018-12-11T00:00:00,GHCND:USC00454679,0
640,",,7,1700",TMAX,2018-12-11T00:00:00,GHCND:USC00454679,50
641,",,7,1700",TMIN,2018-12-11T00:00:00,GHCND:USC00454679,-22
642,",,7,1700",TOBS,2018-12-11T00:00:00,GHCND:USC00454679,50
643,",,7,0800",PRCP,2018-12-11T00:00:00,GHCND:USC00455387,0
644,",,H,0400",PRCP,2018-12-11T00:00:00,GHCND:USC00458932,8
645,",,H,",SNOW,2018-12-11T00:00:00,GHCND:USC00458932,0
646,",,H,0400",SNWD,2018-12-11T00:00:00,GHCND:USC00458932,0
647,",,H,0800",PRCP,2018-12-11T00:00:00,GHCND:USC00459200,0
648,",,H,0800",TMAX,2018-12-11T00:00:00,GHCND:USC00459200,44
649,",,H,0800",TMIN,2018-12-11T00:00:00,GHCND:USC00459200,-72
650,",,H,0800",TOBS,2018-12-11T00:00:00,GHCND:USC00459200,-22
651,",,W,",AWND,2018-12-11T00:00:00,GHCND:USW00024160,76
652,",,W,",PRCP,2018-12-11T00:00:00,GHCND:USW00024160,66
653,",,W,",SNOW,2018-12-11T00:00:00,GHCND:USW00024160,0
654,",,W,",SNWD,2018-12-11T00:00:00,GHCND:USW00024160,0
655,",,W,",TMAX,2018-12-11T00:00:00,GHCND:USW00024160,128
656,",,W,",TMIN,2018-12-11T00:00:00,GHCND:USW00024160,-21
657,",,W,",WDF2,2018-12-11T00:00:00,GHCND:USW00024160,180
658,",,W,",WDF5,2018-12-11T00:00:00,GHCND:USW00024160,180
659,",,W,",WSF2,2018-12-11T00:00:00,GHCND:USW00024160,161
660,",,W,",WSF5,2018-12-11T00:00:00,GHCND:USW00024160,201
661,",,W,",WT01,2018-12-11T00:00:00,GHCND:USW00024160,1
662,",,W,",WT02,2018-12-11T00:00:00,GHCND:USW00024160,1
663,",,N,",PRCP,2018-12-12T00:00:00,GHCND:US1WAWW0009,20
664,",,7,0900",PRCP,2018-12-12T00:00:00,GHCND:USC00355593,76
665,",,7,0900",TMAX,2018-12-12T00:00:00,GHCND:USC00355593,111
666,",,7,0900",TMIN,2018-12-12T00:00:00,GHCND:USC00355593,44
667,",,7,0900",TOBS,2018-12-12T00:00:00,GHCND:USC00355593,56
668,",,7,1700",PRCP,2018-12-12T00:00:00,GHCND:USC00454679,3
669,",,7,",SNOW,2018-12-12T00:00:00,GHCND:USC00454679,0
670,",,7,1700",SNWD,2018-12-12T00:00:00,GHCND:USC00454679,0
671,",,7,1700",TMAX,2018-12-12T00:00:00,GHCND:USC00454679,72
672,",,7,1700",TMIN,2018-12-12T00:00:00,GHCND:USC00454679,0
673,",,7,1700",TOBS,2018-12-12T00:00:00,GHCND:USC00454679,33
674,",,7,0800",PRCP,2018-12-12T00:00:00,GHCND:USC00455387,79
675,",,H,0400",PRCP,2018-12-12T00:00:00,GHCND:USC00458932,89
676,",,H,",SNOW,2018-12-12T00:00:00,GHCND:USC00458932,0
677,",,H,0400",SNWD,2018-12-12T00:00:00,GHCND:USC00458932,0
678,",,H,0800",PRCP,2018-12-12T00:00:00,GHCND:USC00459200,25
679,",,H,0800",TMAX,2018-12-12T00:00:00,GHCND:USC00459200,111
680,",,H,0800",TMIN,2018-12-12T00:00:00,GHCND:USC00459200,-22
681,",,H,0800",TOBS,2018-12-12T00:00:00,GHCND:USC00459200,44
682,",,W,",AWND,2018-12-12T00:00:00,GHCND:USW00024160,64
683,",,W,",PRCP,2018-12-12T00:00:00,GHCND:USW00024160,0
684,",,W,",SNOW,2018-12-12T00:00:00,GHCND:USW00024160,0
685,",,W,",SNWD,2018-12-12T00:00:00,GHCND:USW00024160,0
686,",,W,",TMAX,2018-12-12T00:00:00,GHCND:USW00024160,78
687,",,W,",TMIN,2018-12-12T00:00:00,GHCND:USW00024160,39
688,",,W,",WDF2,2018-12-12T00:00:00,GHCND:USW00024160,220
689,",,W,",WDF5,2018-12-12T00:00:00,GHCND:USW00024160,220
690,",,W,",WSF2,2018-12-12T00:00:00,GHCND:USW00024160,130
691,",,W,",WSF5,2018-12-12T00:00:00,GHCND:USW00024160,148
692,",,N,",PRCP,2018-12-13T00:00:00,GHCND:US1WAWW0006,10
693,",,N,",PRCP,2018-12-13T00:00:00,GHCND:US1WAWW0009,5
694,",,7,0900",PRCP,2018-12-13T00:00:00,GHCND:USC00355593,8
695,",,7,0900",TMAX,2018-12-13T00:00:00,GHCND:USC00355593,122
696,",,7,0900",TMIN,2018-12-13T00:00:00,GHCND:USC00355593,39
697,",,7,0900",TOBS,2018-12-13T00:00:00,GHCND:USC00355593,94
698,",,7,1700",PRCP,2018-12-13T00:00:00,GHCND:USC00454679,10
699,",,7,",SNOW,2018-12-13T00:00:00,GHCND:USC00454679,0
700,",,7,1700",TMAX,2018-12-13T00:00:00,GHCND:USC00454679,83
701,",,7,1700",TMIN,2018-12-13T00:00:00,GHCND:USC00454679,22
702,",,7,1700",TOBS,2018-12-13T00:00:00,GHCND:USC00454679,61
703,",,7,0800",PRCP,2018-12-13T00:00:00,GHCND:USC00455387,13
704,",,H,0800",PRCP,2018-12-13T00:00:00,GHCND:USC00459200,13
705,",,H,0800",TMAX,2018-12-13T00:00:00,GHCND:USC00459200,83
706,",,H,0800",TMIN,2018-12-13T00:00:00,GHCND:USC00459200,28
707,",,H,0800",TOBS,2018-12-13T00:00:00,GHCND:USC00459200,61
708,",,W,",AWND,2018-12-13T00:00:00,GHCND:USW00024160,77
709,",,W,",PRCP,2018-12-13T00:00:00,GHCND:USW00024160,5
710,",,W,",SNOW,2018-12-13T00:00:00,GHCND:USW00024160,0
711,",,W,",SNWD,2018-12-13T00:00:00,GHCND:USW00024160,0
712,",,W,",TMAX,2018-12-13T00:00:00,GHCND:USW00024160,150
713,",,W,",TMIN,2018-12-13T00:00:00,GHCND:USW00024160,61
714,",,W,",WDF2,2018-12-13T00:00:00,GHCND:USW00024160,160
715,",,W,",WDF5,2018-12-13T00:00:00,GHCND:USW00024160,160
716,",,W,",WSF2,2018-12-13T00:00:00,GHCND:USW00024160,143
717,",,W,",WSF5,2018-12-13T00:00:00,GHCND:USW00024160,192
718,",,W,",WT08,2018-12-13T00:00:00,GHCND:USW00024160,1
719,",,N,",PRCP,2018-12-14T00:00:00,GHCND:US1WAWW0009,0
720,",,7,0900",PRCP,2018-12-14T00:00:00,GHCND:USC00355593,0
721,",,7,0900",TMAX,2018-12-14T00:00:00,GHCND:USC00355593,128
722,",,7,0900",TMIN,2018-12-14T00:00:00,GHCND:USC00355593,89
723,",,7,0900",TOBS,2018-12-14T00:00:00,GHCND:USC00355593,106
724,",,7,1700",PRCP,2018-12-14T00:00:00,GHCND:USC00454679,0
725,",,7,",SNOW,2018-12-14T00:00:00,GHCND:USC00454679,0
726,",,7,1700",TMAX,2018-12-14T00:00:00,GHCND:USC00454679,72
727,",,7,1700",TMIN,2018-12-14T00:00:00,GHCND:USC00454679,17
728,",,7,1700",TOBS,2018-12-14T00:00:00,GHCND:USC00454679,67
729,",,7,0800",PRCP,2018-12-14T00:00:00,GHCND:USC00455387,0
730,",,H,0800",PRCP,2018-12-14T00:00:00,GHCND:USC00459200,0
731,",,H,0800",TMAX,2018-12-14T00:00:00,GHCND:USC00459200,128
732,",,H,0800",TMIN,2018-12-14T00:00:00,GHCND:USC00459200,33
733,",,H,0800",TOBS,2018-12-14T00:00:00,GHCND:USC00459200,106
734,",,W,",AWND,2018-12-14T00:00:00,GHCND:USW00024160,87
735,"T,,W,",PRCP,2018-12-14T00:00:00,GHCND:USW00024160,0
736,",,W,",SNOW,2018-12-14T00:00:00,GHCND:USW00024160,0
737,",,W,",SNWD,2018-12-14T00:00:00,GHCND:USW00024160,0
738,",,W,",TMAX,2018-12-14T00:00:00,GHCND:USW00024160,167
739,",,W,",TMIN,2018-12-14T00:00:00,GHCND:USW00024160,67
740,",,W,",WDF2,2018-12-14T00:00:00,GHCND:USW00024160,160
741,",,W,",WDF5,2018-12-14T00:00:00,GHCND:USW00024160,150
742,",,W,",WSF2,2018-12-14T00:00:00,GHCND:USW00024160,161
743,",,W,",WSF5,2018-12-14T00:00:00,GHCND:USW00024160,206
744,",,N,",PRCP,2018-12-15T00:00:00,GHCND:US1WAWW0009,3
745,",,7,0900",PRCP,2018-12-15T00:00:00,GHCND:USC00355593,0
746,",,7,0900",TMAX,2018-12-15T00:00:00,GHCND:USC00355593,128
747,",,7,0900",TMIN,2018-12-15T00:00:00,GHCND:USC00355593,44
748,",,7,1700",PRCP,2018-12-15T00:00:00,GHCND:USC00454679,0
749,",,7,",SNOW,2018-12-15T00:00:00,GHCND:USC00454679,0
750,",,7,1700",TMAX,2018-12-15T00:00:00,GHCND:USC00454679,72
751,",,7,1700",TMIN,2018-12-15T00:00:00,GHCND:USC00454679,11
752,",,7,1700",TOBS,2018-12-15T00:00:00,GHCND:USC00454679,50
753,",,H,0800",PRCP,2018-12-15T00:00:00,GHCND:USC00459200,0
754,",,H,0800",TMAX,2018-12-15T00:00:00,GHCND:USC00459200,139
755,",,H,0800",TMIN,2018-12-15T00:00:00,GHCND:USC00459200,28
756,",,H,0800",TOBS,2018-12-15T00:00:00,GHCND:USC00459200,50
757,",,W,",AWND,2018-12-15T00:00:00,GHCND:USW00024160,36
758,",,W,",PRCP,2018-12-15T00:00:00,GHCND:USW00024160,0
759,",,W,",SNOW,2018-12-15T00:00:00,GHCND:USW00024160,0
760,",,W,",SNWD,2018-12-15T00:00:00,GHCND:USW00024160,0
761,",,W,",TMAX,2018-12-15T00:00:00,GHCND:USW00024160,111
762,",,W,",TMIN,2018-12-15T00:00:00,GHCND:USW00024160,39
763,",,W,",WDF2,2018-12-15T00:00:00,GHCND:USW00024160,200
764,",,W,",WDF5,2018-12-15T00:00:00,GHCND:USW00024160,220
765,",,W,",WSF2,2018-12-15T00:00:00,GHCND:USW00024160,67
766,",,W,",WSF5,2018-12-15T00:00:00,GHCND:USW00024160,85
767,",,N,",PRCP,2018-12-16T00:00:00,GHCND:US1WAWW0005,5
768,",,N,",PRCP,2018-12-16T00:00:00,GHCND:US1WAWW0014,5
769,",,7,0900",PRCP,2018-12-16T00:00:00,GHCND:USC00355593,0
770,",,7,0900",TMAX,2018-12-16T00:00:00,GHCND:USC00355593,133
771,",,7,0900",TMIN,2018-12-16T00:00:00,GHCND:USC00355593,28
772,",,7,1700",PRCP,2018-12-16T00:00:00,GHCND:USC00454679,48
773,",,7,",SNOW,2018-12-16T00:00:00,GHCND:USC00454679,0
774,",,7,1700",TMAX,2018-12-16T00:00:00,GHCND:USC00454679,72
775,",,7,1700",TMIN,2018-12-16T00:00:00,GHCND:USC00454679,22
776,",,7,1700",TOBS,2018-12-16T00:00:00,GHCND:USC00454679,67
777,",,H,0400",PRCP,2018-12-16T00:00:00,GHCND:USC00458932,13
778,",,H,",SNOW,2018-12-16T00:00:00,GHCND:USC00458932,0
779,",,H,0400",SNWD,2018-12-16T00:00:00,GHCND:USC00458932,0
780,",,W,",AWND,2018-12-16T00:00:00,GHCND:USW00024160,58
781,",,W,",PRCP,2018-12-16T00:00:00,GHCND:USW00024160,20
782,",,W,",SNOW,2018-12-16T00:00:00,GHCND:USW00024160,0
783,",,W,",SNWD,2018-12-16T00:00:00,GHCND:USW00024160,0
784,",,W,",TMAX,2018-12-16T00:00:00,GHCND:USW00024160,161
785,",,W,",TMIN,2018-12-16T00:00:00,GHCND:USW00024160,33
786,",,W,",WDF2,2018-12-16T00:00:00,GHCND:USW00024160,150
787,",,W,",WDF5,2018-12-16T00:00:00,GHCND:USW00024160,150
788,",,W,",WSF2,2018-12-16T00:00:00,GHCND:USW00024160,143
789,",,W,",WSF5,2018-12-16T00:00:00,GHCND:USW00024160,188
790,",,N,",PRCP,2018-12-17T00:00:00,GHCND:US1WAWW0005,8
791,",,N,",PRCP,2018-12-17T00:00:00,GHCND:US1WAWW0014,28
792,",,7,0900",PRCP,2018-12-17T00:00:00,GHCND:USC00355593,71
793,",,7,0900",TMAX,2018-12-17T00:00:00,GHCND:USC00355593,144
794,",,7,0900",TMIN,2018-12-17T00:00:00,GHCND:USC00355593,50
795,",,7,0900",TOBS,2018-12-17T00:00:00,GHCND:USC00355593,83
796,",,7,1700",PRCP,2018-12-17T00:00:00,GHCND:USC00454679,18
797,",,7,",SNOW,2018-12-17T00:00:00,GHCND:USC00454679,0
798,",,7,1700",SNWD,2018-12-17T00:00:00,GHCND:USC00454679,0
799,",,7,1700",TMAX,2018-12-17T00:00:00,GHCND:USC00454679,100
800,",,7,1700",TMIN,2018-12-17T00:00:00,GHCND:USC00454679,28
801,",,7,1700",TOBS,2018-12-17T00:00:00,GHCND:USC00454679,67
802,",,7,0800",PRCP,2018-12-17T00:00:00,GHCND:USC00455387,33
803,",,H,0400",PRCP,2018-12-17T00:00:00,GHCND:USC00458932,20
804,",,H,",SNOW,2018-12-17T00:00:00,GHCND:USC00458932,0
805,",,H,0400",SNWD,2018-12-17T00:00:00,GHCND:USC00458932,0
806,",,H,0800",TMAX,2018-12-17T00:00:00,GHCND:USC00459200,139
807,",,H,0800",TMIN,2018-12-17T00:00:00,GHCND:USC00459200,11
808,",,H,0800",TOBS,2018-12-17T00:00:00,GHCND:USC00459200,50
809,",,W,",AWND,2018-12-17T00:00:00,GHCND:USW00024160,36
810,",,W,",PRCP,2018-12-17T00:00:00,GHCND:USW00024160,25
811,",,W,",SNOW,2018-12-17T00:00:00,GHCND:USW00024160,0
812,",,W,",SNWD,2018-12-17T00:00:00,GHCND:USW00024160,0
813,",,W,",TMAX,2018-12-17T00:00:00,GHCND:USW00024160,133
814,",,W,",TMIN,2018-12-17T00:00:00,GHCND:USW00024160,72
815,",,W,",WDF2,2018-12-17T00:00:00,GHCND:USW00024160,180
816,",,W,",WDF5,2018-12-17T00:00:00,GHCND:USW00024160,180
817,",,W,",WSF2,2018-12-17T00:00:00,GHCND:USW00024160,103
818,",,W,",WSF5,2018-12-17T00:00:00,GHCND:USW00024160,130
819,",,N,",PRCP,2018-12-18T00:00:00,GHCND:US1WAWW0005,3
820,",,N,",PRCP,2018-12-18T00:00:00,GHCND:US1WAWW0009,15
821,",,7,0900",PRCP,2018-12-18T00:00:00,GHCND:USC00355593,64
822,",,7,0900",TMAX,2018-12-18T00:00:00,GHCND:USC00355593,144
823,",,7,0900",TMIN,2018-12-18T00:00:00,GHCND:USC00355593,83
824,",,7,0900",TOBS,2018-12-18T00:00:00,GHCND:USC00355593,122
825,",,7,1700",PRCP,2018-12-18T00:00:00,GHCND:USC00454679,109
826,",,7,",SNOW,2018-12-18T00:00:00,GHCND:USC00454679,0
827,",,7,1700",TMAX,2018-12-18T00:00:00,GHCND:USC00454679,106
828,",,7,1700",TMIN,2018-12-18T00:00:00,GHCND:USC00454679,56
829,",,7,1700",TOBS,2018-12-18T00:00:00,GHCND:USC00454679,89
830,",,7,0800",PRCP,2018-12-18T00:00:00,GHCND:USC00455387,112
831,",,H,0400",PRCP,2018-12-18T00:00:00,GHCND:USC00458932,84
832,",,H,",SNOW,2018-12-18T00:00:00,GHCND:USC00458932,0
833,",,H,0400",SNWD,2018-12-18T00:00:00,GHCND:USC00458932,0
834,",,H,0800",PRCP,2018-12-18T00:00:00,GHCND:USC00459200,20
835,",,H,0800",TMAX,2018-12-18T00:00:00,GHCND:USC00459200,144
836,",,H,0800",TMIN,2018-12-18T00:00:00,GHCND:USC00459200,50
837,",,H,0800",TOBS,2018-12-18T00:00:00,GHCND:USC00459200,122
838,",,W,",AWND,2018-12-18T00:00:00,GHCND:USW00024160,85
839,",,W,",PRCP,2018-12-18T00:00:00,GHCND:USW00024160,132
840,",,W,",SNOW,2018-12-18T00:00:00,GHCND:USW00024160,0
841,",,W,",SNWD,2018-12-18T00:00:00,GHCND:USW00024160,0
842,",,W,",TMAX,2018-12-18T00:00:00,GHCND:USW00024160,139
843,",,W,",TMIN,2018-12-18T00:00:00,GHCND:USW00024160,78
844,",,W,",WDF2,2018-12-18T00:00:00,GHCND:USW00024160,180
845,",,W,",WDF5,2018-12-18T00:00:00,GHCND:USW00024160,180
846,",,W,",WSF2,2018-12-18T00:00:00,GHCND:USW00024160,143
847,",,W,",WSF5,2018-12-18T00:00:00,GHCND:USW00024160,188
848,",,N,",PRCP,2018-12-19T00:00:00,GHCND:US1WAWW0005,8
849,",,N,",PRCP,2018-12-19T00:00:00,GHCND:US1WAWW0009,10
850,",,7,0900",PRCP,2018-12-19T00:00:00,GHCND:USC00355593,0
851,",,7,0900",TMAX,2018-12-19T00:00:00,GHCND:USC00355593,122
852,",,7,0900",TMIN,2018-12-19T00:00:00,GHCND:USC00355593,67
853,",,7,0900",TOBS,2018-12-19T00:00:00,GHCND:USC00355593,89
854,",,7,1700",PRCP,2018-12-19T00:00:00,GHCND:USC00454679,0
855,",,7,",SNOW,2018-12-19T00:00:00,GHCND:USC00454679,0
856,",,7,1700",TMAX,2018-12-19T00:00:00,GHCND:USC00454679,89
857,",,7,1700",TMIN,2018-12-19T00:00:00,GHCND:USC00454679,22
858,",,7,1700",TOBS,2018-12-19T00:00:00,GHCND:USC00454679,61
859,",,7,0800",PRCP,2018-12-19T00:00:00,GHCND:USC00455387,38
860,",,H,0400",PRCP,2018-12-19T00:00:00,GHCND:USC00458932,69
861,",,H,",SNOW,2018-12-19T00:00:00,GHCND:USC00458932,0
862,",,H,0400",SNWD,2018-12-19T00:00:00,GHCND:USC00458932,0
863,",,H,0800",PRCP,2018-12-19T00:00:00,GHCND:USC00459200,5
864,",,H,0800",TMAX,2018-12-19T00:00:00,GHCND:USC00459200,128
865,",,H,0800",TMIN,2018-12-19T00:00:00,GHCND:USC00459200,44
866,",,H,0800",TOBS,2018-12-19T00:00:00,GHCND:USC00459200,72
867,",,W,",AWND,2018-12-19T00:00:00,GHCND:USW00024160,40
868,"T,,W,",PRCP,2018-12-19T00:00:00,GHCND:USW00024160,0
869,",,W,",SNOW,2018-12-19T00:00:00,GHCND:USW00024160,0
870,",,W,",SNWD,2018-12-19T00:00:00,GHCND:USW00024160,0
871,",,W,",TMAX,2018-12-19T00:00:00,GHCND:USW00024160,117
872,",,W,",TMIN,2018-12-19T00:00:00,GHCND:USW00024160,67
873,",,W,",WDF2,2018-12-19T00:00:00,GHCND:USW00024160,200
874,",,W,",WDF5,2018-12-19T00:00:00,GHCND:USW00024160,200
875,",,W,",WSF2,2018-12-19T00:00:00,GHCND:USW00024160,89
876,",,W,",WSF5,2018-12-19T00:00:00,GHCND:USW00024160,107
877,",,N,",PRCP,2018-12-20T00:00:00,GHCND:US1WAWW0009,0
878,",,7,0900",PRCP,2018-12-20T00:00:00,GHCND:USC00355593,0
879,",,7,0900",TMAX,2018-12-20T00:00:00,GHCND:USC00355593,150
880,",,7,0900",TMIN,2018-12-20T00:00:00,GHCND:USC00355593,61
881,",,7,0900",TOBS,2018-12-20T00:00:00,GHCND:USC00355593,133
882,",,7,1700",PRCP,2018-12-20T00:00:00,GHCND:USC00454679,5
883,",,7,",SNOW,2018-12-20T00:00:00,GHCND:USC00454679,0
884,",,7,1700",TMAX,2018-12-20T00:00:00,GHCND:USC00454679,100
885,",,7,1700",TMIN,2018-12-20T00:00:00,GHCND:USC00454679,39
886,",,7,1700",TOBS,2018-12-20T00:00:00,GHCND:USC00454679,89
887,",,7,0800",PRCP,2018-12-20T00:00:00,GHCND:USC00455387,0
888,",,H,0800",PRCP,2018-12-20T00:00:00,GHCND:USC00459200,0
889,",,H,0800",TMAX,2018-12-20T00:00:00,GHCND:USC00459200,106
890,",,H,0800",TMIN,2018-12-20T00:00:00,GHCND:USC00459200,39
891,",,H,0800",TOBS,2018-12-20T00:00:00,GHCND:USC00459200,39
892,",,W,",AWND,2018-12-20T00:00:00,GHCND:USW00024160,71
893,",,W,",PRCP,2018-12-20T00:00:00,GHCND:USW00024160,25
894,",,W,",SNOW,2018-12-20T00:00:00,GHCND:USW00024160,0
895,",,W,",SNWD,2018-12-20T00:00:00,GHCND:USW00024160,0
896,",,W,",TMAX,2018-12-20T00:00:00,GHCND:USW00024160,172
897,",,W,",TMIN,2018-12-20T00:00:00,GHCND:USW00024160,72
898,",,W,",WDF2,2018-12-20T00:00:00,GHCND:USW00024160,230
899,",,W,",WDF5,2018-12-20T00:00:00,GHCND:USW00024160,200
900,",,W,",WSF2,2018-12-20T00:00:00,GHCND:USW00024160,165
901,",,W,",WSF5,2018-12-20T00:00:00,GHCND:USW00024160,206
902,",,N,",PRCP,2018-12-21T00:00:00,GHCND:US1WAWW0006,23
903,",,N,",PRCP,2018-12-21T00:00:00,GHCND:US1WAWW0009,0
904,",,N,",PRCP,2018-12-21T00:00:00,GHCND:US1WAWW0014,28
905,",,7,0900",PRCP,2018-12-21T00:00:00,GHCND:USC00355593,18
906,",,7,0900",TMAX,2018-12-21T00:00:00,GHCND:USC00355593,150
907,",,7,0900",TMIN,2018-12-21T00:00:00,GHCND:USC00355593,28
908,",,7,0900",TOBS,2018-12-21T00:00:00,GHCND:USC00355593,44
909,",,7,1700",PRCP,2018-12-21T00:00:00,GHCND:USC00454679,0
910,",,7,",SNOW,2018-12-21T00:00:00,GHCND:USC00454679,0
911,",,7,1700",TMAX,2018-12-21T00:00:00,GHCND:USC00454679,89
912,",,7,1700",TMIN,2018-12-21T00:00:00,GHCND:USC00454679,-6
913,",,7,1700",TOBS,2018-12-21T00:00:00,GHCND:USC00454679,28
914,",,7,0800",PRCP,2018-12-21T00:00:00,GHCND:USC00455387,25
915,",,H,0800",PRCP,2018-12-21T00:00:00,GHCND:USC00459200,0
916,",,H,0800",TMAX,2018-12-21T00:00:00,GHCND:USC00459200,156
917,",,H,0800",TMIN,2018-12-21T00:00:00,GHCND:USC00459200,22
918,",,H,0800",TOBS,2018-12-21T00:00:00,GHCND:USC00459200,39
919,",,W,",AWND,2018-12-21T00:00:00,GHCND:USW00024160,56
920,",,W,",PRCP,2018-12-21T00:00:00,GHCND:USW00024160,0
921,",,W,",SNOW,2018-12-21T00:00:00,GHCND:USW00024160,0
922,",,W,",SNWD,2018-12-21T00:00:00,GHCND:USW00024160,0
923,",,W,",TMAX,2018-12-21T00:00:00,GHCND:USW00024160,72
924,",,W,",TMIN,2018-12-21T00:00:00,GHCND:USW00024160,17
925,",,W,",WDF2,2018-12-21T00:00:00,GHCND:USW00024160,230
926,",,W,",WDF5,2018-12-21T00:00:00,GHCND:USW00024160,230
927,",,W,",WSF2,2018-12-21T00:00:00,GHCND:USW00024160,130
928,",,W,",WSF5,2018-12-21T00:00:00,GHCND:USW00024160,157
929,",,N,",PRCP,2018-12-22T00:00:00,GHCND:US1WAWW0009,0
930,",,N,",PRCP,2018-12-22T00:00:00,GHCND:US1WAWW0014,0
931,",,7,0900",PRCP,2018-12-22T00:00:00,GHCND:USC00355593,0
932,",,7,0900",TMAX,2018-12-22T00:00:00,GHCND:USC00355593,83
933,",,7,0900",TMIN,2018-12-22T00:00:00,GHCND:USC00355593,11
934,",,7,1700",PRCP,2018-12-22T00:00:00,GHCND:USC00454679,0
935,",,7,",SNOW,2018-12-22T00:00:00,GHCND:USC00454679,0
936,",,7,1700",TMAX,2018-12-22T00:00:00,GHCND:USC00454679,33
937,",,7,1700",TMIN,2018-12-22T00:00:00,GHCND:USC00454679,-50
938,",,7,1700",TOBS,2018-12-22T00:00:00,GHCND:USC00454679,22
939,",,7,0800",PRCP,2018-12-22T00:00:00,GHCND:USC00455387,0
940,",,W,",AWND,2018-12-22T00:00:00,GHCND:USW00024160,25
941,"T,,W,",PRCP,2018-12-22T00:00:00,GHCND:USW00024160,0
942,",,W,",SNOW,2018-12-22T00:00:00,GHCND:USW00024160,0
943,",,W,",SNWD,2018-12-22T00:00:00,GHCND:USW00024160,0
944,",,W,",TMAX,2018-12-22T00:00:00,GHCND:USW00024160,89
945,",,W,",TMIN,2018-12-22T00:00:00,GHCND:USW00024160,-5
946,",,W,",WDF2,2018-12-22T00:00:00,GHCND:USW00024160,140
947,",,W,",WDF5,2018-12-22T00:00:00,GHCND:USW00024160,140
948,",,W,",WSF2,2018-12-22T00:00:00,GHCND:USW00024160,67
949,",,W,",WSF5,2018-12-22T00:00:00,GHCND:USW00024160,81
950,",,N,",PRCP,2018-12-23T00:00:00,GHCND:US1WAWW0009,3
951,",,7,0900",PRCP,2018-12-23T00:00:00,GHCND:USC00355593,0
952,",,7,0900",TMAX,2018-12-23T00:00:00,GHCND:USC00355593,89
953,",,7,0900",TMIN,2018-12-23T00:00:00,GHCND:USC00355593,6
954,",,7,1700",PRCP,2018-12-23T00:00:00,GHCND:USC00454679,30
955,",,7,",SNOW,2018-12-23T00:00:00,GHCND:USC00454679,20
956,"T,,7,1700",SNWD,2018-12-23T00:00:00,GHCND:USC00454679,0
957,",,7,1700",TMAX,2018-12-23T00:00:00,GHCND:USC00454679,39
958,",,7,1700",TMIN,2018-12-23T00:00:00,GHCND:USC00454679,0
959,",,7,1700",TOBS,2018-12-23T00:00:00,GHCND:USC00454679,22
960,",,7,0800",PRCP,2018-12-23T00:00:00,GHCND:USC00455387,0
961,",,H,0400",SNWD,2018-12-23T00:00:00,GHCND:USC00458932,0
962,",,W,",AWND,2018-12-23T00:00:00,GHCND:USW00024160,60
963,",,W,",PRCP,2018-12-23T00:00:00,GHCND:USW00024160,58
964,",,W,",SNOW,2018-12-23T00:00:00,GHCND:USW00024160,0
965,",,W,",SNWD,2018-12-23T00:00:00,GHCND:USW00024160,0
966,",,W,",TMAX,2018-12-23T00:00:00,GHCND:USW00024160,100
967,",,W,",TMIN,2018-12-23T00:00:00,GHCND:USW00024160,11
968,",,W,",WDF2,2018-12-23T00:00:00,GHCND:USW00024160,190
969,",,W,",WDF5,2018-12-23T00:00:00,GHCND:USW00024160,180
970,",,W,",WSF2,2018-12-23T00:00:00,GHCND:USW00024160,116
971,",,W,",WSF5,2018-12-23T00:00:00,GHCND:USW00024160,143
972,",,N,",PRCP,2018-12-24T00:00:00,GHCND:US1WAWW0009,48
973,",,7,0900",PRCP,2018-12-24T00:00:00,GHCND:USC00355593,91
974,",,7,0900",TMAX,2018-12-24T00:00:00,GHCND:USC00355593,89
975,",,7,0900",TMIN,2018-12-24T00:00:00,GHCND:USC00355593,17
976,",,7,0900",TOBS,2018-12-24T00:00:00,GHCND:USC00355593,17
977,",,7,1700",PRCP,2018-12-24T00:00:00,GHCND:USC00454679,0
978,",,7,",SNOW,2018-12-24T00:00:00,GHCND:USC00454679,0
979,",,7,1700",TMAX,2018-12-24T00:00:00,GHCND:USC00454679,28
980,",,7,1700",TMIN,2018-12-24T00:00:00,GHCND:USC00454679,0
981,",,7,1700",TOBS,2018-12-24T00:00:00,GHCND:USC00454679,17
982,",,7,0800",PRCP,2018-12-24T00:00:00,GHCND:USC00455387,0
983,",,H,0400",PRCP,2018-12-24T00:00:00,GHCND:USC00458932,79
984,",,H,",SNOW,2018-12-24T00:00:00,GHCND:USC00458932,0
985,",,H,0400",SNWD,2018-12-24T00:00:00,GHCND:USC00458932,0
986,",,W,",AWND,2018-12-24T00:00:00,GHCND:USW00024160,16
987,",,W,",PRCP,2018-12-24T00:00:00,GHCND:USW00024160,25
988,",,W,",SNOW,2018-12-24T00:00:00,GHCND:USW00024160,0
989,",,W,",SNWD,2018-12-24T00:00:00,GHCND:USW00024160,0
990,",,W,",TMAX,2018-12-24T00:00:00,GHCND:USW00024160,61
991,",,W,",TMIN,2018-12-24T00:00:00,GHCND:USW00024160,28
992,",,W,",WDF2,2018-12-24T00:00:00,GHCND:USW00024160,180
993,",,W,",WDF5,2018-12-24T00:00:00,GHCND:USW00024160,170
994,",,W,",WSF2,2018-12-24T00:00:00,GHCND:USW00024160,58
995,",,W,",WSF5,2018-12-24T00:00:00,GHCND:USW00024160,67
996,",,W,",WT01,2018-12-24T00:00:00,GHCND:USW00024160,1
997,",,W,",WT02,2018-12-24T00:00:00,GHCND:USW00024160,1
998,",,N,",PRCP,2018-12-25T00:00:00,GHCND:US1WAWW0009,13
999,",,7,0900",PRCP,2018-12-25T00:00:00,GHCND:USC00355593,0
0,",,7,0900",TMAX,2018-12-25T00:00:00,GHCND:USC00355593,28
1,",,7,0900",TMIN,2018-12-25T00:00:00,GHCND:USC00355593,0
2,",,7,1700",PRCP,2018-12-25T00:00:00,GHCND:USC00454679,0
3,",,7,",SNOW,2018-12-25T00:00:00,GHCND:USC00454679,0
4,",,7,1700",TMAX,2018-12-25T00:00:00,GHCND:USC00454679,17
5,",,7,1700",TMIN,2018-12-25T00:00:00,GHCND:USC00454679,-17
6,",,7,1700",TOBS,2018-12-25T00:00:00,GHCND:USC00454679,11
7,",,7,0800",PRCP,2018-12-25T00:00:00,GHCND:USC00455387,0
8,",,W,",AWND,2018-12-25T00:00:00,GHCND:USW00024160,24
9,",,W,",PRCP,2018-12-25T00:00:00,GHCND:USW00024160,5
10,",,W,",SNWD,2018-12-25T00:00:00,GHCND:USW00024160,0
11,",,W,",TMAX,2018-12-25T00:00:00,GHCND:USW00024160,33
12,",,W,",TMIN,2018-12-25T00:00:00,GHCND:USW00024160,6
13,",,W,",WDF2,2018-12-25T00:00:00,GHCND:USW00024160,200
14,",,W,",WDF5,2018-12-25T00:00:00,GHCND:USW00024160,180
15,",,W,",WSF2,2018-12-25T00:00:00,GHCND:USW00024160,45
16,",,W,",WSF5,2018-12-25T00:00:00,GHCND:USW00024160,58
17,",,W,",WT01,2018-12-25T00:00:00,GHCND:USW00024160,1
18,",,N,",PRCP,2018-12-26T00:00:00,GHCND:US1WAWW0009,3
19,",,N,",PRCP,2018-12-26T00:00:00,GHCND:US1WAWW0014,5
20,",,7,0900",PRCP,2018-12-26T00:00:00,GHCND:USC00355593,0
21,",,7,0900",TMAX,2018-12-26T00:00:00,GHCND:USC00355593,61
22,",,7,0900",TMIN,2018-12-26T00:00:00,GHCND:USC00355593,17
23,",,7,0900",TOBS,2018-12-26T00:00:00,GHCND:USC00355593,33
24,",,7,1700",PRCP,2018-12-26T00:00:00,GHCND:USC00454679,20
25,",,7,",SNOW,2018-12-26T00:00:00,GHCND:USC00454679,25
26,",,7,1700",SNWD,2018-12-26T00:00:00,GHCND:USC00454679,25
27,",,7,1700",TMAX,2018-12-26T00:00:00,GHCND:USC00454679,17
28,",,7,1700",TMIN,2018-12-26T00:00:00,GHCND:USC00454679,0
29,",,7,1700",TOBS,2018-12-26T00:00:00,GHCND:USC00454679,0
30,",,7,0800",PRCP,2018-12-26T00:00:00,GHCND:USC00455387,145
31,",,H,0400",SNWD,2018-12-26T00:00:00,GHCND:USC00458932,0
32,",,W,",AWND,2018-12-26T00:00:00,GHCND:USW00024160,22
33,",,W,",PRCP,2018-12-26T00:00:00,GHCND:USW00024160,15
34,"T,,W,",SNOW,2018-12-26T00:00:00,GHCND:USW00024160,0
35,",,W,",SNWD,2018-12-26T00:00:00,GHCND:USW00024160,0
36,",,W,",TMAX,2018-12-26T00:00:00,GHCND:USW00024160,56
37,",,W,",TMIN,2018-12-26T00:00:00,GHCND:USW00024160,11
38,",,W,",WDF2,2018-12-26T00:00:00,GHCND:USW00024160,230
39,",,W,",WDF5,2018-12-26T00:00:00,GHCND:USW00024160,260
40,",,W,",WSF2,2018-12-26T00:00:00,GHCND:USW00024160,40
41,",,W,",WSF5,2018-12-26T00:00:00,GHCND:USW00024160,49
42,",,W,",WT01,2018-12-26T00:00:00,GHCND:USW00024160,1
43,",,N,",PRCP,2018-12-27T00:00:00,GHCND:US1WAWW0009,28
44,",,N,",PRCP,2018-12-27T00:00:00,GHCND:US1WAWW0014,20
45,",,7,0900",PRCP,2018-12-27T00:00:00,GHCND:USC00355593,30
46,",,7,0900",TMAX,2018-12-27T00:00:00,GHCND:USC00355593,44
47,",,7,0900",TMIN,2018-12-27T00:00:00,GHCND:USC00355593,6
48,",,7,0900",TOBS,2018-12-27T00:00:00,GHCND:USC00355593,6
49,",,7,1700",PRCP,2018-12-27T00:00:00,GHCND:USC00454679,8
50,",,7,",SNOW,2018-12-27T00:00:00,GHCND:USC00454679,8
51,",,7,1700",SNWD,2018-12-27T00:00:00,GHCND:USC00454679,25
52,",,7,1700",TMAX,2018-12-27T00:00:00,GHCND:USC00454679,22
53,",,7,1700",TMIN,2018-12-27T00:00:00,GHCND:USC00454679,-33
54,",,7,1700",TOBS,2018-12-27T00:00:00,GHCND:USC00454679,-22
55,",,7,0800",PRCP,2018-12-27T00:00:00,GHCND:USC00455387,20
56,",,W,",AWND,2018-12-27T00:00:00,GHCND:USW00024160,12
57,",,W,",PRCP,2018-12-27T00:00:00,GHCND:USW00024160,0
58,",,W,",SNOW,2018-12-27T00:00:00,GHCND:USW00024160,0
59,",,W,",SNWD,2018-12-27T00:00:00,GHCND:USW00024160,0
60,",,W,",TMAX,2018-12-27T00:00:00,GHCND:USW00024160,33
61,",,W,",TMIN,2018-12-27T00:00:00,GHCND:USW00024160,-5
62,",,W,",WDF2,2018-12-27T00:00:00,GHCND:USW00024160,240
63,",,W,",WDF5,2018-12-27T00:00:00,GHCND:USW00024160,250
64,",,W,",WSF2,2018-12-27T00:00:00,GHCND:USW00024160,31
65,",,W,",WSF5,2018-12-27T00:00:00,GHCND:USW00024160,40
66,",,W,",WT01,2018-12-27T00:00:00,GHCND:USW00024160,1
67,",,N,",PRCP,2018-12-28T00:00:00,GHCND:US1WAWW0009,0
68,",,7,0900",PRCP,2018-12-28T00:00:00,GHCND:USC00355593,0
69,",,7,0900",TMAX,2018-12-28T00:00:00,GHCND:USC00355593,44
70,",,7,0900",TMIN,2018-12-28T00:00:00,GHCND:USC00355593,-28
71,",,7,0900",TOBS,2018-12-28T00:00:00,GHCND:USC00355593,-17
72,",,7,1700",PRCP,2018-12-28T00:00:00,GHCND:USC00454679,3
73,",,7,",SNOW,2018-12-28T00:00:00,GHCND:USC00454679,3
74,",,7,1700",SNWD,2018-12-28T00:00:00,GHCND:USC00454679,25
75,",,7,1700",TMAX,2018-12-28T00:00:00,GHCND:USC00454679,0
76,",,7,1700",TMIN,2018-12-28T00:00:00,GHCND:USC00454679,-39
77,",,7,1700",TOBS,2018-12-28T00:00:00,GHCND:USC00454679,0
78,",,7,0800",PRCP,2018-12-28T00:00:00,GHCND:USC00455387,0
79,",,W,",AWND,2018-12-28T00:00:00,GHCND:USW00024160,25
80,",,W,",PRCP,2018-12-28T00:00:00,GHCND:USW00024160,61
81,",,W,",SNOW,2018-12-28T00:00:00,GHCND:USW00024160,0
82,",,W,",SNWD,2018-12-28T00:00:00,GHCND:USW00024160,0
83,",,W,",TMAX,2018-12-28T00:00:00,GHCND:USW00024160,61
84,",,W,",TMIN,2018-12-28T00:00:00,GHCND:USW00024160,-10
85,",,W,",WDF2,2018-12-28T00:00:00,GHCND:USW00024160,170
86,",,W,",WDF5,2018-12-28T00:00:00,GHCND:USW00024160,190
87,",,W,",WSF2,2018-12-28T00:00:00,GHCND:USW00024160,81
88,",,W,",WSF5,2018-12-28T00:00:00,GHCND:USW00024160,98
89,",,W,",WT01,2018-12-28T00:00:00,GHCND:USW00024160,1
90,",,W,",WT02,2018-12-28T00:00:00,GHCND:USW00024160,1
91,",,N,",PRCP,2018-12-29T00:00:00,GHCND:US1WAWW0009,36
92,",,N,",PRCP,2018-12-29T00:00:00,GHCND:US1WAWW0014,86
93,",,7,0900",PRCP,2018-12-29T00:00:00,GHCND:USC00355593,0
94,",,7,0900",TMAX,2018-12-29T00:00:00,GHCND:USC00355593,128
95,",,7,0900",TMIN,2018-12-29T00:00:00,GHCND:USC00355593,-17
96,",,7,1700",PRCP,2018-12-29T00:00:00,GHCND:USC00454679,58
97,",,7,",SNOW,2018-12-29T00:00:00,GHCND:USC00454679,13
98,",,7,1700",SNWD,2018-12-29T00:00:00,GHCND:USC00454679,0
99,",,7,1700",TMAX,2018-12-29T00:00:00,GHCND:USC00454679,94
100,",,7,1700",TMIN,2018-12-29T00:00:00,GHCND:USC00454679,0
101,",,7,1700",TOBS,2018-12-29T00:00:00,GHCND:USC00454679,89
102,",,W,",AWND,2018-12-29T00:00:00,GHCND:USW00024160,85
103,",,W,",PRCP,2018-12-29T00:00:00,GHCND:USW00024160,23
104,",,W,",SNOW,2018-12-29T00:00:00,GHCND:USW00024160,0
105,",,W,",SNWD,2018-12-29T00:00:00,GHCND:USW00024160,0
106,",,W,",TMAX,2018-12-29T00:00:00,GHCND:USW00024160,128
107,",,W,",TMIN,2018-12-29T00:00:00,GHCND:USW00024160,61
108,",,W,",WDF2,2018-12-29T00:00:00,GHCND:USW00024160,220
109,",,W,",WDF5,2018-12-29T00:00:00,GHCND:USW00024160,210
110,",,W,",WSF2,2018-12-29T00:00:00,GHCND:USW00024160,143
111,",,W,",WSF5,2018-12-29T00:00:00,GHCND:USW00024160,174
112,",,N,",PRCP,2018-12-30T00:00:00,GHCND:US1WAWW0009,0
113,",,N,",PRCP,2018-12-30T00:00:00,GHCND:US1WAWW0014,8
114,",,7,0900",PRCP,2018-12-30T00:00:00,GHCND:USC00355593,0
115,",,7,0900",TMAX,2018-12-30T00:00:00,GHCND:USC00355593,128
116,",,7,0900",TMIN,2018-12-30T00:00:00,GHCND:USC00355593,50
117,",,7,1700",PRCP,2018-12-30T00:00:00,GHCND:USC00454679,0
118,",,7,",SNOW,2018-12-30T00:00:00,GHCND:USC00454679,0
119,",,7,1700",TMAX,2018-12-30T00:00:00,GHCND:USC00454679,94
120,",,7,1700",TMIN,2018-12-30T00:00:00,GHCND:USC00454679,-6
121,",,7,1700",TOBS,2018-12-30T00:00:00,GHCND:USC00454679,28
122,",,H,0400",SNWD,2018-12-30T00:00:00,GHCND:USC00458932,0
123,",,W,",AWND,2018-12-30T00:00:00,GHCND:USW00024160,47
124,",,W,",PRCP,2018-12-30T00:00:00,GHCND:USW00024160,3
125,",,W,",SNOW,2018-12-30T00:00:00,GHCND:USW00024160,0
126,",,W,",SNWD,2018-12-30T00:00:00,GHCND:USW00024160,0
127,",,W,",TMAX,2018-12-30T00:00:00,GHCND:USW00024160,106
128,",,W,",TMIN,2018-12-30T00:00:00,GHCND:USW00024160,-5
129,",,W,",WDF2,2018-12-30T00:00:00,GHCND:USW00024160,230
130,",,W,",WDF5,2018-12-30T00:00:00,GHCND:USW00024160,230
131,",,W,",WSF2,2018-12-30T00:00:00,GHCND:USW00024160,139
132,",,W,",WSF5,2018-12-30T00:00:00,GHCND:USW00024160,161
133,",,N,",PRCP,2018-12-31T00:00:00,GHCND:US1WAWW0009,3
134,",,7,0900",PRCP,2018-12-31T00:00:00,GHCND:USC00355593,114
135,",,7,0900",TMAX,2018-12-31T00:00:00,GHCND:USC00355593,78
136,",,7,0900",TMIN,2018-12-31T00:00:00,GHCND:USC00355593,-28
137,",,7,0900",TOBS,2018-12-31T00:00:00,GHCND:USC00355593,0
138,",,7,1700",PRCP,2018-12-31T00:00:00,GHCND:USC00454679,0
139,",,7,",SNOW,2018-12-31T00:00:00,GHCND:USC00454679,0
140,",,7,1700",TMAX,2018-12-31T00:00:00,GHCND:USC00454679,39
141,",,7,1700",TMIN,2018-12-31T00:00:00,GHCND:USC00454679,-33
142,",,7,1700",TOBS,2018-12-31T00:00:00,GHCND:USC00454679,22
143,",,H,0400",PRCP,2018-12-31T00:00:00,GHCND:USC00458932,0
144,",,H,",SNOW,2018-12-31T00:00:00,GHCND:USC00458932,0
145,",,H,0400",SNWD,2018-12-31T00:00:00,GHCND:USC00458932,0
146,",,W,",AWND,2018-12-31T00:00:00,GHCND:USW00024160,20
147,",,W,",PRCP,2018-12-31T00:00:00,GHCND:USW00024160,0
148,",,W,",SNOW,2018-12-31T00:00:00,GHCND:USW00024160,0
149,",,W,",SNWD,2018-12-31T00:00:00,GHCND:USW00024160,0
150,",,W,",TMAX,2018-12-31T00:00:00,GHCND:USW00024160,28
151,",,W,",TMIN,2018-12-31T00:00:00,GHCND:USW00024160,-43
152,",,W,",WDF2,2018-12-31T00:00:00,GHCND:USW00024160,180
153,",,W,",WDF5,2018-12-31T00:00:00,GHCND:USW00024160,170
154,",,W,",WSF2,2018-12-31T00:00:00,GHCND:USW00024160,40
155,",,W,",WSF5,2018-12-31T00:00:00,GHCND:USW00024160,49
156,",,N,",PRCP,2019-01-01T00:00:00,GHCND:US1WAWW0009,0
157,",,7,1700",PRCP,2019-01-01T00:00:00,GHCND:USC00454679,0
158,",,7,",SNOW,2019-01-01T00:00:00,GHCND:USC00454679,0
159,",,7,1700",TMAX,2019-01-01T00:00:00,GHCND:USC00454679,22
160,",,7,1700",TMIN,2019-01-01T00:00:00,GHCND:USC00454679,-50
161,",,7,1700",TOBS,2019-01-01T00:00:00,GHCND:USC00454679,6
162,",,W,",AWND,2019-01-01T00:00:00,GHCND:USW00024160,19
163,",,W,",PRCP,2019-01-01T00:00:00,GHCND:USW00024160,0
164,",,W,",SNOW,2019-01-01T00:00:00,GHCND:USW00024160,0
165,",,W,",SNWD,2019-01-01T00:00:00,GHCND:USW00024160,0
166,",,W,",TMAX,2019-01-01T00:00:00,GHCND:USW00024160,56
167,",,W,",TMIN,2019-01-01T00:00:00,GHCND:USW00024160,-32
168,",,W,",WDF2,2019-01-01T00:00:00,GHCND:USW00024160,160
169,",,W,",WDF5,2019-01-01T00:00:00,GHCND:USW00024160,170
170,",,W,",WSF2,2019-01-01T00:00:00,GHCND:USW00024160,45
171,",,W,",WSF5,2019-01-01T00:00:00,GHCND:USW00024160,54
